28222 0
21109 0
12833 0
9302 0
22071 0
9083 0
7909 0
21612 0
23154 0
18849 0
26859 0
19477 0
21532 0
20246 0
1527 0
12114 0
24223 0
16916 0
11044 0
3311 0
10714 0
5440 0
8952 0
1929 0
14995 0
10746 0
25445 0
23296 0
15864 0
21735 0
24738 0
8495 0
10260 0
28609 0
25597 0
18490 0
2267 0
19859 0
437 0
24768 0
19060 0
26166 0
10250 0
18823 0
774 0
6082 0
5848 0
2980 0
24899 0
23913 0
6292 0
16054 0
3313 0
23715 0
8203 0
16447 0
24186 0
12531 0
28672 0
24483 0
6596 0
15938 0
25800 0
18044 0
3952 0
14719 0
20811 0
18023 0
8974 0
27675 0
21445 0
23740 0
27742 0
17614 0
19868 0
4549 0
25159 0
1329 0
27393 0
16565 0
1129 0
9449 0
2257 0
28261 0
16509 0
23791 0
16468 0
10759 0
21251 0
12475 0
2401 0
13132 0
22908 0
10402 0
6198 0
7961 0
24643 0
26784 0
8619 0
20009 0
12761 0
27548 0
1179 0
21231 0
14500 0
25883 0
23792 0
18901 0
17919 0
15031 0
12618 0
23664 0
6560 0
22457 0
12307 0
23357 0
11358 0
28672 0
16020 0
18932 0
6337 0
27298 0
2365 0
12782 0
14723 0
20418 0
4911 0
2187 0
20119 0
24002 0
22342 0
12505 0
22881 0
23660 0
18851 0
9221 0
8317 0
25855 0
3862 0
4206 0
23380 0
5012 0
3066 0
17927 0
26405 0
24774 0
21660 0
5040 0
19709 0
12826 0
10290 0
26229 0
2237 0
7910 0
4475 0
23807 0
7305 0
20642 0
20853 0
1523 0
1921 0
19302 0
22904 0
9536 0
2759 0
8652 0
429 0
26871 0
23600 0
16987 0
17014 0
17887 0
7098 0
16307 0
9883 0
23303 0
27161 0
19807 0
19488 0
17825 0
28226 0
5366 0
4413 0
18938 0
22463 0
20380 0
4535 0
26514 0
24 0
10560 0
19369 0
5568 0
15022 0
20808 0
14357 0
234 0
10263 0
2022 0
21486 0
4340 0
4293 0
14317 0
301 0
23501 0
5432 0
16079 0
17182 0
9831 0
14495 0
15737 0
5319 0
12103 0
26773 0
9214 0
6017 0
2105 0
13567 0
21699 0
6497 0
24479 0
13154 0
20475 0
19779 0
10215 0
2895 0
25494 0
16605 0
7308 0
1430 0
9152 0
12442 0
2223 0
132 0
14379 0
21570 0
8953 0
18872 0
11151 0
14650 0
5011 0
28608 0
16960 0
2794 0
26484 0
27808 0
9380 0
3847 0
12433 0
15274 0
16266 0
32 0
27330 0
6461 0
25411 0
9030 0
18909 0
16977 0
5485 0
22318 0
17106 0
6433 0
27656 0
252 0
21145 0
6267 0
11401 0
23822 0
3872 0
9626 0
25893 0
24485 0
1050 0
2748 0
24961 0
26299 0
26264 0
18394 0
15246 0
1373 0
17390 0
8704 0
27336 0
20083 0
13360 0
1182 0
27507 0
16037 0
13008 0
9292 0
1908 0
3364 0
2494 0
1673 0
26976 0
230 0
8888 0
1654 0
17233 0
12191 0
28672 0
28093 0
14752 0
11023 0
19658 0
26789 0
8946 0
20668 0
10943 0
18071 0
17778 0
9204 0
8245 0
10109 0
25509 0
18798 0
21915 0
1741 0
15930 0
20234 0
5025 0
26030 0
10864 0
1936 0
26651 0
8950 0
16415 0
2251 0
15728 0
13958 0
15428 0
5040 0
13664 0
17629 0
25322 0
17194 0
27499 0
23561 0
2421 0
26686 0
8697 0
16602 0
26657 0
10427 0
28619 0
2551 0
6230 0
8650 0
20713 0
27119 0
1556 0
3444 0
11007 0
70 0
19042 0
27111 0
14261 0
9834 0
9574 0
8868 0
6644 0
10743 0
8206 0
3475 0
16723 0
21098 0
22596 0
15082 0
7371 0
3668 0
16862 0
1827 0
10419 0
12342 0
25792 0
24210 0
11273 0
14101 0
1790 0
20292 0
18532 0
17662 0
28672 0
7982 0
587 0
3017 0
19761 0
18158 0
2310 0
8457 0
26571 0
23506 0
15534 0
14593 0
4198 0
854 0
4946 0
26605 0
18587 0
10682 0
27578 0
28124 0
22736 0
27727 0
10041 0
16177 0
248 0
28140 0
6613 0
23667 0
21007 0
20011 0
20872 0
2166 0
22850 0
26471 0
6119 0
400 0
13246 0
27087 0
25925 0
8238 0
1942 0
4824 0
3273 0
2681 0
13874 0
17856 0
23970 0
12729 0
6290 0
19222 0
1344 0
7847 0
19169 0
9319 0
16520 0
20239 0
8838 0
6443 0
23159 0
1831 0
17995 0
21398 0
3266 0
19730 0
23043 0
26894 0
10017 0
10547 0
25855 0
10262 0
13513 0
14501 0
6935 0
16318 0
5074 0
27764 0
22116 0
1927 0
17916 0
14283 0
4087 0
28672 0
7491 0
7850 0
11455 0
19056 0
8457 0
27706 0
27945 0
7980 0
20700 0
19801 0
25885 0
28672 0
27839 0
9016 0
7213 0
13809 0
18702 0
25086 0
13421 0
19630 0
28458 0
7503 0
20132 0
19312 0
19230 0
11243 0
16111 0
25996 0
22616 0
5236 0
11231 0
7307 0
13204 0
17974 0
23233 0
2558 0
5768 0
21325 0
19264 0
12578 0
7841 0
20159 0
7913 0
11238 0
7699 0
23434 0
10890 0
14433 0
21177 0
17339 0
11284 0
22021 0
2003 0
16889 0
28620 0
11405 0
9396 0
17337 0
20868 0
1032 0
10073 0
11801 0
28113 0
26910 0
1598 0
24892 0
2802 0
7882 0
26081 0
27731 0
22360 0
10751 0
3895 0
3498 0
12771 0
7566 0
20754 0
19860 0
1266 0
7961 0
21037 0
19841 0
10711 0
17657 0
2755 0
6065 0
10955 0
544 0
23683 0
7163 0
26061 0
5425 0
17914 0
11918 0
24888 0
21818 0
23642 0
15442 0
15659 0
15746 0
21507 0
2377 0
25262 0
15952 0
9450 0
14910 0
25616 0
11904 0
16850 0
1621 0
22380 0
2654 0
8064 0
10031 0
21868 0
9769 0
17839 0
18215 0
21898 0
23112 0
2204 0
7372 0
23776 0
17 0
9148 0
7109 0
23755 0
3437 0
20999 0
12582 0
17405 0
14791 0
15870 0
14919 0
3248 0
14817 0
1087 0
9940 0
25287 0
1951 0
17946 0
19381 0
1817 0
16395 0
3170 0
4593 0
15054 0
18268 0
9541 0
7873 0
13544 0
11958 0
20745 0
23307 0
20540 0
15088 0
1589 0
7546 0
26036 0
16885 0
19537 0
22598 0
20631 0
27397 0
23483 0
7700 0
9088 0
9027 0
13105 0
22152 0
1603 0
2101 0
19127 0
17852 0
6240 0
21851 0
21991 0
12779 0
27555 0
15449 0
6048 0
21171 0
11819 0
23378 0
11795 0
15211 0
23079 0
5334 0
2431 0
27681 0
2158 0
2666 0
7520 0
20643 0
18690 0
13088 0
8743 0
28003 0
14808 0
759 0
24608 0
14206 0
22236 0
6099 0
21322 0
15454 0
27489 0
26597 0
5348 0
2002 0
23849 0
12294 0
20083 0
19957 0
17802 0
20178 0
11149 0
3015 0
14843 0
17550 0
1925 0
4737 0
15486 0
9590 0
2243 0
12969 0
14256 0
17267 0
2682 0
26209 0
25359 0
17992 0
3013 0
7312 0
11178 0
5451 0
975 0
25341 0
19764 0
21923 0
24345 0
24837 0
25779 0
8834 0
4175 0
16226 0
7154 0
1823 0
90 0
11564 0
19364 0
11041 0
25863 0
8761 0
21085 0
9443 0
14102 0
15433 0
22965 0
28450 0
12765 0
18378 0
7879 0
17627 0
10399 0
8595 0
8537 0
6020 0
22807 0
26175 0
18897 0
5329 0
28672 0
15752 0
19246 0
23267 0
16464 0
15232 0
4268 0
26171 0
21668 0
10709 0
17964 0
22574 0
21001 0
27258 0
1609 0
22161 0
676 0
11503 0
21864 0
11151 0
12552 0
11928 0
24245 0
12124 0
14296 0
1566 0
7286 0
27552 0
26715 0
16394 0
7374 0
2125 0
14889 0
16082 0
8516 0
15258 0
27244 0
16044 0
22329 0
13029 0
8703 0
24799 0
20819 0
22326 0
3528 0
10905 0
18222 0
2816 0
21720 0
10968 0
22492 0
10061 0
21388 0
28672 0
16083 0
14808 0
14333 0
22903 0
10844 0
10584 0
11859 0
14793 0
22232 0
28672 0
28063 0
10697 0
25848 0
5734 0
27944 0
24702 0
16476 0
28672 0
12131 0
15354 0
19630 0
6432 0
22577 0
796 0
5884 0
25158 0
11341 0
22994 0
14737 0
26322 0
24457 0
10276 0
14416 0
27268 0
5570 0
23422 0
27333 0
6039 0
15726 0
26412 0
21011 0
8425 0
24913 0
4788 0
26865 0
26590 0
10158 0
14028 0
8957 0
25734 0
4270 0
27636 0
21547 0
23418 0
9385 0
25444 0
14399 0
19124 0
24808 0
19321 0
3481 0
26375 0
10478 0
5545 0
20850 0
22425 0
26194 0
10738 0
21863 0
25821 0
12160 0
24912 0
3917 0
24273 0
709 0
23245 0
26044 0
17486 0
2626 0
23429 0
7350 0
24895 0
17099 0
7844 0
11413 0
10751 0
17388 0
5312 0
13208 0
8674 0
23978 0
16849 0
8026 0
8297 0
11352 0
11023 0
16596 0
24484 0
25464 0
10577 0
12644 0
6641 0
11606 0
21469 0
25903 0
15870 0
11796 0
28000 0
2942 0
26934 0
9573 0
28108 0
3938 0
21134 0
11250 0
19007 0
21740 0
21135 0
794 0
26411 0
25293 0
10073 0
7429 0
13151 0
7700 0
13829 0
9749 0
13150 0
22442 0
3004 0
9203 0
17455 0
16490 0
12583 0
4604 0
4233 0
2051 0
25570 0
23636 0
1 0
18277 0
3100 0
26542 0
4666 0
2833 0
13677 0
27678 0
27066 0
407 0
21341 0
10676 0
18593 0
25081 0
11472 0
19331 0
27992 0
13158 0
8969 0
2082 0
4480 0
25060 0
4548 0
23785 0
20223 0
23130 0
23948 0
20585 0
3495 0
6039 0
7211 0
11944 0
4657 0
5036 0
13159 0
8828 0
13340 0
9620 0
7420 0
1068 0
1687 0
23201 0
6416 0
27345 0
20855 0
14727 0
13743 0
4606 0
18027 0
17475 0
19696 0
13562 0
19883 0
18399 0
23933 0
25469 0
5768 0
89 0
1192 0
15319 0
15050 0
14669 0
18296 0
17485 0
22770 0
22170 0
25994 0
20040 0
21719 0
6309 0
24084 0
14198 0
25710 0
11865 0
23494 0
8132 0
6289 0
17779 0
24558 0
18776 0
6130 0
16344 0
19244 0
7739 0
11381 0
8239 0
26274 0
20958 0
8592 0
7924 0
26195 0
5934 0
2373 0
12104 0
24087 0
7958 0
2465 0
25272 0
27151 0
21126 0
16191 0
12599 0
3671 0
9006 0
17469 0
28166 0
5528 0
25531 0
27724 0
25150 0
394 0
3266 0
18515 0
887 0
11528 0
16198 0
3356 0
12775 0
15659 0
18809 0
22521 0
15004 0
5552 0
24802 0
21746 0
4797 0
24952 0
98 0
18158 0
19235 0
12567 0
22787 0
22344 0
7701 0
15717 0
18979 0
14604 0
26678 0
3408 0
28672 0
23467 0
10011 0
25166 0
7707 0
1754 0
12468 0
25958 0
20580 0
28672 0
16005 0
8125 0
23923 0
22725 0
15067 0
24795 0
6943 0
13250 0
17180 0
11533 0
8561 0
13709 0
24164 0
18033 0
26299 0
18473 0
23313 0
12127 0
22841 0
16169 0
27138 0
25466 0
23682 0
5603 0
22936 0
26452 0
8794 0
4333 0
27801 0
23135 0
24616 0
12898 0
24477 0
24488 0
9034 0
14431 0
1183 0
9293 0
20048 0
18606 0
18815 0
13440 0
18722 0
13911 0
13177 0
5232 0
27750 0
22627 0
18878 0
26022 0
15365 0
10850 0
1033 0
26997 0
7563 0
5332 0
13196 0
3087 0
22582 0
23901 0
16221 0
14495 0
15582 0
19145 0
21430 0
7484 0
23870 0
21323 0
18284 0
7061 0
20405 0
12838 0
17115 0
2438 0
24355 0
17860 0
1137 0
21531 0
10962 0
16969 0
9724 0
22556 0
13749 0
11690 0
13255 0
5346 0
4509 0
9534 0
1993 0
13090 0
24879 0
25242 0
12226 0
12395 0
12390 0
13907 0
22029 0
14326 0
16161 0
1612 0
4772 0
19347 0
23185 0
14043 0
26603 0
21986 0
10168 0
5312 0
1618 0
6055 0
23290 0
19599 0
18492 0
17165 0
19489 0
6547 0
28090 0
15881 0
20172 0
12837 0
11172 0
472 0
12542 0
20678 0
1001 0
28056 0
12669 0
7357 0
23344 0
1790 0
24654 0
11998 0
2321 0
7819 0
706 0
28672 0
17205 0
19076 0
11385 0
2131 0
15776 0
20395 0
23706 0
9768 0
20481 0
28123 0
9066 0
25368 0
26224 0
25118 0
14913 0
7185 0
16613 0
9817 0
19984 0
11201 0
4196 0
2354 0
5112 0
20748 0
28077 0
19210 0
14829 0
11379 0
14315 0
14182 0
9834 0
20106 0
8616 0
20473 0
25078 0
28122 0
15659 0
6557 0
23737 0
19764 0
14059 0
15568 0
4539 0
27347 0
6645 0
25502 0
3869 0
18495 0
3532 0
15260 0
5582 0
28405 0
18031 0
28014 0
4136 0
19565 0
4793 0
12385 0
26533 0
165 0
28672 0
13219 0
4172 0
21389 0
12507 0
20463 0
10070 0
25522 0
1601 0
11055 0
27655 0
892 0
6042 0
4027 0
8100 0
431 0
13980 0
4500 0
23415 0
6235 0
15651 0
27264 0
26896 0
20759 0
7316 0
13038 0
23543 0
27551 0
22389 0
3659 0
13951 0
18914 0
23702 0
11443 0
24859 0
6609 0
3803 0
22392 0
182 0
23909 0
23511 0
19909 0
21350 0
5339 0
25858 0
13682 0
26194 0
11720 0
21908 0
3628 0
28285 0
8396 0
6541 0
16506 0
11956 0
7777 0
18540 0
13278 0
23018 0
19432 0
3099 0
25377 0
26250 0
11500 0
4167 0
28672 0
6725 0
20873 0
4803 0
15372 0
25095 0
8483 0
21438 0
26774 0
3584 0
18835 0
24595 0
19116 0
24765 0
26147 0
27120 0
8761 0
13956 0
14350 0
21840 0
13387 0
6546 0
17276 0
24731 0
24461 0
18277 0
7463 0
9445 0
10094 0
11659 0
11492 0
10037 0
19640 0
9625 0
23862 0
20210 0
17381 0
25461 0
20587 0
564 0
27315 0
22284 0
8421 0
4352 0
26600 0
7871 0
24230 0
12403 0
24422 0
11158 0
10155 0
26614 0
19486 0
19770 0
13807 0
22067 0
20280 0
22634 0
17290 0
6918 0
12292 0
10667 0
15326 0
26129 0
26540 0
3884 0
26954 0
25048 0
5430 0
1415 0
9508 0
23390 0
25397 0
28672 0
24263 0
11196 0
9415 0
7049 0
10279 0
8793 0
21051 0
8136 0
27728 0
22964 0
1918 0
4593 0
8567 0
19376 0
6809 0
23578 0
24626 0
2212 0
11445 0
13174 0
25384 0
25715 0
16667 0
21848 0
18068 0
24108 0
8082 0
7741 0
25166 0
13594 0
12205 0
4685 0
27461 0
17936 0
926 0
25458 0
23025 0
27066 0
1764 0
27843 0
8749 0
20078 0
25106 0
8415 0
26324 0
26800 0
17869 0
17299 0
17024 0
6239 0
14560 0
24707 0
23197 0
13069 0
19754 0
16400 0
515 0
13851 0
19029 0
3122 0
11316 0
2061 0
3350 0
11081 0
5075 0
3610 0
4106 0
24399 0
9997 0
12884 0
15105 0
6399 0
3952 0
5297 0
18437 0
11382 0
25102 0
10154 0
21245 0
13908 0
4115 0
20048 0
27335 0
22781 0
619 0
4427 0
6804 0
6003 0
24806 0
14639 0
5971 0
16219 0
14729 0
13673 0
14957 0
11986 0
10843 0
20547 0
16950 0
10608 0
23233 0
1447 0
7721 0
18406 0
18714 0
12171 0
23497 0
981 0
10987 0
18816 0
8592 0
6729 0
18597 0
4938 0
19683 0
13139 0
1262 0
27024 0
154 0
26712 0
22443 0
12659 0
11676 0
14448 0
877 0
18690 0
7006 0
20244 0
5634 0
20013 0
20139 0
4901 0
14275 0
20669 0
3661 0
849 0
3702 0
13888 0
10104 0
11005 0
11015 0
24596 0
17113 0
21959 0
28190 0
7361 0
6389 0
15769 0
14404 0
27012 0
21050 0
7991 0
16324 0
25586 0
24114 0
23868 0
2255 0
24201 0
4698 0
26572 0
3803 0
16295 0
10338 0
23117 0
9109 0
26232 0
21810 0
6255 0
6900 0
26292 0
11745 0
24997 0
27472 0
55 0
1232 0
9326 0
1170 0
7810 0
24349 0
20517 0
15357 0
8179 0
790 0
13920 0
10074 0
13175 0
11102 0
9867 0
4 0
18835 0
316 0
1974 0
8071 0
4293 0
14869 0
15265 0
4855 0
9865 0
15906 0
25324 0
11946 0
6384 0
26386 0
7882 0
908 0
11225 0
9576 0
4108 0
14700 0
4377 0
24387 0
3489 0
8971 0
13888 0
14701 0
2313 0
814 0
3273 0
10556 0
7576 0
23598 0
8888 0
15720 0
2896 0
4435 0
20946 0
13889 0
14261 0
24211 0
19231 0
20314 0
3150 0
17227 0
19277 0
3842 0
18189 0
11862 0
22310 0
1778 0
12327 0
28672 0
15753 0
5894 0
25982 0
9831 0
20303 0
4658 0
1286 0
25809 0
18646 0
25219 0
19796 0
28040 0
19544 0
27365 0
2683 0
25962 0
20247 0
27919 0
27444 0
26564 0
22241 0
20940 0
24643 0
28518 0
14258 0
27282 0
15444 0
6577 0
11009 0
20359 0
25956 0
15351 0
5157 0
8796 0
2862 0
26229 0
4483 0
13263 0
8668 0
5308 0
26379 0
15063 0
19437 0
19519 0
3550 0
15272 0
21950 0
9343 0
9352 0
10208 0
14514 0
22746 0
17885 0
24767 0
7115 0
23352 0
24402 0
12104 0
21810 0
6475 0
13076 0
16035 0
25893 0
20898 0
25592 0
18872 0
16323 0
9431 0
3534 0
23896 0
19331 0
9737 0
8423 0
22536 0
3060 0
713 0
14139 0
3379 0
21199 0
10289 0
26860 0
22316 0
5609 0
8488 0
12990 0
24033 0
11836 0
8554 0
10108 0
5608 0
28343 0
12903 0
2321 0
9422 0
28672 0
10762 0
28672 0
17507 0
8036 0
19664 0
16651 0
27286 0
17717 0
25412 0
21203 0
8034 0
9094 0
21425 0
26774 0
16710 0
27955 0
434 0
15625 0
25124 0
5111 0
27798 0
9150 0
10213 0
7084 0
10107 0
22712 0
179 0
16931 0
8303 0
11924 0
18498 0
20125 0
1245 0
24492 0
17637 0
21970 0
1923 0
23870 0
24073 0
13473 0
5799 0
4809 0
28 0
23827 0
20800 0
26799 0
1451 0
6306 0
12198 0
13066 0
24491 0
22835 0
2211 0
4134 0
16855 0
2108 0
27034 0
14929 0
2471 0
21201 0
14870 0
7958 0
11529 0
10202 0
5395 0
10596 0
23856 0
11206 0
14498 0
5237 0
12956 0
4020 0
9856 0
25678 0
24258 0
19359 0
27890 0
14097 0
8546 0
18558 0
14251 0
21993 0
14119 0
13466 0
7136 0
19845 0
27542 0
14429 0
8281 0
2751 0
14443 0
22977 0
15969 0
15184 0
1710 0
20020 0
13737 0
2281 0
24636 0
12009 0
14530 0
16171 0
15351 0
17388 0
13139 0
19959 0
11760 0
11073 0
12058 0
3735 0
17521 0
27346 0
25053 0
15512 0
9282 0
9190 0
23203 0
18982 0
18773 0
28040 0
6782 0
25919 0
14462 0
3143 0
18970 0
13485 0
17624 0
2870 0
20749 0
5967 0
10200 0
24353 0
2913 0
27095 0
19998 0
25497 0
12380 0
27274 0
21650 0
18137 0
2335 0
18327 0
27011 0
15059 0
20576 0
18963 0
17431 0
14527 0
23386 0
14087 0
2534 0
26258 0
22318 0
25542 0
6765 0
8943 0
20170 0
5960 0
6339 0
23258 0
16675 0
15436 0
16426 0
8275 0
22288 0
5998 0
5011 0
11394 0
27714 0
23885 0
7675 0
21417 0
13367 0
13051 0
22012 0
15357 0
9394 0
8013 0
11830 0
1618 0
19784 0
28165 0
9812 0
22366 0
13206 0
21688 0
21308 0
3927 0
11407 0
12442 0
17702 0
8419 0
28672 0
15467 0
1638 0
28057 0
23715 0
20491 0
16213 0
548 0
4478 0
28110 0
2392 0
4420 0
22288 0
8515 0
20584 0
17689 0
3465 0
18474 0
24521 0
16387 0
19135 0
2678 0
7059 0
27391 0
23319 0
3225 0
6853 0
11294 0
25569 0
5368 0
26003 0
17603 0
2474 0
14539 0
24566 0
25476 0
11744 0
28568 0
24023 0
749 0
5148 0
21409 0
4445 0
27694 0
7754 0
27319 0
13317 0
16541 0
14315 0
7276 0
26909 0
10678 0
14975 0
28672 0
28168 0
5359 0
17229 0
16290 0
9027 0
7938 0
16376 0
3522 0
25053 0
6631 0
19798 0
16632 0
13103 0
12764 0
6381 0
8670 0
17337 0
15292 0
9765 0
787 0
4712 0
23676 0
17582 0
26200 0
5899 0
15579 0
10859 0
16491 0
11378 0
26157 0
6172 0
16003 0
11556 0
16043 0
9999 0
3045 0
20552 0
19346 0
19260 0
325 0
27585 0
13700 0
22301 0
9294 0
26145 0
16558 0
24513 0
529 0
6670 0
16401 0
1326 0
7651 0
455 0
11977 0
7554 0
9961 0
22355 0
1736 0
6170 0
6466 0
3196 0
9341 0
25541 0
26361 0
27874 0
20426 0
756 0
16605 0
5560 0
1687 0
1491 0
20748 0
5692 0
14206 0
24414 0
27245 0
28672 0
14488 0
15656 0
6983 0
18257 0
5208 0
22284 0
28016 0
11975 0
14720 0
14856 0
2872 0
7766 0
1291 0
17289 0
4984 0
25182 0
28672 0
24864 0
24706 0
14582 0
25323 0
19983 0
23752 0
3502 0
23305 0
288 0
4434 0
13943 0
13603 0
24876 0
19026 0
26026 0
15420 0
18839 0
17245 0
13587 0
1857 0
20629 0
9174 0
23293 0
11947 0
8000 0
10471 0
20446 0
9746 0
23907 0
23320 0
25320 0
21385 0
2308 0
26379 0
19931 0
24762 0
24744 0
22636 0
14159 0
4371 0
25560 0
14444 0
25643 0
9132 0
23769 0
21297 0
13041 0
10606 0
5034 0
25004 0
418 0
5687 0
9656 0
23552 0
8477 0
2793 0
10668 0
853 0
22397 0
26453 0
17213 0
12822 0
3342 0
21164 0
10979 0
488 0
18540 0
24164 0
21760 0
21265 0
24794 0
17627 0
6301 0
8946 0
15094 0
21032 0
15363 0
7847 0
12123 0
1767 0
22479 0
25053 0
8413 0
14465 0
11299 0
4974 0
4681 0
15925 0
25776 0
10945 0
14116 0
12663 0
8100 0
22587 0
8955 0
4337 0
21340 0
11207 0
11969 0
6095 0
1994 0
7497 0
13845 0
20383 0
25060 0
12940 0
11269 0
8804 0
22204 0
5672 0
16779 0
3370 0
1379 0
2476 0
11578 0
14084 0
14840 0
20957 0
19873 0
26981 0
25936 0
19347 0
18508 0
2002 0
5499 0
12220 0
25944 0
22288 0
22767 0
15051 0
26392 0
28580 0
22160 0
24564 0
9539 0
8667 0
19519 0
10157 0
2901 0
8229 0
9492 0
14964 0
11054 0
17249 0
13613 0
10640 0
2526 0
7233 0
28084 0
20692 0
18344 0
27742 0
21245 0
22533 0
6633 0
22292 0
22242 0
27188 0
10464 0
2515 0
1157 0
17572 0
17927 0
14617 0
26573 0
5229 0
20826 0
8352 0
14656 0
22673 0
20084 0
9517 0
14488 0
25607 0
28441 0
16830 0
6685 0
10542 0
15325 0
20586 0
19677 0
16492 0
27283 0
12197 0
27681 0
19676 0
13209 0
7192 0
21343 0
11976 0
2117 0
19667 0
13206 0
2513 0
11346 0
94 0
16740 0
14876 0
11207 0
23541 0
22899 0
4054 0
25296 0
13892 0
9772 0
3026 0
27695 0
4740 0
54 0
28672 0
14470 0
566 0
20990 0
11269 0
14840 0
15346 0
1510 0
4579 0
4508 0
21051 0
16741 0
25328 0
19946 0
16803 0
5772 0
2653 0
575 0
21262 0
23204 0
22337 0
16311 0
24622 0
897 0
17555 0
19747 0
8331 0
7385 0
9751 0
24857 0
110 0
6540 0
26340 0
18904 0
27239 0
16513 0
9845 0
11284 0
1365 0
7406 0
15492 0
4956 0
22365 0
6945 0
1740 0
21434 0
21707 0
9097 0
18893 0
9664 0
19264 0
26614 0
9826 0
24192 0
1082 0
23796 0
9545 0
4578 0
16921 0
27376 0
27206 0
22515 0
22512 0
27223 0
11058 0
26470 0
15967 0
24287 0
17918 0
7542 0
14711 0
21628 0
3894 0
4285 0
5034 0
20645 0
11886 0
9828 0
26594 0
20 0
11825 0
18736 0
9233 0
21191 0
15719 0
26474 0
4443 0
17549 0
3140 0
6939 0
14390 0
749 0
2904 0
8537 0
17568 0
20144 0
12301 0
22953 0
13652 0
18347 0
9933 0
28302 0
2520 0
27626 0
2873 0
10136 0
18984 0
132 0
18867 0
14326 0
26894 0
2105 0
12756 0
22361 0
14126 0
5076 0
22983 0
18766 0
12370 0
18176 0
13148 0
16296 0
2260 0
180 0
17897 0
22945 0
20342 0
4969 0
23774 0
4951 0
734 0
25496 0
1263 0
7900 0
11919 0
2092 0
11806 0
8316 0
9030 0
10479 0
10506 0
21364 0
4406 0
12335 0
20745 0
17744 0
5838 0
14670 0
11134 0
18561 0
11799 0
7499 0
23761 0
11786 0
27687 0
15774 0
8043 0
12964 0
21092 0
3789 0
25654 0
7441 0
25275 0
27931 0
25716 0
26333 0
17388 0
7545 0
1615 0
5935 0
17822 0
9423 0
2331 0
27507 0
7861 0
7764 0
10503 0
17855 0
7474 0
10866 0
7609 0
1664 0
11003 0
18491 0
13494 0
1441 0
11050 0
18273 0
14357 0
1280 0
18409 0
6735 0
2653 0
18766 0
6312 0
10709 0
19652 0
24864 0
15063 0
3420 0
26460 0
25647 0
12936 0
20668 0
15179 0
118 0
865 0
12031 0
15689 0
19146 0
23434 0
7054 0
17750 0
9306 0
14610 0
23485 0
3101 0
20132 0
7794 0
17405 0
20077 0
5878 0
26554 0
27813 0
13816 0
6914 0
18497 0
12726 0
12427 0
27023 0
15459 0
8112 0
18733 0
8124 0
18604 0
5695 0
26902 0
25178 0
24312 0
11827 0
21889 0
26154 0
27776 0
7563 0
15175 0
522 0
15870 0
9960 0
26963 0
14110 0
17467 0
27339 0
10581 0
16186 0
7291 0
25801 0
26763 0
14592 0
13592 0
4879 0
853 0
24544 0
17196 0
16094 0
20392 0
28040 0
12944 0
9233 0
10850 0
17288 0
13127 0
3407 0
12978 0
28008 0
10461 0
25715 0
17392 0
18172 0
13774 0
25879 0
13853 0
2544 0
25242 0
25109 0
17340 0
12006 0
11268 0
26215 0
22849 0
2669 0
23080 0
12683 0
25599 0
22940 0
2311 0
2126 0
3256 0
27293 0
329 0
3093 0
13104 0
9176 0
16212 0
4729 0
8154 0
11274 0
26117 0
1908 0
11823 0
17629 0
26539 0
3876 0
27047 0
12042 0
23806 0
2041 0
18232 0
20720 0
7516 0
10688 0
10044 0
3120 0
1999 0
21645 0
11144 0
26441 0
22140 0
9581 0
16905 0
5219 0
421 0
25095 0
1626 0
14702 0
9261 0
28405 0
6595 0
16394 0
28672 0
13836 0
7878 0
10201 0
7563 0
6691 0
15792 0
24864 0
25733 0
15995 0
334 0
2679 0
1874 0
8060 0
22675 0
2126 0
16560 0
18228 0
27747 0
13748 0
10618 0
1792 0
23507 0
27388 0
18424 0
19592 0
7059 0
863 0
16525 0
10383 0
4330 0
24117 0
4768 0
2693 0
13209 0
5746 0
11374 0
13997 0
16831 0
15941 0
27278 0
27825 0
24588 0
3913 0
24221 0
17435 0
11207 0
23162 0
23699 0
13767 0
25098 0
22120 0
11347 0
7285 0
14094 0
8753 0
5603 0
3444 0
19583 0
1122 0
14529 0
12723 0
13733 0
9578 0
1661 0
3066 0
6935 0
7980 0
11754 0
10795 0
7348 0
22605 0
1178 0
18457 0
7054 0
16523 0
7250 0
24811 0
25333 0
26404 0
16279 0
4924 0
27748 0
28322 0
2122 0
23339 0
6665 0
12831 0
5653 0
6035 0
22812 0
9196 0
24123 0
14686 0
6615 0
10125 0
9362 0
11902 0
21587 0
7928 0
2763 0
20191 0
10756 0
25571 0
2407 0
19576 0
21863 0
22566 0
28672 0
9774 0
25341 0
11744 0
25761 0
6784 0
20851 0
13474 0
1247 0
21317 0
19126 0
5411 0
1369 0
19473 0
15388 0
17926 0
140 0
16221 0
4687 0
12157 0
9578 0
470 0
15014 0
26952 0
24984 0
8024 0
5860 0
1372 0
1739 0
11609 0
18431 0
17337 0
1984 0
25562 0
1727 0
16020 0
19185 0
22525 0
21748 0
17678 0
19667 0
10990 0
27181 0
27190 0
10444 0
15582 0
26355 0
3367 0
1353 0
12994 0
15982 0
16498 0
19232 0
12127 0
20341 0
19089 0
16999 0
5147 0
5384 0
12112 0
9904 0
15936 0
8837 0
15621 0
28620 0
14643 0
7928 0
11425 0
7400 0
12799 0
4081 0
24412 0
9538 0
5976 0
18821 0
2180 0
15874 0
14013 0
873 0
7015 0
20893 0
15141 0
8661 0
20378 0
10229 0
833 0
19054 0
22547 0
10085 0
6615 0
18508 0
3632 0
5201 0
28672 0
10631 0
7005 0
3949 0
11326 0
908 0
18359 0
11318 0
3780 0
21064 0
18702 0
8951 0
6944 0
10447 0
26432 0
25604 0
11081 0
8813 0
10658 0
7452 0
8081 0
16593 0
2758 0
7645 0
6873 0
19327 0
28573 0
27471 0
7785 0
19474 0
19346 0
27163 0
19946 0
23352 0
6339 0
3149 0
15279 0
23618 0
4448 0
14157 0
3840 0
6345 0
17467 0
2695 0
20033 0
22098 0
17605 0
4651 0
18193 0
9073 0
17383 0
17864 0
1061 0
17592 0
1659 0
1282 0
21128 0
23468 0
18137 0
21341 0
1690 0
16765 0
2604 0
8528 0
1679 0
7791 0
12718 0
3325 0
7052 0
21061 0
19901 0
23451 0
12593 0
20840 0
15365 0
21334 0
2871 0
26929 0
18161 0
25236 0
9293 0
16731 0
24447 0
21848 0
14181 0
10660 0
4218 0
16842 0
7456 0
27170 0
14762 0
17486 0
21026 0
6553 0
26030 0
2142 0
27017 0
11672 0
17131 0
9989 0
17420 0
2103 0
13926 0
314 0
20818 0
1421 0
4648 0
22545 0
15250 0
19757 0
6655 0
14223 0
21972 0
12855 0
18146 0
4587 0
4742 0
21169 0
13633 0
54 0
13405 0
23141 0
18984 0
11516 0
14581 0
2000 0
19144 0
13418 0
10442 0
8985 0
20546 0
7893 0
11321 0
1201 0
6389 0
19483 0
19289 0
13374 0
20788 0
20707 0
19476 0
28382 0
26845 0
21356 0
15883 0
694 0
3584 0
20141 0
12110 0
4243 0
3052 0
4535 0
2510 0
3703 0
28494 0
4538 0
10745 0
24223 0
10725 0
22811 0
22043 0
4824 0
17976 0
14071 0
26959 0
25515 0
28058 0
9399 0
11278 0
14644 0
22015 0
8946 0
10147 0
960 0
15957 0
3891 0
16198 0
9614 0
12107 0
21152 0
21433 0
3939 0
24597 0
2312 0
8651 0
25025 0
9982 0
15309 0
22309 0
7975 0
23745 0
11925 0
4208 0
16800 0
24583 0
16155 0
414 0
21260 0
10006 0
18706 0
28302 0
6258 0
8495 0
8889 0
17983 0
27811 0
6418 0
5520 0
11856 0
17616 0
21026 0
19150 0
6250 0
4886 0
2130 0
24582 0
652 0
10415 0
507 0
18905 0
20720 0
15765 0
15364 0
23202 0
19857 0
7083 0
8710 0
22915 0
3020 0
17700 0
10461 0
26832 0
5833 0
19308 0
13993 0
11661 0
4107 0
26926 0
12423 0
6658 0
10861 0
3652 0
1252 0
18236 0
3272 0
18560 0
27184 0
1169 0
13373 0
13952 0
10791 0
244 0
15645 0
9768 0
4193 0
434 0
9096 0
23760 0
6765 0
7505 0
9047 0
23036 0
18080 0
13119 0
7791 0
9731 0
1063 0
9914 0
6308 0
22512 0
25739 0
16149 0
19018 0
25138 0
28672 0
24853 0
24194 0
24471 0
4171 0
3707 0
13043 0
27911 0
3755 0
9440 0
16338 0
2148 0
9858 0
6057 0
1 0
12911 0
3724 0
11634 0
20748 0
24013 0
12281 0
9218 0
435 0
23660 0
2926 0
11891 0
6402 0
17617 0
1417 0
6815 0
3711 0
20265 0
16429 0
13319 0
10870 0
8215 0
7872 0
6533 0
25346 0
7144 0
17752 0
25597 0
8709 0
6710 0
20898 0
23433 0
13305 0
5177 0
19973 0
25758 0
28667 0
20905 0
25621 0
1827 0
7635 0
28672 0
6516 0
1009 0
17272 0
7980 0
15645 0
16289 0
1201 0
2628 0
6423 0
9562 0
1785 0
3517 0
26752 0
16982 0
3556 0
13785 0
25415 0
13757 0
18293 0
20027 0
11781 0
24573 0
15249 0
26576 0
5069 0
24933 0
10997 0
3260 0
2259 0
18596 0
20372 0
12089 0
14945 0
9413 0
25921 0
18669 0
14035 0
10160 0
9804 0
3807 0
20188 0
16292 0
25453 0
10200 0
23791 0
3765 0
5894 0
15998 0
27186 0
20433 0
22145 0
25454 0
14254 0
2849 0
9820 0
687 0
603 0
21614 0
14729 0
12404 0
13017 0
10973 0
20634 0
7174 0
8216 0
16675 0
12019 0
20956 0
145 0
15425 0
7461 0
18585 0
25433 0
3726 0
15578 0
6444 0
3626 0
15438 0
18813 0
6472 0
11473 0
2471 0
10082 0
22156 0
578 0
11261 0
8643 0
15222 0
20511 0
11519 0
18531 0
10031 0
3821 0
22454 0
7335 0
22918 0
10050 0
2919 0
11732 0
16693 0
28250 0
9338 0
26616 0
20954 0
13094 0
7327 0
16850 0
12477 0
7704 0
10355 0
18375 0
21386 0
11450 0
21757 0
18977 0
9104 0
20704 0
21045 0
26698 0
16880 0
3417 0
23576 0
17200 0
13557 0
19234 0
3046 0
9247 0
4974 0
2903 0
13200 0
19586 0
25086 0
18121 0
8277 0
27928 0
22779 0
9573 0
5172 0
27027 0
3559 0
5811 0
27420 0
14376 0
20846 0
17681 0
13846 0
15307 0
27099 0
9556 0
660 0
3323 0
16442 0
16557 0
24139 0
24275 0
20807 0
4919 0
10075 0
17689 0
22328 0
19945 0
19144 0
22418 0
6061 0
20040 0
17514 0
26829 0
2693 0
19961 0
6652 0
28124 0
17053 0
18779 0
5159 0
17773 0
21841 0
3961 0
22379 0
21522 0
228 0
19775 0
22280 0
136 0
2523 0
28638 0
22011 0
26459 0
12042 0
12448 0
27836 0
15352 0
1870 0
10251 0
26942 0
21340 0
25624 0
12606 0
13393 0
24135 0
24923 0
19598 0
3724 0
6538 0
27554 0
14367 0
24657 0
27285 0
21287 0
16202 0
14057 0
4629 0
14692 0
25186 0
4655 0
26600 0
23775 0
15733 0
26488 0
22092 0
11001 0
12830 0
5453 0
13088 0
10654 0
13604 0
2008 0
8043 0
17251 0
12957 0
2328 0
6021 0
25797 0
19310 0
22065 0
6942 0
20837 0
406 0
19496 0
27523 0
3264 0
27883 0
27939 0
23692 0
15844 0
756 0
18285 0
5196 0
21851 0
11098 0
26065 0
22722 0
10533 0
1457 0
11344 0
9920 0
18663 0
6577 0
18683 0
24184 0
6699 0
21795 0
24367 0
11637 0
13813 0
16443 0
26614 0
13312 0
13275 0
5711 0
17931 0
16149 0
24999 0
14063 0
27176 0
12579 0
24339 0
27234 0
9683 0
9371 0
24138 0
13282 0
15151 0
21056 0
25805 0
14669 0
26875 0
19058 0
18696 0
914 0
11901 0
1184 0
6070 0
16465 0
27481 0
18928 0
3123 0
23966 0
1596 0
3590 0
27608 0
3623 0
23450 0
17362 0
9302 0
11068 0
402 0
13233 0
26016 0
24286 0
20659 0
13772 0
18606 0
5501 0
21222 0
1466 0
28121 0
28672 0
21623 0
19296 0
27973 0
26489 0
8109 0
5793 0
7485 0
11890 0
11381 0
19799 0
1660 0
26577 0
23848 0
2746 0
22742 0
3380 0
11705 0
15047 0
5543 0
25054 0
23964 0
19971 0
27424 0
4831 0
5279 0
24260 0
24334 0
17171 0
26451 0
14402 0
391 0
18487 0
17130 0
2913 0
25732 0
18761 0
12585 0
23483 0
24840 0
24980 0
22852 0
3843 0
15218 0
13571 0
2030 0
10751 0
1938 0
21419 0
28672 0
18265 0
15086 0
5703 0
12849 0
14466 0
28138 0
24347 0
27188 0
9486 0
15496 0
9169 0
8418 0
16058 0
16312 0
8316 0
18522 0
15296 0
17641 0
16331 0
958 0
26524 0
3620 0
10935 0
27375 0
21260 0
28672 0
19478 0
27569 0
2246 0
26989 0
14736 0
28019 0
23334 0
9484 0
23429 0
28088 0
20767 0
4010 0
9750 0
9289 0
17719 0
20270 0
16972 0
8726 0
24933 0
745 0
11242 0
24170 0
3745 0
20357 0
5356 0
714 0
26541 0
14071 0
25563 0
4613 0
19418 0
26570 0
5242 0
28154 0
12965 0
28609 0
763 0
8682 0
26200 0
5651 0
5094 0
9863 0
13387 0
1291 0
13762 0
15297 0
20802 0
554 0
8863 0
6228 0
20013 0
15196 0
9300 0
22036 0
12992 0
11684 0
3678 0
24646 0
18308 0
19285 0
361 0
24711 0
1719 0
15766 0
15815 0
16769 0
25436 0
8939 0
7957 0
8931 0
262 0
20210 0
5367 0
7663 0
26757 0
19076 0
17228 0
19585 0
798 0
26722 0
5495 0
5816 0
5493 0
28285 0
8030 0
19045 0
26784 0
25595 0
18041 0
15963 0
1505 0
3853 0
18166 0
16441 0
17834 0
2176 0
19935 0
28149 0
16322 0
6674 0
7175 0
21848 0
10725 0
13958 0
15868 0
17466 0
11455 0
1110 0
13549 0
1236 0
16565 0
8638 0
15625 0
20765 0
20373 0
21380 0
21043 0
20412 0
8432 0
17638 0
18091 0
19901 0
5363 0
13745 0
22426 0
2987 0
592 0
21751 0
1686 0
4924 0
21760 0
10073 0
21184 0
27169 0
22714 0
26789 0
4862 0
14386 0
24601 0
24295 0
18651 0
10561 0
10946 0
20386 0
2284 0
4470 0
20413 0
24052 0
27658 0
7716 0
4901 0
12337 0
20649 0
18311 0
6509 0
15217 0
24854 0
19335 0
13440 0
7277 0
3556 0
10 0
5733 0
24598 0
25239 0
19678 0
749 0
21105 0
12482 0
8176 0
21077 0
22467 0
1023 0
11871 0
27951 0
4130 0
27383 0
21133 0
14649 0
12327 0
13111 0
23326 0
9919 0
20483 0
25666 0
27329 0
4498 0
24416 0
13184 0
2114 0
6859 0
3476 0
13239 0
198 0
27113 0
17854 0
27613 0
20330 0
5972 0
8082 0
18926 0
28536 0
158 0
17062 0
13825 0
18329 0
22177 0
25450 0
16135 0
364 0
19073 0
14272 0
5203 0
22648 0
4801 0
13198 0
18948 0
17556 0
8108 0
10212 0
26565 0
984 0
22135 0
17088 0
11634 0
25256 0
17231 0
483 0
17990 0
28245 0
5080 0
9668 0
26102 0
10400 0
15784 0
14389 0
542 0
25860 0
28526 0
14753 0
20371 0
2288 0
12965 0
5948 0
12978 0
25598 0
1730 0
3878 0
2485 0
22610 0
3741 0
24089 0
25331 0
24848 0
24666 0
21242 0
15659 0
8859 0
45 0
13691 0
28370 0
21001 0
8611 0
15236 0
27538 0
5572 0
22771 0
1075 0
12722 0
20498 0
340 0
871 0
3479 0
18802 0
21601 0
24616 0
10357 0
3078 0
26278 0
7926 0
24490 0
603 0
12168 0
16412 0
13498 0
9491 0
25757 0
12785 0
26973 0
21456 0
13019 0
16792 0
20583 0
1055 0
26936 0
19897 0
22800 0
26407 0
26490 0
27522 0
6711 0
18894 0
3072 0
2639 0
27104 0
20141 0
19073 0
1744 0
22895 0
23763 0
2814 0
23961 0
27083 0
15069 0
16912 0
3832 0
22796 0
4193 0
939 0
1921 0
14238 0
25774 0
11438 0
26528 0
5949 0
3028 0
13263 0
1737 0
2139 0
26609 0
18256 0
2846 0
27743 0
26579 0
1765 0
12603 0
25235 0
17209 0
9130 0
5034 0
10065 0
17332 0
22158 0
20062 0
21821 0
19815 0
4634 0
21967 0
19892 0
20140 0
592 0
7621 0
17070 0
22872 0
24731 0
6321 0
14751 0
24011 0
1130 0
10633 0
7609 0
1470 0
21483 0
16274 0
19022 0
9502 0
17438 0
5234 0
13978 0
6186 0
2373 0
3507 0
98 0
3360 0
11592 0
13307 0
7928 0
17127 0
15597 0
3527 0
1255 0
12065 0
28672 0
27197 0
7235 0
10600 0
25258 0
27211 0
8895 0
23694 0
15679 0
21301 0
16169 0
14540 0
24642 0
10108 0
16798 0
14952 0
13104 0
18781 0
6040 0
11622 0
5677 0
14470 0
24546 0
6336 0
19887 0
27339 0
6831 0
19656 0
20994 0
13911 0
13375 0
951 0
21292 0
7218 0
22163 0
8384 0
14027 0
15516 0
24486 0
20718 0
4652 0
20338 0
8921 0
2122 0
18530 0
14538 0
20147 0
24700 0
6514 0
24959 0
26210 0
22188 0
2290 0
1875 0
7321 0
15108 0
24181 0
19394 0
10593 0
7997 0
8995 0
7647 0
18497 0
25150 0
27193 0
9196 0
20769 0
4846 0
17919 0
16059 0
21249 0
1382 0
22374 0
6308 0
22456 0
1388 0
2153 0
19629 0
11139 0
17257 0
24911 0
21622 0
5892 0
25746 0
10307 0
18123 0
28672 0
18258 0
16524 0
20119 0
7946 0
11214 0
14753 0
7435 0
1589 0
16841 0
4574 0
17638 0
23735 0
12201 0
27780 0
5724 0
7437 0
8879 0
13778 0
6314 0
1043 0
8872 0
16946 0
19690 0
7357 0
2078 0
7486 0
6405 0
22327 0
485 0
17046 0
22512 0
11936 0
623 0
23632 0
1832 0
11373 0
9406 0
22379 0
22255 0
19947 0
1245 0
27465 0
6716 0
23735 0
22259 0
23590 0
21140 0
2359 0
358 0
10097 0
4085 0
4821 0
28170 0
6761 0
18049 0
19360 0
2165 0
2846 0
13479 0
18738 0
13461 0
18805 0
7749 0
11924 0
3913 0
23240 0
5719 0
103 0
12341 0
23002 0
23658 0
2527 0
21989 0
3758 0
23527 0
14627 0
9821 0
1338 0
18822 0
24987 0
3244 0
18687 0
27972 0
8563 0
10007 0
23704 0
8512 0
2515 0
14473 0
19544 0
25899 0
3059 0
6193 0
24639 0
13334 0
26025 0
13438 0
2792 0
14748 0
10957 0
692 0
16198 0
23520 0
28500 0
13393 0
25075 0
13705 0
13152 0
26848 0
14721 0
22574 0
12703 0
16604 0
3962 0
9674 0
17653 0
12836 0
16760 0
3870 0
8288 0
5460 0
12495 0
971 0
4734 0
19873 0
15786 0
16513 0
9252 0
20234 0
22399 0
28672 0
7492 0
20757 0
24626 0
11115 0
7591 0
19063 0
24179 0
2978 0
15549 0
28117 0
668 0
21164 0
12932 0
17282 0
11722 0
20300 0
20790 0
11423 0
4970 0
16846 0
23778 0
6633 0
21266 0
24168 0
9677 0
18312 0
5924 0
17125 0
18445 0
5005 0
10668 0
20753 0
18004 0
18665 0
26380 0
25488 0
13949 0
24370 0
24591 0
27208 0
4277 0
24177 0
924 0
15616 0
26320 0
19052 0
14002 0
17626 0
11490 0
26642 0
14917 0
10289 0
5259 0
3444 0
8547 0
17202 0
13719 0
897 0
23100 0
22652 0
5045 0
17047 0
14410 0
719 0
5352 0
13204 0
24689 0
11252 0
17045 0
15933 0
9931 0
24538 0
3226 0
6006 0
11806 0
21436 0
23107 0
1397 0
9422 0
26586 0
13444 0
12330 0
21272 0
18319 0
16420 0
13072 0
20712 0
21925 0
26881 0
28672 0
10892 0
735 0
20313 0
4092 0
14032 0
27867 0
4988 0
25817 0
9529 0
16957 0
26403 0
18622 0
10352 0
4775 0
3403 0
19054 0
5225 0
15352 0
22792 0
17771 0
27227 0
26571 0
7379 0
9959 0
3516 0
13260 0
14422 0
17694 0
2047 0
5201 0
23324 0
20224 0
8547 0
2106 0
1461 0
1766 0
7373 0
8023 0
6004 0
28016 0
9286 0
11187 0
18213 0
5837 0
19455 0
17489 0
21526 0
22750 0
27158 0
6697 0
18070 0
14273 0
5922 0
5648 0
11747 0
25289 0
8485 0
19546 0
5689 0
26939 0
18753 0
22360 0
3831 0
1741 0
22094 0
23133 0
26670 0
5626 0
930 0
24796 0
11836 0
21497 0
10461 0
17028 0
25280 0
15550 0
25683 0
12551 0
10932 0
25563 0
228 0
24182 0
20266 0
1630 0
27139 0
18398 0
338 0
25324 0
15911 0
1062 0
10776 0
1463 0
3279 0
4274 0
20470 0
5361 0
10206 0
13642 0
5762 0
13678 0
20244 0
17152 0
27575 0
13098 0
25048 0
8911 0
10049 0
197 0
26643 0
23192 0
26319 0
12299 0
2592 0
21606 0
2289 0
20951 0
13332 0
5689 0
7092 0
20550 0
13803 0
20086 0
14602 0
538 0
15781 0
15670 0
24554 0
22578 0
16987 0
25004 0
7578 0
6801 0
8240 0
5507 0
14578 0
11973 0
24937 0
19937 0
20054 0
11515 0
4585 0
23019 0
17454 0
15467 0
26754 0
9324 0
11276 0
26074 0
7384 0
5299 0
8531 0
19742 0
13612 0
27463 0
4068 0
27354 0
8091 0
3883 0
5978 0
18872 0
6732 0
2111 0
19449 0
8204 0
25463 0
28672 0
14652 0
27593 0
11041 0
24187 0
28416 0
2336 0
4431 0
5714 0
19183 0
17665 0
17493 0
1002 0
28672 0
1674 0
7201 0
8876 0
6542 0
24053 0
22451 0
19373 0
17600 0
3066 0
7130 0
7624 0
14326 0
11287 0
577 0
11376 0
19614 0
28072 0
21308 0
22711 0
9400 0
24020 0
25188 0
7812 0
27202 0
17343 0
8896 0
747 0
23320 0
19110 0
14139 0
11314 0
4675 0
3129 0
20729 0
5467 0
19967 0
25802 0
23073 0
1078 0
4623 0
7536 0
1526 0
9045 0
21144 0
23009 0
26280 0
10217 0
5376 0
15823 0
22526 0
19599 0
2954 0
26811 0
8442 0
21799 0
10819 0
1256 0
7923 0
299 0
8275 0
9668 0
28529 0
28043 0
19923 0
564 0
10388 0
24009 0
5503 0
4160 0
26877 0
14916 0
7972 0
6428 0
2760 0
11070 0
19066 0
24689 0
18010 0
14528 0
6571 0
9721 0
15638 0
1712 0
15435 0
21921 0
26019 0
10738 0
13644 0
6636 0
28189 0
21658 0
24899 0
7879 0
13959 0
24332 0
10573 0
8862 0
28577 0
20272 0
5737 0
2649 0
21445 0
28429 0
2676 0
2337 0
27767 0
23005 0
10819 0
5985 0
8812 0
12089 0
18788 0
75 0
23067 0
18002 0
27171 0
15725 0
9339 0
12178 0
28624 0
23579 0
13373 0
14112 0
16507 0
1288 0
18695 0
138 0
18039 0
13435 0
2636 0
19492 0
14058 0
10162 0
28672 0
11674 0
5748 0
19636 0
19626 0
1897 0
187 0
24822 0
13861 0
6985 0
2412 0
7449 0
9230 0
13209 0
27025 0
14399 0
20317 0
17014 0
3017 0
1104 0
23578 0
20698 0
6684 0
25986 0
17099 0
196 0
21317 0
7834 0
21976 0
3038 0
6721 0
24430 0
325 0
28672 0
1477 0
18853 0
14931 0
6418 0
26719 0
25922 0
27776 0
743 0
4026 0
13086 0
28672 0
4417 0
10081 0
6054 0
18779 0
23259 0
4784 0
13727 0
13933 0
4864 0
15995 0
27319 0
7326 0
28672 0
17041 0
7428 0
21225 0
16563 0
19748 0
1512 0
4991 0
448 0
2634 0
4587 0
22216 0
222 0
1700 0
21497 0
23123 0
16270 0
19381 0
5175 0
16268 0
659 0
16428 0
841 0
1385 0
10145 0
9973 0
24293 0
24065 0
9459 0
21368 0
4856 0
11033 0
18961 0
15712 0
26369 0
20132 0
20020 0
27270 0
13623 0
6774 0
17481 0
10181 0
17914 0
18378 0
10268 0
25631 0
12418 0
24374 0
15273 0
24846 0
10275 0
28672 0
27734 0
14682 0
2465 0
8544 0
18327 0
21623 0
5987 0
20345 0
18607 0
8381 0
15565 0
6715 0
12690 0
21991 0
5779 0
8034 0
17969 0
27664 0
23517 0
12431 0
27294 0
14030 0
16601 0
206 0
24446 0
6743 0
11516 0
22812 0
27210 0
19838 0
9649 0
2208 0
4610 0
7306 0
22143 0
11543 0
20711 0
2965 0
12945 0
5877 0
13440 0
4660 0
19117 0
13803 0
25767 0
20638 0
28672 0
26389 0
13475 0
19002 0
1868 0
6572 0
26747 0
25078 0
25837 0
9911 0
23765 0
12000 0
8815 0
8176 0
7921 0
23197 0
22015 0
12468 0
3479 0
24995 0
28407 0
12159 0
13881 0
14259 0
10223 0
23308 0
77 0
17726 0
2556 0
19143 0
11576 0
26709 0
20590 0
11939 0
26852 0
16775 0
14105 0
21653 0
19642 0
5035 0
11824 0
4316 0
8304 0
24944 0
25296 0
8068 0
18224 0
2684 0
22886 0
8343 0
5716 0
732 0
20706 0
7466 0
9501 0
21736 0
8587 0
23272 0
21575 0
6133 0
21567 0
25629 0
28672 0
18676 0
22456 0
13137 0
24742 0
1036 0
23879 0
23653 0
26616 0
25984 0
13616 0
16463 0
11622 0
19901 0
6184 0
992 0
24997 0
24515 0
7463 0
11542 0
12577 0
15778 0
15824 0
25103 0
439 0
9297 0
14693 0
15380 0
279 0
3150 0
27923 0
28672 0
28079 0
24797 0
20462 0
22042 0
27335 0
22845 0
25445 0
11999 0
12813 0
4872 0
12992 0
20874 0
270 0
4900 0
6301 0
2902 0
14670 0
22018 0
1073 0
13326 0
6114 0
24552 0
13720 0
11474 0
4215 0
22435 0
21542 0
9034 0
9982 0
7971 0
13273 0
12571 0
16696 0
6902 0
1569 0
23751 0
8090 0
3698 0
12222 0
9918 0
21906 0
13832 0
8144 0
502 0
9891 0
13407 0
28538 0
26104 0
11642 0
10626 0
18242 0
7586 0
2942 0
18725 0
2946 0
7804 0
19420 0
7967 0
5835 0
8947 0
5513 0
20034 0
2969 0
2599 0
7696 0
17457 0
20079 0
10381 0
8128 0
22690 0
2174 0
22591 0
27551 0
6923 0
2532 0
13160 0
3595 0
17971 0
10024 0
10924 0
4145 0
14333 0
7836 0
27258 0
7148 0
19937 0
13266 0
20493 0
22373 0
2122 0
19800 0
10452 0
26775 0
10390 0
24464 0
2657 0
1178 0
6352 0
7562 0
20842 0
56 0
4123 0
19395 0
28672 0
17304 0
17859 0
7212 0
4457 0
17677 0
26211 0
631 0
18623 0
12004 0
7351 0
3387 0
27717 0
3672 0
27970 0
2428 0
28672 0
24629 0
23602 0
17545 0
10452 0
11542 0
21651 0
11102 0
2797 0
21633 0
11029 0
11495 0
7620 0
13740 0
26586 0
26442 0
17847 0
19628 0
22316 0
10590 0
23814 0
3759 0
13045 0
19767 0
19600 0
23593 0
3640 0
6064 0
21340 0
18184 0
25090 0
15391 0
5944 0
22001 0
20978 0
22038 0
12731 0
12999 0
24989 0
27719 0
14378 0
10312 0
27090 0
14552 0
26011 0
18690 0
3941 0
15952 0
26729 0
10472 0
26147 0
12545 0
14140 0
8635 0
7394 0
13117 0
20928 0
8150 0
9289 0
16215 0
2633 0
25366 0
10503 0
14534 0
28672 0
23205 0
10313 0
21145 0
18000 0
24127 0
22181 0
22934 0
1352 0
27519 0
14593 0
10350 0
1452 0
3271 0
5024 0
4654 0
14207 0
4346 0
13903 0
23882 0
9359 0
26120 0
10137 0
22646 0
4697 0
17679 0
20348 0
6684 0
13982 0
13295 0
27110 0
13714 0
6246 0
23216 0
26308 0
15300 0
3161 0
6569 0
16600 0
10404 0
1228 0
19019 0
24401 0
23502 0
5380 0
6252 0
19975 0
7419 0
4938 0
11251 0
330 0
15982 0
25976 0
5054 0
1292 0
18362 0
8327 0
722 0
16069 0
21021 0
20317 0
9695 0
14713 0
6614 0
6069 0
1003 0
26901 0
25501 0
17744 0
9401 0
18449 0
24108 0
9477 0
1445 0
15291 0
504 0
25201 0
21242 0
10156 0
25809 0
1727 0
2423 0
16409 0
20471 0
14898 0
25321 0
22926 0
2507 0
14616 0
25295 0
4243 0
26436 0
25517 0
23917 0
11947 0
10725 0
974 0
18056 0
23020 0
23103 0
14924 0
5612 0
20580 0
27830 0
24932 0
18226 0
27047 0
8994 0
23908 0
18896 0
19894 0
18522 0
23321 0
20384 0
5275 0
12012 0
24336 0
3283 0
5396 0
28672 0
3003 0
25589 0
3797 0
18151 0
4797 0
11124 0
17887 0
24128 0
18817 0
18079 0
24876 0
14823 0
1934 0
6594 0
27349 0
13790 0
10299 0
24285 0
11969 0
11337 0
27036 0
19433 0
2262 0
5572 0
1145 0
28308 0
19609 0
3294 0
817 0
23509 0
18884 0
5655 0
14607 0
9289 0
12687 0
6666 0
19267 0
7415 0
16905 0
26111 0
14816 0
28201 0
1045 0
12315 0
15559 0
21880 0
13410 0
4087 0
25783 0
9338 0
16722 0
21038 0
28672 0
1088 0
24499 0
21462 0
27745 0
17886 0
15465 0
4745 0
9176 0
3203 0
15021 0
19866 0
11418 0
11608 0
1093 0
259 0
10773 0
2311 0
18261 0
28423 0
9402 0
18385 0
25599 0
10553 0
18429 0
4038 0
18094 0
22231 0
12887 0
12214 0
9724 0
25830 0
7375 0
17595 0
15354 0
7504 0
27490 0
20741 0
7416 0
6647 0
20810 0
5153 0
15746 0
19623 0
13475 0
17405 0
8616 0
11790 0
5299 0
21582 0
20583 0
21520 0
14935 0
22890 0
1329 0
28074 0
6853 0
10930 0
11011 0
16576 0
26003 0
12327 0
10257 0
21754 0
16560 0
12901 0
24081 0
1317 0
5699 0
6641 0
13766 0
23118 0
28672 0
12319 0
23503 0
8218 0
24108 0
9206 0
11508 0
15230 0
23618 0
21014 0
28340 0
9098 0
12431 0
23743 0
15531 0
12505 0
22448 0
1491 0
3151 0
22204 0
11393 0
17690 0
14104 0
26445 0
22618 0
24112 0
3518 0
11767 0
22141 0
13300 0
11631 0
12628 0
5084 0
11921 0
18955 0
3495 0
18018 0
2396 0
19852 0
19137 0
6418 0
5188 0
14832 0
5350 0
9654 0
13503 0
26103 0
9113 0
25722 0
15526 0
22932 0
10791 0
21620 0
24610 0
1780 0
27214 0
22070 0
22483 0
1282 0
10073 0
15534 0
8526 0
5189 0
12306 0
9856 0
17405 0
2084 0
27513 0
19157 0
19586 0
6495 0
25087 0
20278 0
27905 0
22876 0
728 0
26310 0
195 0
17523 0
22857 0
27888 0
25453 0
19386 0
21489 0
11933 0
21614 0
7374 0
12782 0
2494 0
5947 0
27574 0
25080 0
5348 0
1407 0
3120 0
14126 0
12604 0
877 0
26969 0
21524 0
10043 0
11827 0
9217 0
19320 0
11718 0
7111 0
380 0
14208 0
3799 0
6664 0
9875 0
11602 0
10393 0
21734 0
12719 0
11154 0
11380 0
16816 0
18640 0
25014 0
22878 0
26528 0
17908 0
19003 0
10566 0
6997 0
12307 0
10556 0
26372 0
8675 0
22843 0
28009 0
23159 0
5902 0
24864 0
5860 0
16789 0
25851 0
5981 0
12869 0
27121 0
6525 0
2099 0
293 0
18639 0
27202 0
18501 0
16040 0
26223 0
21060 0
19910 0
15331 0
3336 0
1919 0
3623 0
16682 0
23097 0
19657 0
16131 0
24754 0
23411 0
15925 0
11534 0
1425 0
5341 0
763 0
25267 0
21976 0
20965 0
23883 0
22648 0
21961 0
17536 0
11152 0
1524 0
1837 0
3958 0
13133 0
28358 0
9018 0
28672 0
27607 0
2877 0
3221 0
15033 0
23608 0
20305 0
18956 0
24654 0
20974 0
19656 0
26912 0
6975 0
4257 0
26411 0
14116 0
18214 0
12893 0
294 0
16915 0
8563 0
26032 0
4763 0
20866 0
23295 0
27104 0
2197 0
2668 0
4149 0
20841 0
22131 0
23391 0
21838 0
24591 0
254 0
25894 0
11730 0
28672 0
5742 0
13363 0
16427 0
9387 0
24660 0
13280 0
5635 0
9006 0
4936 0
17724 0
4102 0
4658 0
10824 0
3248 0
2923 0
4850 0
20444 0
13814 0
11514 0
27949 0
14169 0
22371 0
1622 0
5837 0
15267 0
20021 0
22465 0
12218 0
1944 0
2085 0
21594 0
11858 0
8743 0
23636 0
2146 0
3705 0
15932 0
15589 0
6341 0
6304 0
28377 0
627 0
18996 0
21600 0
2890 0
28054 0
8907 0
8107 0
1418 0
3409 0
25735 0
19849 0
10172 0
15213 0
12995 0
22114 0
17566 0
14920 0
22926 0
25275 0
3621 0
27337 0
18076 0
4605 0
16839 0
3585 0
15483 0
27083 0
1827 0
15146 0
11223 0
9666 0
4155 0
17664 0
11406 0
1772 0
20673 0
18919 0
24835 0
14413 0
21601 0
8575 0
26790 0
8265 0
23450 0
22383 0
1295 0
6405 0
2131 0
26178 0
12511 0
11814 0
11343 0
8612 0
18303 0
3395 0
2963 0
7534 0
3457 0
5700 0
20466 0
9408 0
24832 0
7329 0
15922 0
7593 0
1738 0
8740 0
25558 0
2338 0
24630 0
1036 0
26536 0
5873 0
3632 0
12606 0
26637 0
8145 0
27495 0
13926 0
10127 0
13521 0
28099 0
23593 0
25741 0
23978 0
28312 0
25709 0
15250 0
5502 0
17258 0
12767 0
26616 0
5060 0
12884 0
8036 0
18503 0
13906 0
13494 0
21902 0
6703 0
17134 0
27699 0
2996 0
3009 0
26514 0
5936 0
4529 0
14668 0
16908 0
28105 0
6791 0
15274 0
28301 0
4195 0
27182 0
8435 0
15176 0
11912 0
23969 0
13161 0
2961 0
8162 0
19695 0
15109 0
25768 0
19348 0
17257 0
6652 0
18662 0
22272 0
10148 0
25198 0
6956 0
9513 0
11139 0
13106 0
2429 0
28314 0
16247 0
3655 0
21021 0
2549 0
5330 0
14569 0
18910 0
23212 0
20223 0
9804 0
4662 0
2639 0
28546 0
28672 0
11617 0
12503 0
18456 0
2611 0
4277 0
24731 0
27202 0
5655 0
632 0
23437 0
895 0
25033 0
55 0
445 0
6086 0
18685 0
19780 0
15072 0
5144 0
27664 0
22519 0
19061 0
18519 0
9382 0
9763 0
23135 0
3391 0
11453 0
16176 0
12988 0
4771 0
4973 0
17052 0
12536 0
21492 0
28672 0
24191 0
8564 0
27515 0
17900 0
4907 0
15040 0
24058 0
26274 0
9275 0
25234 0
9625 0
6775 0
15744 0
3677 0
25289 0
23247 0
9388 0
5279 0
5781 0
20314 0
15436 0
327 0
9800 0
14631 0
11303 0
16869 0
4744 0
1003 0
7136 0
16817 0
24302 0
22592 0
1194 0
10652 0
3073 0
474 0
15299 0
9605 0
23353 0
3112 0
19684 0
9434 0
16949 0
4285 0
26804 0
13108 0
44 0
3262 0
23724 0
28672 0
8757 0
17439 0
13139 0
10390 0
21978 0
7425 0
3745 0
9277 0
14446 0
15883 0
25434 0
5285 0
21805 0
23028 0
1066 0
6971 0
17452 0
4347 0
8305 0
5126 0
22779 0
16385 0
6476 0
8005 0
18481 0
27954 0
1236 0
24245 0
12558 0
26565 0
3702 0
20484 0
15889 0
28672 0
6503 0
11002 0
6765 0
348 0
18598 0
6306 0
21011 0
20331 0
23305 0
3076 0
25770 0
9400 0
18466 0
24318 0
3689 0
5491 0
19635 0
22850 0
16661 0
27926 0
22016 0
8040 0
15192 0
18425 0
27997 0
204 0
13574 0
21086 0
13531 0
22207 0
28025 0
12873 0
7348 0
25100 0
27419 0
9916 0
20339 0
4569 0
25509 0
13519 0
1566 0
16737 0
26915 0
490 0
21376 0
6120 0
3093 0
16394 0
8960 0
10224 0
27475 0
27 0
15880 0
16227 0
2706 0
11867 0
6300 0
482 0
5751 0
7272 0
22516 0
14628 0
10193 0
21618 0
13824 0
26222 0
764 0
5204 0
28672 0
20003 0
23216 0
16695 0
23988 0
16454 0
6852 0
13782 0
1758 0
4160 0
16597 0
24115 0
20818 0
25780 0
25165 0
23639 0
27408 0
4725 0
15507 0
25148 0
20241 0
3843 0
8507 0
1674 0
7687 0
2 0
10652 0
2016 0
1536 0
1901 0
1021 0
18189 0
16883 0
25130 0
24682 0
28672 0
22481 0
7798 0
22590 0
21366 0
27943 0
18500 0
22449 0
22277 0
13923 0
12333 0
12084 0
4397 0
10564 0
21260 0
3944 0
17371 0
2308 0
24516 0
6302 0
6135 0
2218 0
9625 0
24795 0
3524 0
26277 0
18688 0
9506 0
4857 0
15605 0
2843 0
21430 0
945 0
13354 0
22642 0
9150 0
18364 0
128 0
6666 0
2291 0
4677 0
15442 0
18073 0
26584 0
26836 0
13637 0
2803 0
15361 0
11342 0
4242 0
10111 0
16393 0
12690 0
11665 0
26399 0
22701 0
27609 0
25404 0
22375 0
4224 0
20866 0
17276 0
21494 0
14992 0
18014 0
3801 0
9905 0
343 0
23570 0
11824 0
17205 0
13400 0
16412 0
23520 0
15540 0
2077 0
24087 0
22386 0
342 0
11557 0
17199 0
6089 0
9884 0
14384 0
17218 0
22490 0
17600 0
8280 0
10817 0
21445 0
11889 0
6385 0
20446 0
24080 0
27222 0
5543 0
21532 0
18843 0
22658 0
1996 0
3538 0
19185 0
2971 0
18016 0
8661 0
27331 0
1956 0
11540 0
23450 0
3280 0
12753 0
19591 0
3031 0
25038 0
14560 0
14821 0
7014 0
28620 0
2509 0
7275 0
27643 0
24853 0
7118 0
15832 0
3667 0
6416 0
25457 0
12558 0
22583 0
7342 0
19331 0
10165 0
4056 0
19866 0
24653 0
15865 0
27570 0
25532 0
26606 0
15675 0
19411 0
18492 0
4854 0
18389 0
7859 0
12743 0
20449 0
2074 0
7205 0
5418 0
11655 0
20925 0
13443 0
9206 0
5969 0
25259 0
4 0
23141 0
24309 0
25223 0
26355 0
8522 0
2142 0
27768 0
15982 0
432 0
14186 0
24016 0
3403 0
11838 0
469 0
12559 0
23965 0
28672 0
13386 0
3629 0
20315 0
23542 0
2025 0
7463 0
5338 0
924 0
12017 0
7391 0
19547 0
13722 0
25354 0
14168 0
25612 0
11699 0
21897 0
26280 0
654 0
15029 0
5548 0
2484 0
1867 0
7124 0
17465 0
27932 0
8459 0
23786 0
17391 0
13634 0
27884 0
9129 0
8676 0
10155 0
14187 0
27173 0
1087 0
11711 0
7192 0
19357 0
16645 0
22500 0
6442 0
8581 0
19983 0
14244 0
23321 0
23253 0
25984 0
6157 0
2488 0
23082 0
5885 0
8999 0
28672 0
8883 0
17669 0
28672 0
4453 0
27258 0
15428 0
14580 0
18676 0
1851 0
21941 0
27190 0
12101 0
11050 0
20948 0
19137 0
26781 0
9103 0
1023 0
5533 0
2058 0
25083 0
19216 0
485 0
20001 0
4439 0
19485 0
4969 0
7629 0
27790 0
9873 0
4853 0
10768 0
9160 0
464 0
17412 0
24074 0
18389 0
2746 0
7764 0
22478 0
6575 0
18298 0
25690 0
25718 0
10079 0
16177 0
3538 0
3108 0
26423 0
11973 0
20924 0
24439 0
20064 0
26247 0
22155 0
2524 0
24028 0
7175 0
25090 0
22195 0
16767 0
2118 0
5783 0
25686 0
3732 0
2732 0
12247 0
8542 0
5731 0
23485 0
25370 0
9129 0
16232 0
26019 0
9463 0
3233 0
2159 0
19143 0
4128 0
7393 0
23681 0
20762 0
16631 0
25278 0
9274 0
7370 0
27717 0
6308 0
17697 0
6850 0
16230 0
20725 0
19453 0
1512 0
17171 0
8120 0
25725 0
17054 0
14863 0
6449 0
18446 0
3796 0
13514 0
20 0
3540 0
20247 0
13469 0
567 0
8050 0
3944 0
10211 0
2647 0
11980 0
3412 0
1930 0
3605 0
25041 0
17653 0
3986 0
11653 0
8980 0
24032 0
2480 0
19546 0
8626 0
467 0
18934 0
11199 0
17409 0
1522 0
13535 0
28529 0
1645 0
9761 0
1143 0
18753 0
5370 0
28672 0
25060 0
20708 0
18892 0
18043 0
3921 0
3843 0
6957 0
4760 0
420 0
22762 0
23318 0
23386 0
782 0
4547 0
1749 0
18074 0
25013 0
22156 0
6123 0
21569 0
11001 0
27886 0
9576 0
3442 0
6344 0
11970 0
15246 0
24285 0
25126 0
13768 0
20015 0
18755 0
11990 0
28672 0
3256 0
18417 0
22319 0
10590 0
22260 0
4225 0
17864 0
13367 0
20381 0
27674 0
28654 0
21332 0
15470 0
18021 0
23582 0
25732 0
19883 0
17674 0
7180 0
21482 0
11168 0
28480 0
35 0
22727 0
16567 0
19890 0
13097 0
18838 0
10892 0
23204 0
9774 0
28546 0
13801 0
6762 0
25660 0
22642 0
26931 0
24276 0
16691 0
21516 0
10606 0
10372 0
17864 0
25994 0
593 0
11795 0
18635 0
3924 0
28672 0
26682 0
19256 0
2758 0
13954 0
9205 0
8660 0
28340 0
23991 0
532 0
15897 0
594 0
17813 0
11078 0
22444 0
20273 0
9316 0
2758 0
26797 0
22043 0
26739 0
12967 0
20208 0
5766 0
9490 0
17119 0
23933 0
25858 0
21135 0
7468 0
12552 0
20610 0
15451 0
15376 0
15728 0
17667 0
19621 0
1652 0
10036 0
4593 0
3094 0
6004 0
4002 0
22407 0
18205 0
3234 0
4844 0
12097 0
11202 0
24641 0
19824 0
7799 0
6079 0
9742 0
18571 0
16773 0
6757 0
22494 0
25752 0
16373 0
13253 0
1418 0
20137 0
17841 0
27901 0
12447 0
7846 0
5602 0
10737 0
7577 0
19038 0
8205 0
12752 0
4510 0
20949 0
21067 0
2796 0
20742 0
854 0
2621 0
9089 0
20609 0
19223 0
13894 0
19229 0
12721 0
23307 0
7547 0
22690 0
937 0
1587 0
1716 0
24527 0
19297 0
23477 0
11655 0
28672 0
4419 0
22898 0
26311 0
14980 0
2844 0
23776 0
11950 0
5317 0
9903 0
514 0
4585 0
8640 0
9700 0
23816 0
19964 0
22993 0
18667 0
7739 0
18931 0
22052 0
22412 0
4088 0
7053 0
5770 0
941 0
7640 0
26690 0
5053 0
23044 0
15532 0
1796 0
27483 0
11510 0
10283 0
21993 0
9647 0
25857 0
26574 0
25214 0
2317 0
23705 0
23154 0
14318 0
9276 0
12182 0
12680 0
13271 0
3476 0
17899 0
10865 0
26588 0
12510 0
5176 0
19513 0
6386 0
15627 0
4135 0
3530 0
17409 0
18109 0
13825 0
17244 0
21984 0
15165 0
22736 0
21698 0
7889 0
20172 0
26349 0
5754 0
15820 0
10999 0
22170 0
11431 0
16424 0
25890 0
8981 0
7367 0
21009 0
8992 0
10038 0
20657 0
994 0
26758 0
23065 0
14506 0
23926 0
11210 0
9960 0
1093 0
582 0
5553 0
7986 0
18555 0
6628 0
4641 0
5679 0
3056 0
18788 0
19673 0
20743 0
5014 0
19173 0
27701 0
20090 0
23464 0
21174 0
16042 0
7238 0
10200 0
21424 0
8575 0
18207 0
20995 0
26247 0
11037 0
19371 0
19536 0
20099 0
13412 0
12843 0
21525 0
16478 0
5364 0
9172 0
28672 0
16004 0
7927 0
11174 0
21778 0
25099 0
14071 0
4408 0
5386 0
5959 0
25463 0
27720 0
15769 0
11179 0
19034 0
5565 0
11698 0
14748 0
17458 0
26869 0
20496 0
20664 0
21536 0
9079 0
26102 0
20419 0
11831 0
7849 0
14197 0
2589 0
1113 0
27562 0
6377 0
18449 0
18731 0
9949 0
5291 0
5148 0
8030 0
20599 0
348 0
4626 0
7544 0
18354 0
12854 0
1543 0
26194 0
17764 0
24359 0
13344 0
4879 0
9380 0
6972 0
20126 0
25412 0
19943 0
10696 0
4171 0
11556 0
4218 0
14462 0
12177 0
2646 0
10752 0
5103 0
22657 0
6902 0
3007 0
4886 0
2580 0
7116 0
24638 0
3323 0
254 0
26201 0
20165 0
19383 0
18302 0
11737 0
4117 0
11263 0
20068 0
24357 0
22798 0
7526 0
3684 0
22232 0
8637 0
8552 0
12640 0
20300 0
28131 0
18984 0
6713 0
22672 0
12579 0
1330 0
658 0
27245 0
11510 0
12480 0
27302 0
8042 0
10797 0
22901 0
8837 0
4359 0
14033 0
33 0
7246 0
20644 0
9715 0
14411 0
21931 0
24764 0
26363 0
25283 0
24715 0
20464 0
25881 0
17122 0
9922 0
28672 0
25494 0
2392 0
8325 0
28035 0
17916 0
16156 0
12837 0
26912 0
20636 0
17570 0
15666 0
17220 0
13399 0
10497 0
10293 0
28361 0
558 0
20008 0
8830 0
16919 0
23115 0
16667 0
23317 0
18728 0
24419 0
24691 0
5509 0
2828 0
1445 0
4410 0
10270 0
24040 0
14866 0
7648 0
4431 0
24695 0
10864 0
847 0
9708 0
968 0
20036 0
22088 0
27717 0
7890 0
27131 0
2567 0
11949 0
12439 0
16436 0
2946 0
27164 0
28460 0
24942 0
24382 0
1766 0
6220 0
23220 0
17927 0
23681 0
14456 0
10061 0
21064 0
12838 0
28672 0
14148 0
27027 0
10887 0
7731 0
13861 0
7674 0
14602 0
16874 0
20873 0
10518 0
3703 0
11235 0
16314 0
17380 0
5529 0
3064 0
25760 0
815 0
13538 0
22204 0
6629 0
20531 0
22421 0
7366 0
1999 0
25916 0
24644 0
848 0
20931 0
11502 0
11690 0
17636 0
9757 0
26395 0
6055 0
373 0
20587 0
1708 0
2258 0
16892 0
7067 0
16153 0
10279 0
2639 0
20862 0
4550 0
27119 0
12892 0
24634 0
21803 0
11138 0
24403 0
20758 0
14848 0
2316 0
18106 0
17250 0
15628 0
26560 0
4780 0
9357 0
22631 0
9107 0
8557 0
14455 0
13457 0
6689 0
2008 0
14755 0
27401 0
28672 0
12923 0
11312 0
15988 0
17050 0
20436 0
9619 0
23955 0
7073 0
17220 0
24880 0
8311 0
14980 0
3198 0
28091 0
17142 0
7749 0
18428 0
5978 0
6756 0
26746 0
11407 0
12134 0
3409 0
960 0
20317 0
10153 0
23781 0
24177 0
21686 0
16591 0
22613 0
3460 0
16044 0
1210 0
24486 0
17363 0
25739 0
2364 0
4592 0
24080 0
1091 0
21777 0
7287 0
24192 0
25008 0
11725 0
1 0
24101 0
23651 0
21490 0
10500 0
23036 0
6824 0
20285 0
3345 0
26680 0
129 0
18515 0
5677 0
3863 0
23988 0
14905 0
5713 0
26477 0
19381 0
27568 0
27677 0
22508 0
2519 0
3980 0
9348 0
22860 0
309 0
5596 0
20763 0
19670 0
24137 0
22250 0
5810 0
6485 0
25732 0
4991 0
13400 0
10413 0
5602 0
4361 0
28 0
6994 0
26151 0
4936 0
19390 0
17875 0
2636 0
20199 0
22023 0
5712 0
4618 0
25308 0
1150 0
26698 0
16555 0
5706 0
6038 0
9539 0
13054 0
26303 0
7275 0
11611 0
17106 0
19204 0
20124 0
11430 0
21990 0
15537 0
1175 0
4652 0
26559 0
218 0
11096 0
14513 0
27491 0
20489 0
16819 0
16284 0
10077 0
1054 0
13794 0
9311 0
21423 0
14996 0
24651 0
20908 0
18712 0
16850 0
1974 0
15946 0
25977 0
15141 0
27246 0
3325 0
11042 0
16192 0
19709 0
17420 0
22833 0
14808 0
4060 0
12409 0
5201 0
3365 0
25479 0
25953 0
18069 0
24089 0
5459 0
5509 0
23602 0
23775 0
14174 0
9359 0
8442 0
26201 0
2026 0
5953 0
28569 0
6041 0
17599 0
10941 0
15158 0
14839 0
970 0
27119 0
26831 0
12544 0
9473 0
26296 0
26286 0
20918 0
1820 0
5285 0
23579 0
27950 0
5011 0
18856 0
5460 0
10753 0
24801 0
1616 0
19924 0
20146 0
19172 0
28479 0
25904 0
22505 0
12636 0
18865 0
15187 0
9789 0
15455 0
27657 0
22938 0
12967 0
27646 0
22570 0
15840 0
19630 0
13582 0
23793 0
10837 0
8425 0
21082 0
7950 0
20409 0
17148 0
14433 0
1999 0
768 0
23972 0
26879 0
27378 0
14308 0
25605 0
9292 0
22525 0
25922 0
9977 0
21975 0
16014 0
17161 0
3786 0
20087 0
12418 0
23503 0
26264 0
10249 0
2807 0
7901 0
25504 0
1730 0
14497 0
20356 0
20186 0
14260 0
1656 0
13603 0
11825 0
16674 0
26066 0
18949 0
8317 0
16265 0
8627 0
13625 0
28672 0
13609 0
19176 0
17319 0
12285 0
1891 0
5173 0
3702 0
12572 0
13044 0
13432 0
27692 0
11580 0
7399 0
9039 0
13415 0
2779 0
8333 0
17989 0
3407 0
1624 0
3028 0
14067 0
14871 0
20874 0
28672 0
2849 0
23320 0
18897 0
25963 0
11295 0
27957 0
3625 0
22969 0
1408 0
8904 0
13888 0
2543 0
17878 0
5171 0
13751 0
12514 0
122 0
23385 0
20777 0
18677 0
11072 0
21169 0
5316 0
26033 0
3380 0
2656 0
11609 0
11616 0
2184 0
10777 0
26525 0
10315 0
18173 0
20580 0
19425 0
21281 0
24101 0
16464 0
6209 0
22907 0
26444 0
25235 0
19475 0
16630 0
12789 0
11220 0
7224 0
23061 0
22057 0
26707 0
19391 0
3090 0
18104 0
4235 0
10289 0
8176 0
11443 0
2377 0
21145 0
5431 0
12415 0
25992 0
20845 0
9838 0
11866 0
20704 0
9696 0
6037 0
16274 0
27664 0
14154 0
2622 0
8787 0
16737 0
2963 0
20666 0
14738 0
14424 0
11093 0
22436 0
13445 0
25742 0
5861 0
25601 0
8841 0
1791 0
5047 0
11143 0
19210 0
3912 0
10856 0
27168 0
20748 0
2577 0
2805 0
13195 0
1499 0
24326 0
2434 0
6216 0
17744 0
1752 0
6963 0
23273 0
22006 0
18503 0
23574 0
20111 0
9362 0
13678 0
9367 0
13984 0
27063 0
20649 0
7062 0
6427 0
5917 0
27934 0
18581 0
4041 0
5911 0
11472 0
15428 0
6084 0
22781 0
27672 0
6280 0
23485 0
12932 0
15261 0
12544 0
27658 0
8311 0
8137 0
23665 0
26133 0
25054 0
10983 0
14473 0
7070 0
23464 0
21165 0
18970 0
18902 0
1336 0
12695 0
19464 0
15797 0
24885 0
746 0
15077 0
21098 0
19856 0
17095 0
2195 0
23707 0
24654 0
23058 0
24017 0
22521 0
26051 0
12971 0
17470 0
17718 0
26262 0
11168 0
24367 0
6182 0
13304 0
21179 0
13157 0
17379 0
4914 0
13643 0
2088 0
8513 0
13807 0
14526 0
3824 0
10147 0
25611 0
7996 0
25324 0
11492 0
12741 0
7145 0
2914 0
14871 0
15894 0
26788 0
12106 0
24750 0
24297 0
1530 0
7799 0
28028 0
13352 0
24179 0
1724 0
7714 0
22029 0
25811 0
13634 0
517 0
25413 0
23953 0
23077 0
28013 0
1560 0
13747 0
8652 0
14672 0
8097 0
9404 0
28238 0
2387 0
28109 0
17263 0
21966 0
23896 0
1689 0
3784 0
15683 0
28672 0
27349 0
4969 0
27555 0
16707 0
2861 0
7602 0
7687 0
17964 0
1950 0
12403 0
17061 0
21480 0
10636 0
25862 0
11326 0
12681 0
6908 0
1307 0
2860 0
15916 0
9847 0
13020 0
2756 0
11690 0
2201 0
10651 0
10163 0
12658 0
6032 0
6378 0
20691 0
15454 0
21735 0
7593 0
16635 0
3128 0
6434 0
6369 0
18004 0
1844 0
20517 0
26720 0
18998 0
5796 0
18602 0
11249 0
15257 0
15855 0
13255 0
26920 0
2656 0
3966 0
14726 0
9530 0
28530 0
5660 0
9356 0
4780 0
24279 0
289 0
23835 0
16180 0
22246 0
18093 0
6132 0
3883 0
23997 0
27209 0
24594 0
24492 0
20570 0
12561 0
6356 0
15962 0
7723 0
28672 0
21738 0
3723 0
18481 0
21164 0
24152 0
10213 0
7633 0
21651 0
4973 0
22729 0
2002 0
16692 0
27118 0
6338 0
23646 0
25946 0
28145 0
10395 0
13583 0
8052 0
1741 0
110 0
16682 0
25599 0
7710 0
3278 0
1539 0
11138 0
26806 0
28672 0
6544 0
14869 0
8170 0
3675 0
27116 0
26855 0
28672 0
28339 0
27603 0
25206 0
16723 0
8505 0
14080 0
21714 0
3961 0
14303 0
11160 0
14725 0
15563 0
22610 0
17189 0
1799 0
11958 0
14029 0
11837 0
4279 0
19808 0
16615 0
11479 0
22851 0
8883 0
23885 0
11029 0
21031 0
8038 0
21963 0
5194 0
23270 0
7349 0
10801 0
9331 0
22806 0
24483 0
21844 0
16466 0
20511 0
11627 0
18980 0
13605 0
19484 0
8911 0
3857 0
27702 0
20310 0
13979 0
11823 0
26921 0
13209 0
10762 0
25636 0
14233 0
20334 0
1879 0
7578 0
4943 0
26013 0
16384 0
373 0
8391 0
17061 0
3787 0
3721 0
769 0
1194 0
1874 0
12497 0
15965 0
2448 0
23872 0
22212 0
11230 0
11374 0
20972 0
8191 0
4474 0
8068 0
9718 0
20130 0
28672 0
20317 0
17618 0
4417 0
9348 0
11608 0
21467 0
17915 0
27965 0
2035 0
876 0
12308 0
26708 0
24367 0
10281 0
23815 0
21637 0
4827 0
25915 0
2784 0
10938 0
23018 0
13835 0
921 0
25266 0
26288 0
26113 0
5879 0
4389 0
11060 0
10815 0
5788 0
11641 0
9065 0
12136 0
16310 0
14100 0
12537 0
21623 0
6015 0
11078 0
2996 0
20818 0
15371 0
18641 0
26749 0
3699 0
21140 0
13027 0
3842 0
25532 0
26172 0
22741 0
3860 0
6839 0
14954 0
9317 0
7091 0
21775 0
3607 0
12120 0
6311 0
23079 0
24989 0
3710 0
26300 0
22086 0
19150 0
6853 0
15798 0
5792 0
25452 0
23734 0
13043 0
2312 0
12035 0
27154 0
5789 0
25939 0
1875 0
16156 0
14516 0
1201 0
25878 0
18473 0
17042 0
28056 0
22741 0
13111 0
13331 0
25625 0
3998 0
26936 0
19140 0
16942 0
8263 0
13734 0
2732 0
6646 0
11661 0
6325 0
3158 0
16694 0
24751 0
28199 0
15128 0
20212 0
15807 0
14109 0
1498 0
28672 0
16271 0
4508 0
10675 0
23716 0
27349 0
25646 0
18583 0
20361 0
25441 0
1736 0
17160 0
21580 0
1423 0
14746 0
10105 0
7591 0
7080 0
15389 0
16436 0
2707 0
9506 0
22036 0
16732 0
745 0
26218 0
4821 0
11340 0
22991 0
23742 0
26312 0
12654 0
11091 0
19188 0
16202 0
8185 0
16148 0
6839 0
20622 0
7821 0
4400 0
24604 0
10625 0
24353 0
1648 0
2272 0
24990 0
8999 0
7413 0
3055 0
7189 0
10907 0
25017 0
16166 0
13665 0
22821 0
21581 0
17951 0
11931 0
6440 0
21014 0
13132 0
13168 0
15188 0
7091 0
9778 0
25923 0
1351 0
12619 0
38 0
8219 0
1172 0
903 0
23914 0
9816 0
12615 0
9128 0
14529 0
6355 0
5990 0
19894 0
22519 0
2742 0
5907 0
15057 0
22696 0
11405 0
28293 0
9025 0
1107 0
10218 0
12827 0
3969 0
3057 0
27111 0
19075 0
25489 0
16587 0
6825 0
12015 0
21002 0
14112 0
20571 0
21580 0
23240 0
10123 0
15599 0
805 0
2303 0
16016 0
6473 0
19360 0
2114 0
23359 0
16464 0
16239 0
10016 0
2874 0
6988 0
1208 0
15849 0
2288 0
28672 0
23149 0
7549 0
5912 0
11060 0
9311 0
5848 0
12523 0
6984 0
23898 0
1025 0
8388 0
13310 0
6397 0
17727 0
17487 0
16758 0
10630 0
25230 0
24691 0
16404 0
5666 0
10303 0
27741 0
20946 0
4244 0
20362 0
21560 0
23085 0
18773 0
7131 0
7949 0
1981 0
1870 0
23346 0
17757 0
7858 0
133 0
7160 0
28672 0
13198 0
2119 0
15633 0
28672 0
26194 0
11295 0
25952 0
26400 0
12171 0
21599 0
20778 0
5450 0
27740 0
11984 0
7413 0
19957 0
14837 0
11877 0
10109 0
2233 0
16334 0
18545 0
27185 0
13146 0
6506 0
24238 0
27468 0
20835 0
18028 0
8588 0
22517 0
25505 0
24792 0
7749 0
27126 0
23457 0
18496 0
7605 0
1190 0
6904 0
19030 0
3518 0
6992 0
16522 0
21254 0
26268 0
1240 0
27104 0
2142 0
16586 0
16810 0
4181 0
7875 0
19042 0
16429 0
22388 0
3195 0
21518 0
3671 0
3473 0
49 0
14177 0
9044 0
25333 0
21938 0
2997 0
14061 0
9590 0
7539 0
15442 0
16561 0
27458 0
28537 0
18704 0
18920 0
7202 0
23156 0
7189 0
6723 0
11986 0
27359 0
16029 0
4828 0
11601 0
27004 0
17996 0
7590 0
26284 0
20863 0
4179 0
10298 0
21741 0
9484 0
8995 0
119 0
18262 0
23478 0
25006 0
9940 0
28285 0
14032 0
5529 0
15483 0
25581 0
20025 0
14387 0
13003 0
16587 0
16696 0
21907 0
7416 0
12291 0
26490 0
23284 0
2603 0
5309 0
23803 0
6373 0
26492 0
2002 0
16191 0
28206 0
21723 0
3606 0
13121 0
14512 0
27124 0
19321 0
6819 0
10384 0
1029 0
19852 0
5153 0
1120 0
1456 0
17646 0
14404 0
25803 0
17575 0
17224 0
19550 0
11658 0
9744 0
6563 0
4130 0
1491 0
23085 0
27461 0
21420 0
13024 0
9901 0
16005 0
6461 0
16220 0
27858 0
11731 0
17536 0
15205 0
26874 0
27760 0
22855 0
13844 0
7756 0
8777 0
25224 0
11353 0
26811 0
3242 0
22788 0
9122 0
22731 0
7675 0
3342 0
27099 0
27476 0
11500 0
4419 0
11106 0
22811 0
27697 0
26122 0
15466 0
623 0
13022 0
6538 0
10451 0
6572 0
25198 0
25081 0
26827 0
19308 0
7561 0
504 0
26712 0
16700 0
25267 0
27232 0
6670 0
8620 0
12034 0
15585 0
16747 0
26804 0
25247 0
11880 0
11536 0
28553 0
28672 0
1253 0
22442 0
2526 0
771 0
12173 0
16914 0
17969 0
24106 0
18180 0
25284 0
4354 0
24709 0
23861 0
27589 0
5743 0
4543 0
22047 0
3481 0
1218 0
27117 0
10346 0
23762 0
26456 0
21854 0
25692 0
15613 0
2643 0
6510 0
14746 0
28136 0
5689 0
12217 0
8220 0
17997 0
19631 0
6025 0
20012 0
11393 0
18589 0
830 0
25158 0
7452 0
2359 0
27186 0
21384 0
13900 0
1775 0
7489 0
23682 0
12828 0
12489 0
1957 0
8853 0
4247 0
14695 0
23964 0
9949 0
479 0
19413 0
18594 0
1945 0
21469 0
18449 0
2556 0
26230 0
23589 0
7153 0
10065 0
23428 0
21691 0
2746 0
28672 0
7342 0
953 0
12824 0
586 0
1453 0
25493 0
3938 0
23240 0
11253 0
19461 0
25166 0
19523 0
19376 0
23024 0
5670 0
17092 0
2307 0
938 0
17030 0
8015 0
10394 0
3207 0
9142 0
11328 0
9400 0
20175 0
8513 0
20541 0
16638 0
26189 0
27277 0
661 0
21903 0
23740 0
679 0
10416 0
27604 0
18890 0
11926 0
25536 0
13385 0
28020 0
1911 0
26383 0
10952 0
9632 0
8872 0
7962 0
329 0
14660 0
27265 0
798 0
20225 0
4378 0
26362 0
24945 0
11745 0
7874 0
13318 0
1456 0
18381 0
15438 0
17731 0
6881 0
14411 0
6068 0
19234 0
20161 0
714 0
9086 0
9340 0
16610 0
24444 0
485 0
1134 0
12876 0
27173 0
15760 0
25127 0
5916 0
7534 0
10428 0
15134 0
13453 0
4220 0
13909 0
12292 0
481 0
8936 0
25388 0
23363 0
6805 0
12031 0
1605 0
2621 0
24410 0
4884 0
23040 0
5273 0
14383 0
18522 0
14385 0
6013 0
7221 0
2337 0
19276 0
21753 0
8221 0
10178 0
18260 0
14807 0
5071 0
14363 0
12554 0
100 0
26378 0
24632 0
18606 0
16393 0
10989 0
17207 0
23558 0
18620 0
7870 0
10508 0
21346 0
27048 0
25631 0
2198 0
2261 0
13062 0
2801 0
9067 0
18633 0
4850 0
15236 0
8514 0
10333 0
16065 0
3947 0
28000 0
8606 0
3045 0
4196 0
