8129 0
8129 0
9458 0
25296 0
14593 0
32767 0
19418 0
32767 0
32767 0
32767 0
9154 0
32767 0
32767 0
1470 0
24883 0
15589 0
32767 0
8351 0
6711 0
8837 0
16028 0
6027 0
16447 0
12434 0
14933 0
29418 0
32767 0
2457 0
8493 0
6710 0
32767 0
18563 0
21433 0
20970 0
32767 0
8122 0
18541 0
25285 0
23194 0
28805 0
6524 0
32767 0
18189 0
32767 0
20627 0
7834 0
13633 0
10088 0
25050 0
1126 0
32767 0
11157 0
22133 0
30888 0
17728 0
28170 0
32767 0
13320 0
18446 0
4787 0
20442 0
25752 0
32767 0
32767 0
16105 0
21337 0
6963 0
3187 0
30852 0
21373 0
7120 0
2623 0
32767 0
11575 0
2576 0
27904 0
32767 0
27235 0
32767 0
32767 0
17641 0
12088 0
13377 0
29719 0
32767 0
8322 0
32767 0
6525 0
11991 0
32767 0
17000 0
12265 0
32767 0
14293 0
4804 0
2015 0
32767 0
32767 0
20760 0
13017 0
8283 0
16899 0
30136 0
25611 0
7693 0
13009 0
32767 0
32767 0
1123 0
3300 0
31598 0
12624 0
32767 0
32767 0
11600 0
32767 0
32767 0
32767 0
14459 0
3328 0
28878 0
32767 0
28495 0
17310 0
31434 0
6508 0
17722 0
3113 0
25492 0
4437 0
32767 0
32767 0
32767 0
891 0
32767 0
11006 0
20043 0
20043 0
32767 0
9219 0
21913 0
32446 0
2224 0
16984 0
9690 0
32767 0
32767 0
18995 0
28283 0
32767 0
26417 0
18217 0
32532 0
6483 0
3925 0
22093 0
18859 0
15242 0
242 0
22092 0
3935 0
19864 0
32767 0
15278 0
7745 0
6735 0
10378 0
31199 0
3738 0
7558 0
31 0
998 0
28554 0
10524 0
7342 0
32767 0
4410 0
32767 0
32767 0
32767 0
11887 0
32767 0
1089 0
16600 0
4029 0
32767 0
18109 0
32767 0
30274 0
12041 0
10068 0
15773 0
23530 0
32767 0
32767 0
16141 0
11996 0
9419 0
22245 0
29514 0
53 0
11456 0
16705 0
27201 0
20650 0
24583 0
1261 0
30871 0
27800 0
32767 0
24063 0
7754 0
32767 0
32767 0
17406 0
9281 0
13100 0
9293 0
32223 0
20551 0
12943 0
32767 0
32767 0
10930 0
14982 0
25827 0
10158 0
10625 0
9986 0
12093 0
3760 0
16759 0
2390 0
16583 0
8218 0
32767 0
11336 0
8823 0
29486 0
22468 0
26968 0
32767 0
22575 0
27074 0
32767 0
32767 0
15116 0
18605 0
31665 0
1133 0
18553 0
31198 0
32767 0
21658 0
18721 0
11290 0
2208 0
13134 0
19238 0
5957 0
12198 0
24255 0
31319 0
23878 0
31327 0
5867 0
14196 0
22800 0
15426 0
32767 0
32767 0
29181 0
4339 0
31666 0
1529 0
40 0
8994 0
32767 0
15855 0
21443 0
9927 0
32767 0
8290 0
32767 0
13918 0
32767 0
32767 0
3462 0
4247 0
8439 0
6024 0
6694 0
4762 0
32741 0
30567 0
9895 0
8267 0
21584 0
5762 0
18835 0
32767 0
32767 0
29456 0
9869 0
32767 0
32767 0
32767 0
32767 0
8146 0
32767 0
30835 0
1096 0
20975 0
32767 0
32767 0
3562 0
23056 0
20194 0
32767 0
28866 0
32767 0
32767 0
10204 0
32670 0
32767 0
28987 0
21331 0
15402 0
32767 0
1680 0
11872 0
9855 0
4532 0
32767 0
32767 0
11777 0
32767 0
24160 0
32767 0
20559 0
28912 0
11492 0
32767 0
20791 0
29792 0
4205 0
17005 0
13787 0
32767 0
32767 0
5714 0
8643 0
12499 0
21842 0
32767 0
14686 0
27536 0
22179 0
21075 0
2541 0
4684 0
21655 0
5407 0
15141 0
32767 0
32767 0
32767 0
25660 0
4233 0
23461 0
21358 0
13995 0
26012 0
15371 0
1808 0
32767 0
3232 0
14070 0
21145 0
2011 0
32767 0
12582 0
23645 0
8452 0
4117 0
26030 0
1832 0
23391 0
7025 0
20701 0
3502 0
32767 0
1076 0
11880 0
5773 0
4676 0
32767 0
32767 0
9035 0
32767 0
32767 0
32767 0
32767 0
32767 0
7012 0
18204 0
31876 0
32767 0
32767 0
32767 0
1138 0
984 0
21378 0
28589 0
4138 0
23259 0
6536 0
14681 0
15818 0
1328 0
32767 0
11633 0
7732 0
9253 0
676 0
12791 0
32767 0
6988 0
32767 0
7359 0
14780 0
20433 0
7433 0
30875 0
11257 0
29530 0
32767 0
13030 0
2737 0
32767 0
28559 0
22657 0
3889 0
20722 0
18816 0
3786 0
4401 0
32767 0
23500 0
17495 0
32767 0
27171 0
32015 0
24497 0
26574 0
12851 0
32767 0
32767 0
23073 0
18273 0
32767 0
20993 0
32767 0
24206 0
17532 0
4120 0
8687 0
31443 0
32767 0
274 0
32767 0
32767 0
32767 0
6953 0
3185 0
952 0
21511 0
18547 0
24024 0
32767 0
7296 0
13331 0
32767 0
10089 0
23949 0
14434 0
938 0
32767 0
9128 0
31261 0
11297 0
3863 0
19863 0
18818 0
21185 0
6740 0
32767 0
6010 0
29474 0
3668 0
17780 0
2355 0
7642 0
5413 0
31999 0
32081 0
21886 0
21641 0
32767 0
32767 0
28939 0
32767 0
4386 0
32712 0
12270 0
22877 0
17012 0
32767 0
19674 0
23772 0
9075 0
4036 0
25028 0
12691 0
1974 0
32767 0
1375 0
28928 0
26621 0
25245 0
5806 0
20798 0
1886 0
6138 0
13268 0
16737 0
454 0
10598 0
5949 0
15072 0
1021 0
21251 0
7652 0
14944 0
1367 0
32767 0
7938 0
17031 0
10079 0
19451 0
13141 0
26445 0
18880 0
32767 0
32767 0
26672 0
32767 0
14823 0
32767 0
2085 0
9372 0
32767 0
32767 0
6584 0
27295 0
26154 0
32767 0
29030 0
27840 0
32767 0
15671 0
32767 0
17405 0
23725 0
22544 0
6182 0
20679 0
13528 0
13828 0
9223 0
430 0
4209 0
1387 0
23895 0
5907 0
32767 0
27153 0
10435 0
2330 0
32767 0
23221 0
27925 0
32767 0
5512 0
2988 0
1234 0
32767 0
20762 0
13221 0
18175 0
10117 0
32767 0
31128 0
22738 0
32767 0
20073 0
20813 0
22359 0
8871 0
22453 0
3673 0
31780 0
19900 0
24475 0
1812 0
10042 0
2928 0
3162 0
32767 0
15427 0
6807 0
21132 0
32767 0
32767 0
32767 0
32767 0
7732 0
4473 0
18038 0
1587 0
70 0
4661 0
10339 0
27148 0
569 0
19458 0
1457 0
13271 0
17841 0
160 0
32767 0
32767 0
32767 0
24567 0
31106 0
10688 0
32767 0
13238 0
3905 0
32767 0
32471 0
3318 0
32767 0
29169 0
580 0
5548 0
32186 0
32767 0
32767 0
24948 0
22012 0
15080 0
16056 0
27256 0
32767 0
9177 0
18442 0
31338 0
6707 0
13755 0
32767 0
32767 0
8399 0
29543 0
32767 0
32767 0
143 0
2463 0
32767 0
32767 0
16186 0
20408 0
3094 0
17858 0
3214 0
23111 0
6738 0
13523 0
17384 0
31113 0
32767 0
22798 0
32767 0
972 0
8419 0
24005 0
4913 0
21130 0
6545 0
7343 0
27847 0
6374 0
2467 0
32767 0
32767 0
1076 0
19365 0
5325 0
23314 0
10368 0
6092 0
1981 0
13113 0
8915 0
32767 0
32767 0
19545 0
32767 0
32767 0
26908 0
1521 0
8608 0
6269 0
32767 0
32767 0
11999 0
29149 0
8261 0
2062 0
66 0
16636 0
19185 0
3849 0
32767 0
15506 0
32767 0
14765 0
3993 0
4595 0
32767 0
1409 0
12530 0
32767 0
5146 0
32767 0
0 0
32767 0
1797 0
7150 0
32767 0
27164 0
24554 0
12374 0
11841 0
32767 0
1601 0
27977 0
14076 0
32767 0
30193 0
18127 0
6537 0
23162 0
957 0
32767 0
10308 0
10855 0
14587 0
32767 0
28111 0
7705 0
32767 0
12799 0
7182 0
32767 0
24836 0
18395 0
32767 0
32767 0
21484 0
16493 0
8363 0
24043 0
28040 0
12288 0
32767 0
14207 0
32767 0
8324 0
32767 0
1457 0
32767 0
32767 0
32767 0
24488 0
1458 0
30459 0
32767 0
32767 0
696 0
32767 0
17315 0
22987 0
25382 0
3705 0
9401 0
32767 0
32767 0
31411 0
4887 0
29784 0
32767 0
26711 0
7633 0
22028 0
32767 0
32767 0
9436 0
13240 0
2132 0
32767 0
28219 0
14688 0
32767 0
32767 0
32767 0
24336 0
11071 0
32767 0
6173 0
14384 0
18844 0
32767 0
32767 0
32767 0
32767 0
27641 0
5796 0
32767 0
32767 0
32767 0
32767 0
2138 0
32767 0
32767 0
32767 0
5399 0
6496 0
32767 0
18103 0
32767 0
18168 0
18311 0
17491 0
1800 0
4308 0
17664 0
32767 0
32767 0
15612 0
32767 0
32767 0
23264 0
26930 0
27375 0
32767 0
32767 0
22984 0
29776 0
18375 0
20051 0
32767 0
10577 0
4079 0
757 0
32158 0
13802 0
21164 0
5181 0
32767 0
32767 0
28427 0
18654 0
3491 0
25570 0
31563 0
32767 0
32767 0
32767 0
26537 0
6861 0
20853 0
32767 0
5068 0
32767 0
31618 0
32767 0
32767 0
32767 0
19841 0
21183 0
27623 0
19653 0
11296 0
8865 0
3123 0
32767 0
25061 0
31090 0
32767 0
32767 0
20002 0
6539 0
6229 0
7004 0
26945 0
26169 0
32767 0
29080 0
7084 0
30465 0
1103 0
4465 0
19641 0
424 0
7180 0
26879 0
2210 0
27013 0
20888 0
17345 0
26791 0
32767 0
8569 0
12393 0
16001 0
699 0
31397 0
23924 0
12188 0
9048 0
32767 0
15553 0
32767 0
32767 0
16953 0
25287 0
12629 0
7498 0
23520 0
32767 0
32379 0
32767 0
32767 0
32767 0
32767 0
19531 0
10895 0
1340 0
21891 0
18972 0
433 0
9283 0
25127 0
25334 0
4251 0
19473 0
7259 0
708 0
24587 0
19183 0
32767 0
32767 0
32767 0
32536 0
20969 0
15339 0
631 0
32767 0
7010 0
32767 0
1696 0
6325 0
32767 0
32767 0
6692 0
1261 0
16145 0
308 0
435 0
32767 0
32767 0
6040 0
685 0
32767 0
32767 0
32767 0
32031 0
20314 0
32767 0
13156 0
32767 0
13291 0
17557 0
2106 0
27505 0
7748 0
6608 0
28463 0
25683 0
32767 0
30837 0
4162 0
22422 0
32767 0
32767 0
14133 0
18875 0
20881 0
32767 0
4070 0
11122 0
32767 0
18434 0
11911 0
31699 0
2147 0
32767 0
32767 0
4106 0
18593 0
14487 0
9672 0
12225 0
25872 0
32767 0
32767 0
2942 0
28292 0
4182 0
24891 0
20146 0
14187 0
31685 0
22346 0
18435 0
32496 0
32767 0
4242 0
8591 0
23492 0
32767 0
32767 0
19370 0
32767 0
28627 0
20640 0
32767 0
7620 0
32767 0
506 0
32767 0
26763 0
3728 0
5000 0
32767 0
26595 0
32767 0
32767 0
32767 0
17320 0
32767 0
6804 0
16253 0
32767 0
6147 0
32767 0
14476 0
27576 0
18055 0
32767 0
32767 0
32767 0
32767 0
23076 0
32767 0
32767 0
22963 0
25450 0
11949 0
7007 0
32767 0
32767 0
5531 0
12784 0
12245 0
32767 0
32767 0
1911 0
2038 0
32767 0
19809 0
4018 0
20180 0
15002 0
26820 0
32767 0
32767 0
13392 0
32767 0
32767 0
17662 0
6168 0
17844 0
11972 0
12291 0
32767 0
238 0
6143 0
32767 0
32767 0
839 0
9080 0
25735 0
32767 0
32767 0
32767 0
12179 0
5160 0
13580 0
32033 0
32767 0
14736 0
21174 0
11553 0
22280 0
32767 0
8777 0
32767 0
32767 0
4072 0
2612 0
32767 0
18727 0
32767 0
3474 0
28964 0
31388 0
32767 0
4887 0
16773 0
25048 0
7423 0
21710 0
23307 0
12079 0
6866 0
8280 0
14665 0
32767 0
29073 0
28508 0
21257 0
956 0
16048 0
13172 0
17236 0
13474 0
32767 0
32767 0
193 0
6 0
30052 0
9283 0
8804 0
2097 0
20311 0
3611 0
16657 0
4387 0
32767 0
14354 0
32767 0
32767 0
5550 0
4221 0
5070 0
32767 0
32767 0
32767 0
32767 0
32767 0
29755 0
32767 0
32767 0
4904 0
32767 0
1903 0
12228 0
14872 0
32767 0
22488 0
30920 0
32767 0
22886 0
32767 0
24633 0
30220 0
14463 0
11060 0
11587 0
8129 0
31961 0
13105 0
32767 0
8790 0
10576 0
20464 0
5279 0
3784 0
32767 0
32767 0
8734 0
21779 0
32767 0
979 0
1264 0
11663 0
25254 0
10775 0
7767 0
32767 0
32767 0
8006 0
2105 0
8532 0
29553 0
32767 0
32767 0
5007 0
29951 0
3356 0
32568 0
4970 0
32767 0
32767 0
13551 0
32767 0
3479 0
14243 0
10403 0
32767 0
32767 0
6520 0
32767 0
12605 0
26066 0
23659 0
32767 0
24724 0
16716 0
25173 0
13404 0
23819 0
32767 0
11856 0
11409 0
32767 0
27086 0
16883 0
8677 0
16169 0
30135 0
32579 0
32767 0
19874 0
19677 0
32767 0
9093 0
32767 0
17659 0
30996 0
10805 0
18971 0
32624 0
5886 0
11507 0
4655 0
9749 0
16469 0
21119 0
31901 0
19634 0
10761 0
13272 0
32767 0
7014 0
15363 0
6539 0
12006 0
32767 0
5899 0
21406 0
11763 0
5671 0
32767 0
32767 0
15333 0
32767 0
11899 0
29936 0
25798 0
27116 0
455 0
32767 0
1646 0
30500 0
32767 0
13916 0
32767 0
32767 0
32767 0
29183 0
28179 0
32767 0
2120 0
11389 0
5200 0
4777 0
12301 0
32767 0
32767 0
32767 0
18667 0
32543 0
998 0
16858 0
8380 0
32767 0
25082 0
16169 0
18365 0
12078 0
11113 0
18986 0
32767 0
32767 0
26502 0
25621 0
32767 0
6262 0
6456 0
32767 0
1112 0
32767 0
25961 0
32348 0
32767 0
9661 0
7818 0
27225 0
8519 0
308 0
7067 0
29417 0
2265 0
22329 0
1789 0
26457 0
1663 0
32767 0
11446 0
16271 0
4173 0
32767 0
32767 0
32767 0
22883 0
31861 0
5750 0
32767 0
4650 0
25426 0
32767 0
18696 0
13517 0
32767 0
32767 0
24357 0
18810 0
8146 0
32767 0
6815 0
9440 0
2042 0
2690 0
6107 0
11854 0
21953 0
1857 0
5325 0
32767 0
32767 0
32767 0
32767 0
2178 0
22421 0
4588 0
12483 0
32767 0
32767 0
3742 0
5038 0
14934 0
23554 0
18815 0
3691 0
1698 0
32767 0
14760 0
32767 0
5445 0
24052 0
3057 0
15039 0
12353 0
29924 0
19165 0
32767 0
25616 0
15607 0
28134 0
13955 0
378 0
32767 0
32767 0
4320 0
32767 0
32767 0
18082 0
32767 0
32767 0
1588 0
19302 0
26029 0
10885 0
21556 0
30152 0
32767 0
4618 0
28916 0
32767 0
32767 0
12948 0
32767 0
19075 0
32767 0
32767 0
10207 0
32767 0
315 0
26585 0
23769 0
32767 0
32767 0
32767 0
7641 0
3834 0
19330 0
16417 0
5918 0
25315 0
16500 0
15287 0
6183 0
16492 0
6865 0
1674 0
8817 0
23192 0
32767 0
3299 0
31986 0
24575 0
11829 0
1537 0
27123 0
8063 0
32767 0
32767 0
12676 0
32767 0
20596 0
27614 0
32767 0
5204 0
25328 0
5766 0
2717 0
916 0
32767 0
11619 0
23553 0
25358 0
1702 0
1207 0
32719 0
30791 0
26089 0
11091 0
32767 0
7248 0
32767 0
24899 0
10477 0
29859 0
32767 0
32767 0
32767 0
27974 0
11435 0
32767 0
11684 0
17509 0
28943 0
26896 0
28137 0
32767 0
16457 0
29442 0
31059 0
30703 0
4879 0
11182 0
1124 0
29854 0
17513 0
20357 0
13353 0
31141 0
16697 0
16433 0
32767 0
28617 0
21915 0
32767 0
27805 0
3214 0
3260 0
11642 0
27419 0
24124 0
11 0
32767 0
8552 0
32767 0
32767 0
32767 0
1111 0
10720 0
1560 0
14409 0
6813 0
14925 0
27788 0
32767 0
1683 0
281 0
24700 0
30235 0
32767 0
32767 0
32767 0
22968 0
30436 0
14605 0
16009 0
19569 0
32767 0
17777 0
737 0
32767 0
32767 0
32767 0
32767 0
31458 0
1346 0
12066 0
11995 0
10262 0
18902 0
4379 0
32767 0
26897 0
8445 0
16810 0
27421 0
26570 0
27745 0
23964 0
11272 0
21529 0
21164 0
2616 0
6968 0
4317 0
21899 0
452 0
11897 0
5726 0
6904 0
32767 0
32767 0
6357 0
22860 0
32767 0
10044 0
13865 0
23772 0
6250 0
12105 0
11797 0
22868 0
31857 0
6265 0
5620 0
929 0
19444 0
3573 0
2810 0
15803 0
20721 0
32767 0
16812 0
7808 0
14656 0
8377 0
18870 0
32767 0
32171 0
32767 0
32767 0
32767 0
19616 0
16088 0
32767 0
17640 0
25177 0
32767 0
32767 0
23466 0
12057 0
32767 0
32767 0
11267 0
22957 0
18458 0
32767 0
28526 0
6792 0
30964 0
8186 0
7512 0
32767 0
9421 0
32767 0
32767 0
28208 0
26604 0
6531 0
32767 0
32767 0
1006 0
32767 0
32767 0
32767 0
32767 0
32767 0
14885 0
13529 0
25166 0
5065 0
32767 0
6396 0
12120 0
23436 0
15945 0
13322 0
26706 0
32767 0
10034 0
5251 0
3840 0
32767 0
12933 0
32767 0
94 0
18250 0
21510 0
7632 0
32767 0
21365 0
978 0
4921 0
32767 0
32767 0
7866 0
20174 0
18556 0
32767 0
32767 0
32767 0
17526 0
7544 0
32767 0
32767 0
32767 0
32767 0
7681 0
32767 0
7876 0
14816 0
31347 0
5217 0
32767 0
1501 0
32767 0
22258 0
4311 0
15344 0
12297 0
28088 0
12469 0
18939 0
32767 0
19094 0
16110 0
24545 0
32767 0
13940 0
3750 0
21328 0
5143 0
32767 0
32767 0
12094 0
8115 0
32767 0
20468 0
20468 0
12759 0
10825 0
13290 0
32767 0
12154 0
32767 0
32767 0
4810 0
15051 0
19574 0
14092 0
32767 0
32767 0
32767 0
32444 0
18353 0
10856 0
32767 0
25928 0
32767 0
1214 0
3575 0
19646 0
14406 0
25752 0
19553 0
28838 0
4138 0
32767 0
1860 0
21578 0
29412 0
7834 0
4952 0
27305 0
25082 0
233 0
12115 0
22024 0
1132 0
5527 0
27198 0
3459 0
6856 0
28969 0
5548 0
6734 0
992 0
32767 0
32767 0
28623 0
7250 0
23986 0
21671 0
28487 0
32767 0
19884 0
21406 0
7235 0
26088 0
4081 0
24834 0
5494 0
18274 0
15154 0
32767 0
29375 0
22554 0
8821 0
19400 0
6669 0
18083 0
1623 0
5599 0
32767 0
15764 0
6344 0
30975 0
4923 0
32767 0
8999 0
31524 0
7234 0
14524 0
32767 0
32767 0
7027 0
12606 0
13363 0
32767 0
32767 0
897 0
15399 0
20925 0
32767 0
18305 0
25549 0
14431 0
2881 0
1876 0
32767 0
2328 0
32767 0
7795 0
32767 0
785 0
1126 0
18048 0
24291 0
11229 0
32767 0
32767 0
28334 0
105 0
32767 0
32767 0
239 0
32767 0
24295 0
32767 0
13094 0
20119 0
25271 0
6268 0
32767 0
23421 0
26993 0
16894 0
18476 0
16175 0
31161 0
27636 0
8111 0
6285 0
14991 0
17022 0
32767 0
4015 0
23395 0
18277 0
32767 0
32767 0
32767 0
32767 0
32767 0
32767 0
10124 0
32767 0
18994 0
32767 0
4503 0
32767 0
32767 0
17951 0
12831 0
29862 0
433 0
19336 0
7523 0
32767 0
32767 0
9315 0
32767 0
32325 0
1128 0
18747 0
32767 0
4376 0
18526 0
15705 0
32767 0
30191 0
32767 0
32767 0
6815 0
1578 0
22677 0
15369 0
24459 0
32767 0
20975 0
14348 0
10469 0
9694 0
435 0
19864 0
8549 0
27255 0
32767 0
10609 0
32767 0
32767 0
19548 0
32767 0
32767 0
3684 0
32767 0
19155 0
4491 0
32767 0
32767 0
2318 0
20420 0
32767 0
13793 0
32767 0
24176 0
25073 0
6910 0
32767 0
3141 0
24928 0
11127 0
32767 0
4654 0
22965 0
11517 0
5075 0
16314 0
23087 0
23583 0
32767 0
22944 0
19442 0
32767 0
1040 0
32767 0
19228 0
5195 0
26598 0
6739 0
18584 0
29547 0
32767 0
22789 0
32767 0
16002 0
32767 0
32767 0
24675 0
32767 0
18550 0
4911 0
15653 0
575 0
26068 0
13566 0
32767 0
28933 0
19388 0
27787 0
22740 0
24606 0
32767 0
15048 0
32767 0
32767 0
29561 0
7295 0
17200 0
9905 0
2337 0
28635 0
12058 0
6284 0
21673 0
6965 0
32767 0
23201 0
24545 0
5394 0
6436 0
5843 0
32767 0
22840 0
11236 0
5083 0
31540 0
29761 0
14907 0
20008 0
1379 0
98 0
22382 0
31154 0
15868 0
9829 0
32767 0
19258 0
10956 0
9091 0
28618 0
8226 0
11121 0
17228 0
10258 0
8223 0
14207 0
22320 0
20016 0
14165 0
23564 0
9035 0
338 0
11041 0
14327 0
18514 0
937 0
32767 0
32767 0
22481 0
19840 0
12623 0
8281 0
3630 0
22009 0
30217 0
9730 0
32767 0
32767 0
1630 0
16210 0
32767 0
25872 0
28845 0
14913 0
31419 0
6551 0
18333 0
3137 0
32767 0
20260 0
5593 0
10350 0
21233 0
14062 0
32767 0
32767 0
4352 0
32767 0
32767 0
12275 0
32767 0
32767 0
31147 0
30636 0
26305 0
4738 0
21001 0
31480 0
12883 0
32767 0
32767 0
12122 0
3908 0
32767 0
4180 0
13406 0
21454 0
32767 0
16136 0
32767 0
22795 0
21108 0
32767 0
12228 0
32767 0
32767 0
2286 0
4497 0
21803 0
32767 0
32767 0
5521 0
21 0
32767 0
32767 0
11186 0
24216 0
12704 0
32767 0
32767 0
16728 0
32767 0
32767 0
2783 0
6368 0
32767 0
28099 0
6022 0
4536 0
15881 0
17229 0
12878 0
15382 0
11217 0
26570 0
32767 0
32767 0
32767 0
10834 0
28006 0
11640 0
13104 0
20631 0
6428 0
32767 0
566 0
32767 0
32767 0
12944 0
3022 0
27473 0
32767 0
32767 0
8589 0
4886 0
15873 0
27709 0
32767 0
19018 0
26145 0
3618 0
18597 0
335 0
23548 0
32767 0
32767 0
28640 0
30603 0
23728 0
16556 0
32767 0
5278 0
29344 0
11581 0
26485 0
20643 0
9243 0
6290 0
7254 0
32767 0
5345 0
13851 0
27666 0
2817 0
32767 0
31857 0
12693 0
15324 0
2275 0
1253 0
16061 0
29327 0
32767 0
6990 0
1239 0
8124 0
32767 0
7531 0
32767 0
23439 0
8571 0
20249 0
15685 0
32767 0
548 0
32767 0
32767 0
2500 0
7337 0
2748 0
17172 0
20806 0
32212 0
10700 0
14922 0
6089 0
1443 0
27948 0
4468 0
32346 0
32767 0
27716 0
9273 0
11152 0
23829 0
32767 0
2683 0
10741 0
7426 0
1473 0
32767 0
32767 0
32767 0
5652 0
19113 0
14832 0
4196 0
21404 0
405 0
3782 0
13664 0
32767 0
17825 0
14256 0
7204 0
32767 0
32767 0
12077 0
27433 0
32767 0
3238 0
32767 0
26874 0
4407 0
29561 0
32767 0
32767 0
3639 0
32767 0
17241 0
32767 0
9149 0
32767 0
23314 0
16173 0
32767 0
11267 0
24895 0
32767 0
17964 0
10094 0
13073 0
19238 0
2130 0
29808 0
32767 0
32767 0
21537 0
32767 0
13033 0
4708 0
14626 0
28193 0
32767 0
5356 0
32767 0
16230 0
15891 0
23342 0
32767 0
4082 0
578 0
19263 0
3508 0
82 0
18907 0
4926 0
32767 0
6151 0
32767 0
12607 0
9627 0
2374 0
23642 0
32767 0
32767 0
32767 0
32767 0
27114 0
19037 0
32767 0
32089 0
17960 0
19582 0
32767 0
28283 0
7599 0
22628 0
8498 0
32767 0
12259 0
7620 0
24147 0
14455 0
10022 0
26168 0
12042 0
19896 0
17622 0
5949 0
22508 0
32767 0
14411 0
31988 0
10548 0
32767 0
8400 0
19187 0
32767 0
28883 0
28431 0
16287 0
5676 0
24570 0
11948 0
194 0
5361 0
4 0
5385 0
18475 0
32767 0
12004 0
32767 0
7279 0
11858 0
8193 0
7905 0
20267 0
9347 0
856 0
17841 0
32767 0
2353 0
19162 0
30415 0
13536 0
7898 0
10861 0
32767 0
6254 0
12292 0
25179 0
14978 0
16467 0
11518 0
24375 0
17300 0
4173 0
13074 0
29833 0
32767 0
32767 0
12173 0
10629 0
32767 0
9616 0
32767 0
32767 0
32767 0
28289 0
8301 0
10112 0
21546 0
21712 0
32767 0
32767 0
32767 0
16983 0
10977 0
32767 0
21945 0
20465 0
4820 0
7309 0
6635 0
5746 0
32767 0
21205 0
2377 0
20658 0
32767 0
2974 0
17570 0
32767 0
32767 0
6496 0
28300 0
30581 0
10471 0
4593 0
11231 0
15882 0
3988 0
19824 0
22295 0
31 0
12409 0
29450 0
19132 0
9611 0
3430 0
13607 0
23436 0
29489 0
8488 0
7728 0
4914 0
32767 0
13686 0
18173 0
13615 0
27218 0
24007 0
9289 0
28435 0
24988 0
32767 0
32767 0
3036 0
2532 0
705 0
10223 0
28493 0
6777 0
8627 0
13585 0
31136 0
8105 0
32767 0
22452 0
111 0
3130 0
32408 0
11864 0
3877 0
21114 0
10597 0
10673 0
32767 0
5711 0
17067 0
10982 0
32767 0
4475 0
17870 0
19576 0
28735 0
4665 0
18414 0
28659 0
5025 0
10221 0
32767 0
32767 0
13306 0
26332 0
32767 0
32767 0
32767 0
6273 0
17213 0
1122 0
14737 0
4181 0
32767 0
4900 0
18720 0
12224 0
30920 0
6062 0
10143 0
23296 0
19463 0
31914 0
10984 0
32767 0
29662 0
32767 0
32767 0
32767 0
7888 0
29040 0
6595 0
342 0
16681 0
32767 0
8397 0
12139 0
30693 0
30545 0
27769 0
24237 0
1971 0
32767 0
14269 0
11499 0
32767 0
1854 0
23101 0
25985 0
16746 0
18733 0
29519 0
19432 0
32767 0
32767 0
32767 0
32767 0
6406 0
10166 0
32767 0
1100 0
32767 0
32209 0
9958 0
4601 0
27076 0
32767 0
32767 0
4912 0
32767 0
17252 0
4242 0
22950 0
7358 0
4755 0
11109 0
10939 0
32767 0
20054 0
32767 0
32767 0
32767 0
5027 0
32767 0
13743 0
18739 0
31755 0
32767 0
32767 0
6096 0
26598 0
17083 0
32767 0
29163 0
23327 0
32767 0
14761 0
32767 0
23576 0
212 0
1292 0
27471 0
31568 0
3910 0
18509 0
4489 0
29014 0
23932 0
14722 0
3566 0
32767 0
32027 0
15691 0
32767 0
10183 0
25901 0
32767 0
17148 0
13444 0
29538 0
18504 0
2843 0
15090 0
3625 0
736 0
7913 0
5849 0
22453 0
32767 0
17483 0
32767 0
32767 0
8371 0
25284 0
5483 0
28199 0
30538 0
18660 0
27385 0
21879 0
32767 0
26272 0
14032 0
16955 0
6809 0
20661 0
3015 0
16289 0
25693 0
32767 0
994 0
32767 0
18660 0
2680 0
5202 0
7070 0
16703 0
23485 0
16496 0
32767 0
32767 0
32767 0
27845 0
10087 0
28912 0
4435 0
10244 0
32767 0
30457 0
7081 0
19871 0
30751 0
6918 0
22614 0
32767 0
2372 0
18172 0
21661 0
6432 0
2998 0
3239 0
1017 0
12956 0
625 0
3699 0
23629 0
23210 0
32767 0
7117 0
32767 0
614 0
11351 0
32767 0
3403 0
32767 0
4642 0
24432 0
26110 0
16406 0
10339 0
18444 0
21098 0
17886 0
2064 0
30234 0
4748 0
9048 0
5402 0
4421 0
1194 0
4314 0
25770 0
3940 0
32767 0
24488 0
22439 0
29154 0
26944 0
10598 0
32767 0
597 0
1223 0
32767 0
24231 0
26084 0
657 0
32767 0
29098 0
19056 0
22281 0
8204 0
437 0
19173 0
15561 0
32767 0
10785 0
24344 0
4011 0
22270 0
2903 0
32767 0
15610 0
5903 0
26232 0
10783 0
32767 0
31974 0
25122 0
32767 0
803 0
6978 0
32767 0
17791 0
15540 0
32767 0
32767 0
16076 0
32767 0
13973 0
22937 0
32767 0
28042 0
4620 0
23818 0
32767 0
32767 0
20327 0
18697 0
23894 0
19249 0
24839 0
10409 0
16621 0
13644 0
2249 0
32767 0
2473 0
5129 0
419 0
11280 0
32767 0
32767 0
22080 0
26946 0
31186 0
20281 0
32767 0
32767 0
32767 0
4651 0
2273 0
9916 0
32767 0
32767 0
32767 0
29744 0
32767 0
26273 0
2301 0
16396 0
3415 0
589 0
32767 0
32767 0
32767 0
1431 0
2388 0
13545 0
12035 0
7689 0
25160 0
29530 0
28311 0
27951 0
14856 0
32767 0
7674 0
22117 0
21514 0
23084 0
19291 0
32563 0
16999 0
4071 0
28338 0
19018 0
20632 0
2127 0
17011 0
7020 0
31894 0
32767 0
27201 0
13391 0
32767 0
10738 0
22728 0
3991 0
14242 0
19085 0
28712 0
17002 0
1794 0
26823 0
20618 0
4144 0
12518 0
17456 0
13980 0
19944 0
32767 0
17254 0
19753 0
32767 0
11144 0
2293 0
19875 0
18268 0
946 0
32767 0
22735 0
22251 0
3664 0
17751 0
28198 0
22115 0
11889 0
883 0
29941 0
32767 0
32767 0
32767 0
31152 0
32767 0
8934 0
8248 0
3892 0
32767 0
3646 0
21059 0
9530 0
21908 0
11096 0
20567 0
11639 0
27213 0
23042 0
25974 0
32767 0
5134 0
25435 0
26106 0
10422 0
9497 0
32767 0
21628 0
18893 0
18210 0
430 0
25611 0
32767 0
6093 0
3662 0
26320 0
17228 0
16183 0
6770 0
7828 0
10822 0
5630 0
18334 0
4259 0
16010 0
1326 0
4058 0
12410 0
9426 0
32767 0
32767 0
21100 0
32767 0
32767 0
32767 0
18221 0
29741 0
32767 0
2970 0
32767 0
28388 0
7362 0
14428 0
27769 0
32767 0
32767 0
32767 0
32767 0
16540 0
32767 0
32196 0
28428 0
17537 0
32767 0
8163 0
31323 0
17505 0
13512 0
16273 0
24149 0
22168 0
3689 0
31077 0
8337 0
5151 0
14974 0
8649 0
32767 0
32767 0
6047 0
25980 0
177 0
18774 0
8613 0
15641 0
15258 0
32767 0
4751 0
32767 0
3502 0
14378 0
19593 0
6544 0
3401 0
1665 0
13213 0
32501 0
21958 0
11566 0
8673 0
14965 0
222 0
32767 0
8473 0
32767 0
32767 0
10178 0
1757 0
32767 0
32767 0
18945 0
3302 0
27113 0
32767 0
18689 0
8337 0
8670 0
8050 0
7100 0
28332 0
27378 0
7094 0
32767 0
15426 0
32767 0
32767 0
30705 0
26056 0
4462 0
14729 0
32767 0
2907 0
32767 0
2148 0
3846 0
32767 0
14936 0
21820 0
10499 0
17139 0
13790 0
14066 0
29499 0
24823 0
10337 0
321 0
19993 0
32611 0
25468 0
7244 0
18713 0
17192 0
28903 0
8000 0
16382 0
32767 0
32767 0
8819 0
14390 0
32767 0
9632 0
17989 0
23824 0
12862 0
9943 0
10967 0
32767 0
16859 0
450 0
30710 0
11232 0
32767 0
13642 0
19857 0
32767 0
3897 0
2144 0
29027 0
12726 0
3150 0
30527 0
28838 0
12647 0
11323 0
22184 0
32767 0
32767 0
32767 0
32767 0
3823 0
30787 0
18048 0
16234 0
29639 0
16777 0
32183 0
32767 0
32767 0
15400 0
32767 0
29317 0
18019 0
32767 0
32767 0
21806 0
20021 0
8239 0
2743 0
19411 0
17102 0
24950 0
9856 0
32402 0
13948 0
662 0
28277 0
12054 0
18157 0
6716 0
6371 0
4297 0
9900 0
16759 0
32767 0
846 0
1762 0
32767 0
32767 0
5669 0
6089 0
2217 0
12335 0
10116 0
4121 0
32767 0
3688 0
32767 0
3278 0
6995 0
4038 0
32767 0
32767 0
316 0
32732 0
9002 0
19142 0
16992 0
27607 0
15079 0
7884 0
21126 0
13720 0
18188 0
6921 0
14756 0
19010 0
17550 0
10417 0
3731 0
13408 0
24569 0
10037 0
27536 0
23696 0
10246 0
6273 0
27449 0
18514 0
9407 0
3547 0
18918 0
32767 0
32767 0
2799 0
21810 0
18384 0
1530 0
32767 0
20802 0
12123 0
8966 0
19300 0
17621 0
16215 0
32767 0
11575 0
21121 0
16910 0
32767 0
32767 0
32767 0
32767 0
27193 0
6637 0
24042 0
32767 0
8599 0
20892 0
28858 0
8760 0
32767 0
17244 0
1631 0
4337 0
18268 0
8889 0
6058 0
32767 0
32767 0
15344 0
11690 0
13291 0
32767 0
32767 0
1981 0
9424 0
32767 0
32767 0
32767 0
32767 0
22701 0
32767 0
8842 0
6306 0
23833 0
2030 0
9466 0
3263 0
6322 0
32767 0
32767 0
5295 0
27651 0
22815 0
6854 0
18721 0
4452 0
10470 0
17432 0
32767 0
22887 0
2434 0
25019 0
12786 0
32767 0
1957 0
3782 0
32767 0
19545 0
7967 0
10437 0
96 0
25390 0
32767 0
2658 0
701 0
27416 0
32767 0
15383 0
17587 0
28446 0
32767 0
32767 0
24114 0
17793 0
9102 0
12713 0
7827 0
32767 0
13545 0
10439 0
11508 0
13499 0
32767 0
28896 0
20508 0
10289 0
8699 0
32767 0
24661 0
13529 0
2992 0
27273 0
6045 0
32767 0
32767 0
32642 0
7098 0
21295 0
32767 0
17810 0
14707 0
14820 0
16743 0
32485 0
13208 0
21613 0
19746 0
32767 0
32767 0
23337 0
10884 0
4998 0
23063 0
3030 0
9166 0
3441 0
11356 0
11780 0
3178 0
11283 0
32767 0
390 0
32767 0
11221 0
15386 0
23039 0
32767 0
32767 0
32767 0
18500 0
14048 0
4883 0
2367 0
11768 0
32767 0
6286 0
32767 0
30168 0
22458 0
5884 0
15093 0
16850 0
24977 0
26820 0
10708 0
24696 0
32767 0
32767 0
3617 0
32767 0
32767 0
13477 0
32767 0
11675 0
4551 0
22587 0
32767 0
8665 0
32767 0
32767 0
18158 0
17135 0
31730 0
32767 0
2723 0
32767 0
32767 0
18694 0
29828 0
32767 0
10645 0
32767 0
19735 0
15210 0
24539 0
12652 0
1972 0
27357 0
26207 0
4650 0
20435 0
21049 0
979 0
24336 0
22339 0
32767 0
25617 0
3038 0
32767 0
32767 0
32767 0
32767 0
464 0
32767 0
14267 0
19682 0
13852 0
32767 0
6402 0
4896 0
32767 0
900 0
32767 0
901 0
6086 0
18142 0
11727 0
32767 0
15071 0
11760 0
32767 0
6854 0
32767 0
32767 0
21355 0
22080 0
32767 0
23464 0
32767 0
32767 0
32767 0
32767 0
32767 0
12676 0
27234 0
8430 0
8725 0
27132 0
3372 0
17841 0
11485 0
10524 0
4908 0
12147 0
9541 0
32767 0
7414 0
32767 0
17284 0
31746 0
24277 0
22745 0
32767 0
32767 0
28136 0
32767 0
4854 0
32767 0
17243 0
21761 0
14959 0
30910 0
12289 0
17105 0
32767 0
32767 0
13702 0
11299 0
1627 0
32666 0
28845 0
28867 0
32767 0
32767 0
17252 0
32767 0
32767 0
2487 0
32767 0
11624 0
15202 0
42 0
21697 0
13966 0
2036 0
10114 0
12499 0
32767 0
32767 0
32767 0
32767 0
32767 0
21775 0
16877 0
32767 0
32494 0
6749 0
5427 0
12727 0
13950 0
8934 0
32767 0
20322 0
12557 0
14954 0
8290 0
11880 0
32767 0
32767 0
18063 0
23820 0
25566 0
2279 0
27449 0
32767 0
22660 0
32767 0
30472 0
2019 0
12190 0
15582 0
14609 0
32767 0
32767 0
7871 0
5524 0
27549 0
30539 0
22578 0
30463 0
32767 0
8055 0
32767 0
32767 0
1696 0
21006 0
15887 0
1934 0
5034 0
582 0
32767 0
20730 0
32270 0
32767 0
24116 0
22852 0
29852 0
17239 0
30573 0
23530 0
32767 0
32767 0
4564 0
32767 0
32767 0
11554 0
21692 0
32767 0
32767 0
32767 0
32767 0
16013 0
20682 0
32767 0
22906 0
26078 0
32767 0
7059 0
12455 0
1551 0
160 0
32767 0
21725 0
21783 0
32767 0
17828 0
9967 0
14500 0
26692 0
8289 0
11893 0
3633 0
10724 0
8167 0
1848 0
15625 0
4332 0
3246 0
20230 0
28550 0
28187 0
858 0
27971 0
291 0
9139 0
11664 0
32767 0
32767 0
1497 0
17570 0
31407 0
26176 0
8360 0
32767 0
6988 0
32767 0
32767 0
9247 0
28941 0
28278 0
32767 0
32767 0
5354 0
32767 0
32767 0
32767 0
8367 0
19151 0
15724 0
527 0
30865 0
2915 0
32767 0
9424 0
18522 0
29345 0
11997 0
32767 0
23343 0
27544 0
29386 0
5306 0
31147 0
32767 0
13133 0
32767 0
27463 0
8174 0
32767 0
26185 0
17358 0
17878 0
31824 0
10793 0
20020 0
23484 0
12279 0
17093 0
26571 0
16774 0
14253 0
1754 0
6291 0
23140 0
9496 0
17246 0
29988 0
32767 0
27994 0
32767 0
32767 0
28200 0
9150 0
32369 0
7243 0
32767 0
22451 0
27829 0
26277 0
19982 0
56 0
1090 0
32767 0
18854 0
1122 0
19299 0
9907 0
22798 0
16964 0
14890 0
21822 0
8778 0
32767 0
32767 0
21470 0
31451 0
24259 0
12926 0
369 0
32767 0
32767 0
12588 0
32767 0
1359 0
32767 0
32767 0
19963 0
2683 0
16358 0
32767 0
32767 0
17895 0
25268 0
9388 0
32767 0
26280 0
15826 0
32767 0
32767 0
3695 0
2182 0
32767 0
32767 0
14359 0
16752 0
14072 0
20343 0
9060 0
27728 0
5874 0
448 0
32767 0
385 0
32767 0
13692 0
10521 0
518 0
32767 0
28873 0
9579 0
9921 0
29042 0
4089 0
25534 0
22932 0
3701 0
19241 0
32767 0
12698 0
6840 0
5092 0
32767 0
32767 0
10885 0
11674 0
32767 0
32767 0
9246 0
440 0
32767 0
20688 0
2498 0
18221 0
4158 0
32767 0
32767 0
14419 0
8498 0
32767 0
2672 0
28364 0
9952 0
11014 0
6307 0
32767 0
7043 0
4253 0
4074 0
6562 0
32767 0
733 0
32767 0
23345 0
23264 0
9855 0
23609 0
14744 0
32767 0
26845 0
14735 0
18377 0
32767 0
26574 0
32767 0
7411 0
2653 0
895 0
32767 0
15322 0
12073 0
32767 0
32767 0
26093 0
22763 0
32767 0
17482 0
10253 0
11810 0
19102 0
14904 0
30760 0
32767 0
11153 0
32767 0
30059 0
16061 0
30865 0
10983 0
32432 0
19319 0
3699 0
5147 0
32767 0
32767 0
32767 0
18855 0
22213 0
5487 0
22256 0
19937 0
20397 0
20569 0
6571 0
1591 0
29329 0
2404 0
18690 0
31484 0
26421 0
5768 0
6233 0
32767 0
32767 0
20243 0
20008 0
32767 0
32767 0
5244 0
18781 0
32767 0
6153 0
32767 0
15825 0
30173 0
3047 0
15741 0
32767 0
25895 0
12203 0
21614 0
8035 0
32767 0
27277 0
2455 0
7271 0
28678 0
30114 0
23255 0
1419 0
32767 0
208 0
3913 0
6380 0
28020 0
10073 0
15697 0
16776 0
8421 0
14160 0
7571 0
14059 0
25103 0
32391 0
24795 0
15767 0
8887 0
23814 0
607 0
4971 0
17512 0
32767 0
32767 0
32767 0
15353 0
32767 0
32767 0
32767 0
28677 0
13217 0
4850 0
3330 0
4580 0
32767 0
14825 0
16215 0
6305 0
32767 0
4312 0
32767 0
24728 0
29578 0
32767 0
32767 0
32767 0
95 0
32767 0
32767 0
13924 0
25103 0
494 0
32767 0
7958 0
32767 0
23790 0
28158 0
32767 0
23942 0
30599 0
32767 0
13730 0
2106 0
14948 0
21673 0
21261 0
5864 0
1122 0
14077 0
13183 0
16384 0
17246 0
23519 0
3338 0
11697 0
13172 0
4429 0
32767 0
32767 0
17611 0
32767 0
1331 0
32392 0
16420 0
14437 0
9173 0
30101 0
4681 0
17255 0
31310 0
32767 0
32767 0
32767 0
2293 0
27940 0
30400 0
2372 0
284 0
23693 0
8033 0
28217 0
32767 0
32767 0
21040 0
24082 0
32767 0
28732 0
10860 0
3456 0
10375 0
26232 0
32767 0
32767 0
10880 0
9070 0
25910 0
9993 0
8905 0
9781 0
6720 0
4119 0
3728 0
9408 0
28455 0
24268 0
28633 0
1748 0
13795 0
5464 0
15222 0
18979 0
32767 0
22814 0
3846 0
16752 0
32767 0
32767 0
16913 0
32767 0
6425 0
5865 0
32767 0
32767 0
16610 0
7645 0
32767 0
2112 0
32767 0
14561 0
20184 0
6795 0
23024 0
32767 0
20811 0
29969 0
32767 0
32767 0
30270 0
1529 0
32767 0
31183 0
16371 0
23247 0
32582 0
32767 0
32767 0
6449 0
32767 0
32767 0
32767 0
28993 0
28559 0
32767 0
12620 0
18752 0
4563 0
6411 0
32767 0
32767 0
32767 0
32767 0
32767 0
27974 0
4759 0
6224 0
8900 0
10369 0
5471 0
10058 0
21245 0
19419 0
1541 0
29878 0
32767 0
2335 0
20568 0
32767 0
18197 0
26016 0
2125 0
5931 0
25863 0
27149 0
32767 0
32767 0
24078 0
4046 0
19973 0
32767 0
32452 0
8747 0
3759 0
17977 0
22691 0
17645 0
32491 0
32767 0
11901 0
32767 0
32767 0
13912 0
3734 0
29675 0
25357 0
6681 0
21062 0
24473 0
14930 0
6968 0
32767 0
17805 0
25207 0
1958 0
18646 0
5599 0
8531 0
8407 0
8947 0
9227 0
3136 0
30910 0
6034 0
10929 0
15875 0
18196 0
24962 0
18927 0
6246 0
32767 0
14353 0
27719 0
29100 0
10904 0
23746 0
32767 0
32767 0
32767 0
21374 0
29966 0
32767 0
19450 0
32767 0
32767 0
32767 0
26856 0
3105 0
11130 0
6871 0
10177 0
32767 0
24468 0
28353 0
32767 0
19651 0
778 0
12152 0
6010 0
32767 0
32767 0
12636 0
22482 0
9156 0
22088 0
20023 0
6419 0
14221 0
32767 0
749 0
24149 0
28018 0
29424 0
31182 0
32767 0
27940 0
9695 0
19981 0
7046 0
24849 0
25063 0
10612 0
22182 0
21222 0
32767 0
32767 0
12602 0
19414 0
32767 0
32767 0
26102 0
10573 0
32767 0
12920 0
32767 0
32767 0
12167 0
20044 0
29376 0
13312 0
17722 0
32767 0
5692 0
17265 0
13351 0
32767 0
632 0
15653 0
13859 0
8974 0
32767 0
4459 0
14448 0
15584 0
31230 0
32767 0
4485 0
23576 0
13893 0
3232 0
8040 0
15388 0
4301 0
28121 0
4670 0
830 0
8298 0
12551 0
32767 0
7169 0
32767 0
32284 0
32767 0
15442 0
4027 0
13111 0
32767 0
31036 0
21173 0
14363 0
32767 0
24950 0
32767 0
4971 0
6354 0
32767 0
32767 0
32767 0
7374 0
24932 0
32767 0
32767 0
16723 0
32767 0
32767 0
9869 0
27698 0
26341 0
1509 0
26800 0
17912 0
11525 0
3141 0
755 0
32767 0
1019 0
32767 0
11910 0
32767 0
32767 0
26207 0
32517 0
26574 0
18902 0
12234 0
32767 0
5771 0
4142 0
7013 0
17316 0
32767 0
5289 0
17768 0
9945 0
5832 0
29426 0
3981 0
14653 0
27424 0
32767 0
31652 0
13717 0
3014 0
17289 0
5295 0
21206 0
13126 0
15357 0
6621 0
32767 0
29558 0
32767 0
24357 0
10549 0
6629 0
11006 0
32767 0
24811 0
12364 0
19615 0
15019 0
1273 0
32767 0
3375 0
32767 0
3826 0
32767 0
32767 0
32767 0
2046 0
20319 0
11608 0
22374 0
18538 0
11360 0
32767 0
32767 0
23805 0
18615 0
8489 0
10795 0
8892 0
32767 0
17287 0
9346 0
17886 0
15804 0
11574 0
8502 0
32767 0
32767 0
750 0
21933 0
19814 0
15399 0
11136 0
1328 0
32767 0
22560 0
8282 0
20712 0
3542 0
32767 0
12174 0
737 0
3687 0
6408 0
743 0
2308 0
32767 0
32767 0
23397 0
8029 0
27484 0
15564 0
32767 0
4614 0
32767 0
32767 0
23384 0
12998 0
4339 0
9544 0
13222 0
19879 0
32767 0
19204 0
12641 0
15837 0
24286 0
32767 0
4123 0
21176 0
2389 0
23261 0
1187 0
32767 0
32767 0
7491 0
27276 0
14812 0
11041 0
32767 0
31415 0
9431 0
32767 0
11580 0
15008 0
26836 0
16721 0
29474 0
27896 0
32767 0
25023 0
29153 0
9989 0
20640 0
29327 0
10758 0
19396 0
11102 0
10644 0
2076 0
1137 0
18510 0
17268 0
17790 0
27254 0
9005 0
22217 0
7503 0
3533 0
32767 0
32767 0
13657 0
18442 0
21668 0
11709 0
30674 0
3944 0
32767 0
16022 0
11094 0
21730 0
22076 0
26560 0
8708 0
21737 0
1604 0
15380 0
7711 0
32767 0
32767 0
16073 0
17421 0
32767 0
32767 0
32767 0
6390 0
32767 0
19915 0
16432 0
17189 0
3124 0
10367 0
30343 0
32767 0
5714 0
32767 0
32767 0
7919 0
31547 0
6360 0
32767 0
12899 0
19920 0
23541 0
16912 0
32767 0
14494 0
15805 0
32311 0
32767 0
15830 0
26737 0
26612 0
32767 0
13683 0
2394 0
28399 0
13875 0
5281 0
24639 0
31603 0
32767 0
3667 0
32767 0
14789 0
32767 0
32767 0
32767 0
29806 0
2395 0
11594 0
15393 0
1735 0
32767 0
18847 0
31622 0
30854 0
6316 0
1914 0
17619 0
32767 0
1831 0
3518 0
32767 0
16611 0
11651 0
16861 0
25085 0
3473 0
13558 0
12342 0
32767 0
9667 0
7731 0
1604 0
32767 0
32767 0
1335 0
19858 0
32767 0
32767 0
29986 0
9313 0
25798 0
32767 0
32767 0
3228 0
7588 0
8918 0
20114 0
17443 0
16572 0
32767 0
32767 0
25137 0
4051 0
13895 0
6869 0
12080 0
13827 0
2131 0
32767 0
32767 0
17820 0
24227 0
32767 0
32767 0
19023 0
32767 0
20993 0
15265 0
32767 0
13799 0
10489 0
9395 0
9116 0
20506 0
21555 0
555 0
32767 0
22125 0
11227 0
32767 0
32767 0
11043 0
32767 0
13670 0
7936 0
1764 0
4192 0
9497 0
9138 0
32767 0
32767 0
3979 0
9094 0
18618 0
6763 0
19828 0
19596 0
7412 0
32767 0
32767 0
3322 0
23177 0
24632 0
7464 0
32767 0
19451 0
6949 0
11854 0
15724 0
22211 0
32767 0
9491 0
29724 0
9583 0
21481 0
7982 0
29432 0
5728 0
32767 0
32767 0
32767 0
5525 0
3231 0
23885 0
7656 0
21386 0
26277 0
32767 0
10479 0
32767 0
7298 0
24590 0
18796 0
32767 0
11664 0
845 0
32767 0
17393 0
22837 0
21208 0
20773 0
32767 0
18366 0
25288 0
32767 0
27679 0
32767 0
32767 0
6772 0
15872 0
12 0
20261 0
1955 0
28581 0
32767 0
23823 0
10738 0
11269 0
19061 0
4547 0
32767 0
14430 0
32767 0
3775 0
22891 0
2186 0
25685 0
32767 0
16016 0
22060 0
10157 0
19318 0
24139 0
15409 0
32767 0
21643 0
4209 0
20239 0
28291 0
32767 0
32767 0
19859 0
32767 0
9729 0
32767 0
910 0
2118 0
32592 0
5450 0
19556 0
17812 0
32767 0
6474 0
4603 0
28379 0
5120 0
32048 0
21154 0
31610 0
21481 0
23837 0
12942 0
22849 0
32767 0
13292 0
27964 0
32746 0
5328 0
32767 0
20842 0
3976 0
6215 0
2498 0
2232 0
30631 0
25136 0
1689 0
22625 0
1859 0
32767 0
32767 0
16235 0
12677 0
17838 0
19527 0
17813 0
621 0
13176 0
22991 0
16366 0
261 0
32767 0
32767 0
18871 0
7060 0
32767 0
3713 0
12179 0
32767 0
32767 0
8285 0
32767 0
23310 0
27719 0
8343 0
32108 0
32767 0
32737 0
17558 0
32767 0
13665 0
10402 0
32767 0
32767 0
21025 0
1071 0
14917 0
19596 0
6947 0
11181 0
32767 0
17870 0
30093 0
32767 0
11687 0
27366 0
25462 0
22176 0
10630 0
18528 0
15785 0
11355 0
32767 0
32767 0
12670 0
32767 0
15159 0
32767 0
18737 0
27703 0
32767 0
20867 0
12909 0
32767 0
32767 0
11644 0
13550 0
7791 0
13617 0
16957 0
12115 0
32767 0
27057 0
11406 0
8078 0
22075 0
10034 0
16522 0
6073 0
13673 0
5861 0
9181 0
32767 0
32767 0
6316 0
23850 0
9644 0
23058 0
1908 0
868 0
32767 0
15833 0
32767 0
23788 0
730 0
292 0
17458 0
32767 0
10911 0
10274 0
24590 0
3900 0
32767 0
1967 0
433 0
27979 0
14954 0
26550 0
20345 0
23179 0
18956 0
32767 0
17295 0
32767 0
9887 0
17043 0
32767 0
32767 0
32767 0
2298 0
16694 0
7759 0
18445 0
14422 0
19017 0
402 0
32767 0
11607 0
23894 0
23088 0
16621 0
16066 0
7368 0
24499 0
15131 0
2326 0
13983 0
15028 0
32767 0
32767 0
31666 0
17639 0
32767 0
3477 0
32767 0
32767 0
32767 0
32767 0
29459 0
28473 0
32767 0
3387 0
32767 0
32767 0
3253 0
5532 0
32767 0
29811 0
5934 0
29700 0
550 0
19488 0
4661 0
27563 0
32404 0
32767 0
10605 0
29190 0
10124 0
27417 0
32767 0
17895 0
3281 0
28312 0
32767 0
677 0
32767 0
4954 0
32767 0
32767 0
32767 0
32767 0
32767 0
930 0
20211 0
20415 0
9009 0
24164 0
5292 0
12801 0
10517 0
13449 0
32767 0
26389 0
16455 0
22216 0
21072 0
12380 0
28792 0
8296 0
20822 0
1020 0
14295 0
21731 0
20516 0
6060 0
29535 0
32767 0
26968 0
6094 0
28936 0
17898 0
13471 0
9742 0
2634 0
32767 0
32767 0
25114 0
8734 0
11876 0
26625 0
17292 0
32767 0
32767 0
1161 0
32767 0
29517 0
5307 0
18037 0
18033 0
5552 0
31112 0
13089 0
15773 0
3557 0
3925 0
16595 0
26288 0
6363 0
11765 0
11155 0
32767 0
11083 0
21153 0
32767 0
28415 0
28302 0
32767 0
23575 0
5018 0
17932 0
10931 0
24646 0
31994 0
1028 0
7747 0
21117 0
7425 0
32767 0
32767 0
30954 0
7624 0
8259 0
32767 0
23144 0
20203 0
32767 0
18655 0
32767 0
16084 0
30994 0
1690 0
5913 0
15901 0
15177 0
23882 0
4649 0
26877 0
32767 0
32767 0
635 0
28652 0
3149 0
25295 0
32767 0
29234 0
20562 0
7565 0
22119 0
4531 0
27806 0
27480 0
32767 0
32767 0
32767 0
32767 0
1174 0
32767 0
31996 0
25135 0
11554 0
12056 0
9492 0
27919 0
32767 0
25741 0
21845 0
6994 0
14681 0
32767 0
32767 0
32767 0
3071 0
32767 0
15113 0
22919 0
10612 0
7682 0
191 0
32767 0
31123 0
11090 0
17458 0
32767 0
32767 0
32767 0
10796 0
18350 0
32767 0
1212 0
10637 0
307 0
32767 0
3120 0
32767 0
4647 0
19174 0
32767 0
32767 0
32767 0
25864 0
22734 0
32767 0
32767 0
17914 0
15545 0
1823 0
26028 0
1418 0
6540 0
32767 0
14603 0
1301 0
29146 0
21540 0
31998 0
16986 0
4607 0
32767 0
6247 0
14734 0
12379 0
3594 0
7002 0
2224 0
861 0
24665 0
29905 0
32767 0
4849 0
10169 0
2079 0
9479 0
423 0
10918 0
11270 0
10923 0
11404 0
16598 0
32767 0
32767 0
32767 0
20514 0
25571 0
32767 0
30892 0
23617 0
785 0
32767 0
15309 0
22811 0
32767 0
32767 0
32767 0
13873 0
11119 0
26478 0
30861 0
10487 0
20333 0
6150 0
32767 0
20711 0
13293 0
29973 0
14350 0
14121 0
18501 0
12481 0
17888 0
11421 0
32767 0
7251 0
22461 0
11469 0
8691 0
19189 0
5659 0
32767 0
12140 0
5735 0
9256 0
623 0
8081 0
31889 0
32767 0
8866 0
9534 0
31828 0
6468 0
32767 0
9179 0
15824 0
18050 0
28226 0
4525 0
12670 0
32767 0
31469 0
4742 0
15984 0
32767 0
32767 0
11912 0
2737 0
29066 0
13839 0
32767 0
32767 0
25363 0
32767 0
1829 0
32767 0
25910 0
11144 0
21748 0
5673 0
32767 0
32767 0
23468 0
17106 0
32767 0
32767 0
32767 0
32767 0
20632 0
17045 0
5728 0
32767 0
32767 0
5485 0
32767 0
29323 0
19755 0
14085 0
24061 0
2415 0
32767 0
32767 0
32675 0
32767 0
16405 0
26226 0
18195 0
32767 0
7132 0
6069 0
844 0
32767 0
11489 0
19150 0
9746 0
32767 0
15497 0
27529 0
15984 0
14076 0
722 0
32767 0
8689 0
24794 0
3783 0
5060 0
32767 0
9942 0
26174 0
4697 0
27800 0
5286 0
28043 0
10231 0
6077 0
3883 0
22117 0
29637 0
30493 0
10846 0
10521 0
32767 0
32767 0
32767 0
15268 0
31855 0
7224 0
32767 0
10655 0
24796 0
18794 0
8438 0
32767 0
8724 0
31524 0
26755 0
32767 0
32767 0
11267 0
32767 0
12252 0
15908 0
6826 0
20826 0
5538 0
32767 0
26315 0
14515 0
953 0
12016 0
14953 0
23510 0
11614 0
32767 0
10266 0
32767 0
17196 0
9001 0
16447 0
16064 0
32767 0
10678 0
28686 0
2845 0
18407 0
32767 0
11680 0
2561 0
8971 0
22841 0
32767 0
15229 0
879 0
16186 0
29671 0
12106 0
4431 0
7027 0
32767 0
10045 0
23320 0
7418 0
18609 0
1142 0
32767 0
32767 0
32767 0
24641 0
32767 0
32767 0
20323 0
25075 0
31527 0
10774 0
32767 0
2366 0
13139 0
32767 0
32767 0
32767 0
29026 0
8018 0
14102 0
23321 0
10688 0
32767 0
18689 0
12782 0
32767 0
32767 0
17031 0
2631 0
4253 0
32767 0
2976 0
32767 0
32767 0
24603 0
32767 0
32767 0
32040 0
32767 0
23951 0
1898 0
28977 0
32767 0
32767 0
32767 0
32767 0
4373 0
1707 0
23536 0
9428 0
11855 0
10103 0
1908 0
1139 0
8621 0
19433 0
8039 0
25656 0
16598 0
17854 0
19949 0
32767 0
14536 0
1405 0
11021 0
23064 0
17147 0
26465 0
14400 0
19418 0
18982 0
32767 0
8463 0
13875 0
32767 0
32767 0
30159 0
29067 0
5879 0
32767 0
27159 0
10047 0
29265 0
8009 0
15674 0
19994 0
2801 0
8628 0
22272 0
29062 0
9550 0
32767 0
29805 0
21248 0
32767 0
32767 0
5747 0
25313 0
29237 0
30290 0
20248 0
6096 0
5750 0
2783 0
32767 0
2403 0
10921 0
32767 0
16274 0
23034 0
17457 0
9646 0
32767 0
32767 0
22551 0
7719 0
1957 0
12578 0
1739 0
15406 0
29819 0
32767 0
32767 0
24993 0
2983 0
11547 0
8689 0
5265 0
8560 0
15803 0
11896 0
3274 0
3670 0
24544 0
1382 0
12961 0
10303 0
1788 0
25752 0
32223 0
2084 0
7285 0
32767 0
4171 0
9851 0
1251 0
9642 0
20071 0
6069 0
26129 0
18075 0
32767 0
32767 0
32767 0
32767 0
32767 0
32767 0
32767 0
25884 0
10357 0
22709 0
21542 0
16288 0
32767 0
5059 0
2064 0
20967 0
32767 0
9943 0
2813 0
32767 0
32767 0
32767 0
32767 0
13709 0
6005 0
1947 0
14925 0
32767 0
32767 0
4030 0
32767 0
1535 0
8555 0
5019 0
11553 0
4475 0
5231 0
29748 0
32767 0
32767 0
3334 0
1411 0
785 0
5057 0
32767 0
14486 0
3840 0
2424 0
10486 0
32767 0
32767 0
32767 0
32767 0
28263 0
394 0
20861 0
9800 0
32767 0
32767 0
32767 0
32767 0
32767 0
32767 0
22785 0
12836 0
32767 0
14051 0
4683 0
32767 0
14398 0
19667 0
29117 0
32767 0
32767 0
29289 0
32767 0
32767 0
28466 0
539 0
1692 0
19077 0
32767 0
1440 0
32767 0
3146 0
27813 0
29303 0
32767 0
32767 0
32767 0
21834 0
32767 0
29500 0
17455 0
32767 0
8738 0
16731 0
4651 0
14615 0
15568 0
635 0
17693 0
16082 0
7052 0
8882 0
28906 0
32767 0
2629 0
32767 0
32767 0
32767 0
23713 0
4817 0
24118 0
5433 0
32767 0
32767 0
16184 0
4603 0
27060 0
32767 0
23542 0
17021 0
24560 0
6686 0
22442 0
392 0
25062 0
42 0
25226 0
31714 0
20993 0
2976 0
21383 0
32767 0
32767 0
19444 0
10885 0
2276 0
32767 0
32767 0
32767 0
29011 0
2535 0
32767 0
32767 0
32767 0
32767 0
2684 0
32767 0
32767 0
10584 0
15396 0
13982 0
23341 0
13597 0
32767 0
32767 0
15222 0
4483 0
23872 0
15794 0
15439 0
7152 0
15060 0
25651 0
32767 0
6761 0
11910 0
8214 0
14886 0
20817 0
21172 0
32767 0
32767 0
24101 0
5840 0
9754 0
32352 0
15619 0
27799 0
26464 0
22805 0
30759 0
24796 0
7265 0
5224 0
4660 0
10464 0
16875 0
12637 0
32767 0
32767 0
26572 0
9519 0
6691 0
8002 0
19221 0
26538 0
25477 0
29332 0
31510 0
23615 0
2561 0
10256 0
32767 0
32767 0
22114 0
32767 0
27488 0
27025 0
16661 0
32767 0
32767 0
2015 0
32767 0
2975 0
32767 0
11141 0
26010 0
32767 0
15828 0
32767 0
20506 0
5540 0
30330 0
5254 0
471 0
32767 0
17370 0
11921 0
12074 0
28231 0
14 0
26863 0
23518 0
1608 0
21938 0
32767 0
32767 0
32767 0
25216 0
14889 0
27550 0
26271 0
32767 0
26983 0
3731 0
32767 0
12352 0
11657 0
5943 0
31835 0
32767 0
32767 0
32767 0
32767 0
12120 0
13726 0
4125 0
32767 0
32767 0
32767 0
18820 0
23601 0
27708 0
17754 0
32767 0
32767 0
14391 0
28201 0
26937 0
3178 0
22741 0
4961 0
4916 0
3415 0
32767 0
5877 0
2311 0
32767 0
143 0
19491 0
27565 0
6803 0
24075 0
1904 0
23377 0
32767 0
32767 0
7184 0
26063 0
27807 0
29631 0
28547 0
446 0
7463 0
28309 0
1251 0
32767 0
11347 0
25737 0
32767 0
32767 0
32767 0
10442 0
21879 0
32767 0
22564 0
16964 0
5397 0
3643 0
20295 0
11135 0
25170 0
5161 0
32767 0
8205 0
5121 0
17859 0
32767 0
10988 0
26064 0
11581 0
10306 0
32767 0
19428 0
18239 0
32767 0
18742 0
10251 0
13791 0
32767 0
2334 0
32767 0
4696 0
573 0
29822 0
32767 0
18014 0
11573 0
5521 0
3804 0
6361 0
13857 0
6567 0
9301 0
27374 0
32767 0
32767 0
24455 0
13537 0
15685 0
2971 0
18025 0
28461 0
15712 0
30245 0
26051 0
32767 0
30151 0
24267 0
32767 0
15653 0
14930 0
3677 0
30840 0
32767 0
22760 0
9923 0
32767 0
3142 0
32767 0
16632 0
12765 0
14882 0
5907 0
32767 0
32767 0
32767 0
18879 0
1398 0
27535 0
9184 0
11979 0
14977 0
4523 0
3633 0
20175 0
32767 0
26126 0
1747 0
11973 0
10826 0
30535 0
29120 0
13357 0
16008 0
32767 0
19180 0
5252 0
32767 0
25336 0
20004 0
4842 0
8128 0
20857 0
28460 0
16806 0
32767 0
32767 0
30149 0
25936 0
32767 0
31845 0
32767 0
32007 0
2059 0
16164 0
32767 0
32767 0
32767 0
6754 0
15973 0
26550 0
32767 0
10939 0
32229 0
15746 0
8585 0
32767 0
32767 0
6649 0
32767 0
6314 0
20288 0
32767 0
32767 0
32767 0
28465 0
23932 0
13703 0
13661 0
17338 0
11633 0
30200 0
24989 0
17435 0
3460 0
15201 0
28974 0
1445 0
32767 0
31430 0
18178 0
397 0
15453 0
10470 0
6362 0
6650 0
7122 0
14882 0
17422 0
9015 0
28366 0
32767 0
32767 0
14170 0
30841 0
5074 0
32767 0
32767 0
3672 0
32767 0
32767 0
8610 0
26634 0
7920 0
17759 0
2745 0
23722 0
32767 0
3768 0
32767 0
703 0
32767 0
4307 0
25923 0
12322 0
11018 0
5608 0
18740 0
14114 0
7809 0
6872 0
8787 0
12171 0
9869 0
4059 0
3927 0
3338 0
21953 0
1493 0
9425 0
512 0
32767 0
7075 0
16781 0
32767 0
32767 0
7516 0
10792 0
4514 0
32767 0
9547 0
30006 0
27904 0
8785 0
17098 0
32767 0
28804 0
15345 0
17215 0
25381 0
20816 0
191 0
9545 0
13534 0
17337 0
24310 0
26003 0
8673 0
10494 0
5313 0
23384 0
14585 0
21242 0
25570 0
16340 0
10615 0
15419 0
31444 0
20841 0
7764 0
10236 0
7963 0
22993 0
32767 0
9727 0
32767 0
32767 0
12382 0
14352 0
4593 0
8115 0
6708 0
7179 0
32767 0
1171 0
32767 0
32767 0
5609 0
2520 0
32767 0
30398 0
28673 0
32767 0
4820 0
7431 0
3454 0
24930 0
6977 0
11711 0
26546 0
32767 0
32767 0
32767 0
32767 0
32767 0
9120 0
15387 0
29901 0
32767 0
25193 0
12817 0
6448 0
12697 0
18253 0
5143 0
3239 0
32767 0
32767 0
10652 0
21824 0
32767 0
10921 0
20884 0
30663 0
32767 0
32767 0
24776 0
30941 0
32767 0
4360 0
23613 0
6324 0
17882 0
18530 0
23984 0
30487 0
32767 0
29000 0
10953 0
32767 0
23052 0
18322 0
7815 0
18926 0
32077 0
11974 0
298 0
8922 0
32767 0
29841 0
5447 0
32767 0
32767 0
32767 0
26227 0
22283 0
11522 0
32767 0
32767 0
32767 0
32767 0
13702 0
10475 0
16252 0
18069 0
32767 0
10043 0
32767 0
2329 0
32767 0
32767 0
4270 0
1051 0
15586 0
26562 0
29996 0
23544 0
8807 0
25740 0
5864 0
14426 0
7128 0
32767 0
32767 0
25884 0
3700 0
32767 0
28871 0
26450 0
1335 0
1045 0
32767 0
20381 0
12186 0
32767 0
13469 0
18758 0
15719 0
11234 0
31335 0
17418 0
12994 0
13818 0
13035 0
5379 0
17469 0
11151 0
27364 0
3688 0
24591 0
10843 0
2429 0
5044 0
12677 0
5287 0
30785 0
32767 0
32767 0
12785 0
32767 0
32767 0
11655 0
5009 0
30781 0
17923 0
23516 0
9178 0
705 0
10274 0
28101 0
32767 0
32767 0
17516 0
7308 0
4294 0
16286 0
32767 0
20348 0
1690 0
27818 0
32767 0
32296 0
14626 0
21603 0
30341 0
3100 0
32767 0
32767 0
17168 0
32643 0
6559 0
10374 0
78 0
32767 0
32767 0
4193 0
29222 0
32767 0
17009 0
22483 0
22615 0
30345 0
32767 0
32767 0
32767 0
13521 0
969 0
4682 0
19229 0
22960 0
5999 0
17245 0
1201 0
11312 0
2070 0
8736 0
32767 0
11572 0
7492 0
8675 0
31018 0
32767 0
21407 0
23412 0
17785 0
27341 0
16590 0
14396 0
23041 0
20476 0
5737 0
17852 0
1838 0
10998 0
20429 0
7614 0
6498 0
17877 0
12011 0
32767 0
18175 0
13397 0
32767 0
32767 0
32767 0
30005 0
22530 0
492 0
26646 0
16514 0
10230 0
4017 0
32767 0
7066 0
32767 0
28204 0
24576 0
19260 0
20474 0
3309 0
6203 0
21582 0
9029 0
32767 0
32767 0
7387 0
10874 0
23758 0
3213 0
20290 0
32767 0
18561 0
28983 0
32767 0
32767 0
14508 0
6161 0
19410 0
17160 0
13166 0
18614 0
32767 0
4722 0
9883 0
32767 0
2176 0
23254 0
24467 0
13016 0
12397 0
26376 0
5137 0
32767 0
23959 0
21350 0
10343 0
32767 0
9909 0
32767 0
9616 0
13711 0
25419 0
11106 0
15422 0
4067 0
19094 0
7746 0
14745 0
9848 0
4693 0
7162 0
8644 0
10666 0
17590 0
6104 0
6325 0
32738 0
8444 0
24729 0
8762 0
3055 0
32767 0
24631 0
19504 0
32196 0
10391 0
22171 0
32767 0
7097 0
18156 0
13729 0
17136 0
32767 0
9276 0
12461 0
20126 0
27569 0
32767 0
32767 0
4973 0
2076 0
32767 0
16139 0
90 0
12341 0
2510 0
4960 0
25533 0
32767 0
32767 0
25833 0
6089 0
3198 0
22654 0
32767 0
3265 0
18324 0
17653 0
32767 0
19297 0
32767 0
7010 0
3317 0
20930 0
31104 0
10330 0
961 0
12981 0
32767 0
1440 0
32767 0
19065 0
32767 0
24769 0
4459 0
13405 0
13337 0
30267 0
25243 0
32767 0
32767 0
8335 0
1120 0
8368 0
32767 0
32767 0
32767 0
2458 0
32767 0
2525 0
11993 0
16345 0
11787 0
19785 0
32509 0
26012 0
7040 0
3798 0
7764 0
6562 0
32767 0
32767 0
15348 0
32767 0
32767 0
8045 0
21598 0
3449 0
4902 0
32767 0
32767 0
5514 0
12468 0
268 0
8562 0
9292 0
29030 0
14156 0
32767 0
25781 0
28283 0
32767 0
8487 0
18855 0
12796 0
26467 0
623 0
22491 0
32767 0
28025 0
18775 0
17490 0
21035 0
32767 0
12990 0
2481 0
12523 0
13797 0
32767 0
32767 0
5367 0
32767 0
32767 0
16505 0
17434 0
30409 0
32767 0
2200 0
32767 0
15620 0
22879 0
32767 0
32767 0
86 0
402 0
32767 0
32767 0
20536 0
13357 0
16718 0
1714 0
10396 0
2288 0
21034 0
32767 0
17110 0
9231 0
19361 0
1023 0
15359 0
32767 0
31568 0
1966 0
4186 0
32357 0
32767 0
26891 0
17985 0
32767 0
32767 0
3565 0
13526 0
24633 0
2624 0
11497 0
17661 0
5259 0
15368 0
18672 0
20929 0
30416 0
12380 0
5196 0
19727 0
29095 0
32767 0
27271 0
26900 0
22729 0
3971 0
13382 0
32767 0
32767 0
32767 0
6098 0
32767 0
12098 0
32767 0
32767 0
24861 0
2883 0
3774 0
29991 0
32767 0
32767 0
13510 0
32767 0
27717 0
31219 0
3900 0
32767 0
13869 0
30422 0
32767 0
7581 0
5241 0
10730 0
4652 0
4635 0
20959 0
32767 0
4402 0
3461 0
4944 0
30177 0
30479 0
32767 0
411 0
20941 0
3388 0
14654 0
7669 0
9806 0
21771 0
24728 0
20562 0
32767 0
19802 0
29357 0
18255 0
1402 0
32767 0
14109 0
32767 0
820 0
32767 0
26167 0
24443 0
630 0
10098 0
26964 0
3321 0
569 0
675 0
11194 0
16484 0
8039 0
17969 0
16089 0
8382 0
28215 0
29598 0
10561 0
13134 0
8759 0
23929 0
801 0
4896 0
32767 0
32767 0
7793 0
32767 0
1186 0
32767 0
32069 0
32767 0
23537 0
24655 0
30649 0
32767 0
32767 0
5707 0
10818 0
32767 0
18683 0
32429 0
32767 0
1196 0
32767 0
22473 0
31715 0
32767 0
9782 0
32767 0
32767 0
24193 0
12631 0
584 0
5681 0
15472 0
30331 0
28779 0
12878 0
11794 0
2998 0
24963 0
1012 0
32767 0
17976 0
16182 0
32767 0
8698 0
3855 0
32767 0
32767 0
26604 0
19928 0
12827 0
14684 0
30608 0
32767 0
32767 0
17383 0
9525 0
188 0
32767 0
32767 0
651 0
9922 0
32767 0
12702 0
16612 0
22285 0
14477 0
27349 0
21829 0
12119 0
3795 0
12603 0
21118 0
11192 0
12965 0
22290 0
2579 0
13658 0
5245 0
32767 0
28113 0
7009 0
30223 0
3097 0
32767 0
7283 0
192 0
32767 0
14236 0
32767 0
6495 0
32767 0
22491 0
7255 0
19183 0
4230 0
32767 0
24212 0
13797 0
322 0
10036 0
5324 0
11929 0
3294 0
14364 0
23144 0
4889 0
3335 0
29596 0
6285 0
16453 0
31698 0
32767 0
32767 0
12588 0
20826 0
5144 0
2752 0
30969 0
32767 0
32767 0
10568 0
16989 0
8440 0
8386 0
11707 0
30443 0
16940 0
9263 0
18119 0
20061 0
32767 0
11323 0
2147 0
8531 0
5184 0
32767 0
31954 0
3507 0
30233 0
6898 0
32767 0
1236 0
32767 0
8708 0
8166 0
10063 0
4902 0
32767 0
32767 0
4391 0
21198 0
32767 0
19643 0
4672 0
8754 0
32767 0
32767 0
14025 0
32767 0
11534 0
15895 0
768 0
31888 0
17983 0
1108 0
32767 0
22012 0
3149 0
32767 0
16073 0
5118 0
11056 0
16000 0
8318 0
31874 0
32767 0
27571 0
32767 0
32767 0
32767 0
1235 0
32767 0
32767 0
32767 0
32767 0
30906 0
32767 0
32767 0
26402 0
12247 0
22526 0
11565 0
2011 0
32767 0
32767 0
32767 0
3504 0
32767 0
1776 0
4367 0
3317 0
233 0
20649 0
31775 0
23503 0
12775 0
29427 0
7081 0
7369 0
32767 0
32767 0
32767 0
311 0
32767 0
3063 0
1581 0
3389 0
6697 0
15737 0
32767 0
25729 0
3676 0
23158 0
15807 0
13382 0
12061 0
9988 0
21792 0
2345 0
6433 0
22659 0
32767 0
28073 0
16589 0
559 0
32767 0
22149 0
32767 0
32767 0
4020 0
32767 0
25847 0
5090 0
19429 0
6050 0
32767 0
32767 0
28019 0
32767 0
9402 0
32767 0
16598 0
32767 0
18445 0
3607 0
24676 0
24611 0
25457 0
32767 0
32767 0
32767 0
7789 0
8609 0
5804 0
1218 0
13544 0
2817 0
32767 0
28509 0
14541 0
9904 0
32767 0
15887 0
2160 0
32767 0
6134 0
27334 0
1454 0
27195 0
24890 0
10776 0
26505 0
32767 0
9005 0
32767 0
32767 0
7345 0
23954 0
21576 0
628 0
16725 0
11229 0
26536 0
6713 0
14762 0
20827 0
29041 0
32767 0
16260 0
32767 0
3236 0
12188 0
15160 0
32767 0
32767 0
14323 0
23338 0
978 0
1854 0
12494 0
24892 0
16155 0
15170 0
15455 0
20187 0
26298 0
1140 0
7735 0
5350 0
14568 0
14453 0
1452 0
32767 0
1841 0
5344 0
32767 0
3870 0
12362 0
32767 0
19294 0
11597 0
32767 0
18936 0
7622 0
13466 0
32767 0
12513 0
28445 0
29915 0
27891 0
890 0
32767 0
17530 0
831 0
17762 0
4992 0
22122 0
11616 0
15575 0
452 0
32767 0
32767 0
6882 0
29797 0
22289 0
19717 0
29365 0
32767 0
9573 0
32117 0
7949 0
22271 0
26273 0
26133 0
16560 0
32767 0
933 0
15181 0
13398 0
27545 0
515 0
32767 0
12560 0
14327 0
18528 0
30980 0
19360 0
26669 0
30344 0
21012 0
14672 0
2073 0
23000 0
32767 0
23563 0
23730 0
8110 0
9357 0
32767 0
32767 0
28601 0
7426 0
15231 0
15442 0
25772 0
6748 0
30124 0
1250 0
32767 0
2157 0
32068 0
771 0
32767 0
32767 0
21017 0
27214 0
18302 0
11386 0
4952 0
8025 0
21893 0
32767 0
16518 0
32767 0
23440 0
20072 0
32767 0
31696 0
11804 0
32767 0
30237 0
31825 0
32767 0
12398 0
13421 0
4001 0
4017 0
15142 0
21746 0
4955 0
6280 0
2398 0
1051 0
32767 0
32767 0
32767 0
16414 0
3974 0
25037 0
30602 0
12930 0
29267 0
32767 0
32767 0
4195 0
611 0
30126 0
12720 0
16968 0
26405 0
13842 0
7345 0
11034 0
32767 0
32767 0
32767 0
21512 0
20478 0
11465 0
32767 0
32767 0
27338 0
16419 0
31124 0
32767 0
32767 0
6186 0
32767 0
21562 0
18820 0
8238 0
2098 0
25273 0
542 0
32767 0
32767 0
32767 0
12534 0
20677 0
32767 0
32767 0
26894 0
20344 0
20295 0
27628 0
4488 0
25847 0
25746 0
27017 0
32616 0
29826 0
32767 0
15850 0
32101 0
330 0
16328 0
3509 0
19226 0
11 0
32767 0
25985 0
3960 0
20908 0
32767 0
26216 0
27275 0
27789 0
6049 0
16054 0
30189 0
24616 0
254 0
1114 0
10637 0
2943 0
32767 0
11278 0
7119 0
32767 0
28543 0
28849 0
13946 0
32767 0
32767 0
32767 0
32767 0
7692 0
32767 0
32767 0
32767 0
32767 0
2757 0
14465 0
32767 0
32409 0
32767 0
3103 0
14210 0
1407 0
26519 0
3322 0
32767 0
32767 0
12911 0
32767 0
15123 0
3883 0
18223 0
32767 0
6813 0
1311 0
23938 0
27282 0
32767 0
12669 0
32767 0
18303 0
14921 0
5821 0
32767 0
31124 0
18544 0
6697 0
32767 0
6772 0
14405 0
13654 0
29060 0
5541 0
32767 0
8134 0
12150 0
9083 0
28447 0
5712 0
32767 0
17214 0
6362 0
32767 0
5753 0
16201 0
3751 0
10142 0
10138 0
539 0
443 0
32767 0
18414 0
4779 0
1875 0
5001 0
18507 0
12699 0
11035 0
16665 0
2038 0
5315 0
12616 0
919 0
32767 0
8912 0
32767 0
23395 0
5055 0
8076 0
32767 0
32767 0
32767 0
22108 0
27859 0
11784 0
5696 0
18777 0
17525 0
14522 0
21624 0
1414 0
14440 0
26864 0
32767 0
32767 0
8692 0
32767 0
30268 0
23677 0
32767 0
6897 0
10232 0
26542 0
15770 0
14811 0
17998 0
18526 0
32557 0
2750 0
32767 0
32767 0
3222 0
32767 0
11720 0
32767 0
4042 0
32767 0
32767 0
3252 0
32767 0
1793 0
4567 0
18100 0
32767 0
5315 0
8361 0
18630 0
24221 0
15851 0
16597 0
21102 0
3733 0
10361 0
26881 0
30371 0
20394 0
32767 0
32767 0
12579 0
24804 0
10100 0
12580 0
4182 0
25497 0
13017 0
32767 0
13179 0
13038 0
9086 0
22514 0
27004 0
32767 0
32767 0
29161 0
12964 0
10276 0
32767 0
32767 0
32767 0
32767 0
12149 0
3722 0
18502 0
32767 0
17484 0
16876 0
32767 0
32767 0
20766 0
260 0
11874 0
16792 0
29514 0
30582 0
4323 0
27382 0
22280 0
5955 0
18640 0
32767 0
4003 0
5795 0
32767 0
12284 0
4933 0
4927 0
5276 0
32767 0
32767 0
31668 0
15415 0
14107 0
32767 0
32767 0
16617 0
2137 0
6355 0
30741 0
24584 0
32767 0
32767 0
24448 0
32767 0
32767 0
2662 0
31777 0
32767 0
22111 0
18797 0
32767 0
32767 0
1233 0
16082 0
3989 0
8460 0
18736 0
32767 0
32767 0
32767 0
20076 0
12982 0
7736 0
32767 0
32767 0
29292 0
18082 0
6882 0
32767 0
32767 0
22045 0
29601 0
1083 0
1824 0
1096 0
32767 0
32767 0
32767 0
5142 0
284 0
32767 0
32767 0
32767 0
32767 0
22269 0
9000 0
9168 0
4825 0
14246 0
21206 0
17977 0
7343 0
6050 0
32380 0
20971 0
15966 0
17673 0
20131 0
32767 0
15808 0
1428 0
22726 0
4835 0
13665 0
1169 0
12450 0
32767 0
32767 0
518 0
26019 0
10661 0
32767 0
32767 0
12374 0
25663 0
10786 0
16359 0
4323 0
13917 0
14991 0
29633 0
1669 0
1001 0
32767 0
32767 0
17492 0
5822 0
6880 0
7515 0
20000 0
32767 0
32767 0
32767 0
32767 0
32767 0
32767 0
29239 0
6254 0
22247 0
14844 0
32767 0
32767 0
25813 0
32767 0
15824 0
5419 0
97 0
29315 0
18302 0
16402 0
5324 0
5050 0
12393 0
17401 0
16612 0
1548 0
6598 0
6401 0
4761 0
21457 0
29442 0
26132 0
11730 0
16508 0
10844 0
14687 0
23786 0
2852 0
7573 0
14182 0
16357 0
32767 0
7179 0
16163 0
10334 0
22585 0
3779 0
14631 0
27853 0
18468 0
25555 0
32767 0
32767 0
15087 0
27883 0
32767 0
4580 0
683 0
32767 0
15617 0
32767 0
7567 0
12297 0
27720 0
21714 0
26137 0
17160 0
16154 0
32767 0
28077 0
26909 0
32767 0
32767 0
4747 0
27684 0
11444 0
22988 0
3671 0
32767 0
117 0
4482 0
32767 0
7092 0
25505 0
27068 0
23941 0
32767 0
20589 0
16867 0
32767 0
3415 0
15931 0
20394 0
32767 0
30426 0
20293 0
28263 0
21363 0
11915 0
23748 0
19780 0
32767 0
2513 0
32767 0
3644 0
6321 0
11191 0
1864 0
18940 0
10191 0
20445 0
12557 0
1988 0
14487 0
17906 0
2132 0
32767 0
9515 0
26330 0
13537 0
32767 0
298 0
2076 0
380 0
841 0
2740 0
32767 0
9393 0
25810 0
32767 0
20290 0
11820 0
3592 0
4074 0
958 0
32767 0
6196 0
21699 0
15721 0
29699 0
2506 0
18417 0
27527 0
32767 0
32106 0
12997 0
15964 0
32767 0
14693 0
11431 0
14849 0
15914 0
19165 0
32529 0
32767 0
3946 0
1681 0
15400 0
32767 0
32767 0
32767 0
32767 0
32767 0
32767 0
32767 0
6719 0
12084 0
5775 0
32767 0
8448 0
32767 0
29486 0
32767 0
32767 0
27394 0
32767 0
32767 0
6972 0
21091 0
6513 0
3011 0
24080 0
11005 0
19150 0
9163 0
9909 0
23826 0
76 0
5130 0
486 0
777 0
16423 0
32527 0
15448 0
24485 0
1897 0
12551 0
164 0
10969 0
14606 0
14474 0
14333 0
1886 0
11899 0
9762 0
9548 0
3085 0
25182 0
5635 0
2583 0
32767 0
4059 0
11486 0
32767 0
3326 0
13065 0
16457 0
2676 0
16098 0
15468 0
2490 0
30243 0
24101 0
32767 0
15681 0
32767 0
32767 0
14759 0
27823 0
1168 0
32767 0
32767 0
1703 0
17655 0
25000 0
18974 0
6690 0
2945 0
24228 0
4770 0
32767 0
30441 0
32767 0
31585 0
19534 0
16083 0
20369 0
32767 0
3737 0
9267 0
32767 0
28387 0
32767 0
10497 0
32767 0
32767 0
32767 0
30400 0
3405 0
24906 0
27737 0
18751 0
16781 0
29007 0
9729 0
6639 0
19163 0
32767 0
24318 0
32767 0
4816 0
3356 0
29717 0
25886 0
24673 0
32767 0
1963 0
12218 0
12264 0
11112 0
17279 0
24417 0
23028 0
31786 0
20606 0
32767 0
17961 0
28202 0
8462 0
1636 0
32767 0
32767 0
32767 0
251 0
32767 0
24716 0
26215 0
8910 0
2512 0
28805 0
25139 0
18818 0
10717 0
5731 0
20554 0
10837 0
22687 0
32767 0
3941 0
14938 0
32767 0
5034 0
1941 0
17836 0
32767 0
32767 0
23747 0
17352 0
32767 0
4153 0
1947 0
8072 0
2032 0
5806 0
27092 0
17628 0
5051 0
23036 0
15226 0
28400 0
2873 0
16766 0
25678 0
32767 0
21876 0
13957 0
32767 0
6062 0
18271 0
29112 0
32767 0
18468 0
13316 0
858 0
32767 0
32767 0
27136 0
9254 0
32767 0
27870 0
9100 0
26270 0
31384 0
14630 0
3910 0
23090 0
15976 0
32767 0
29714 0
4479 0
25963 0
32767 0
18755 0
11962 0
11707 0
20681 0
16125 0
10115 0
2858 0
10464 0
1418 0
32767 0
6880 0
6276 0
16656 0
9008 0
30056 0
32406 0
25460 0
19277 0
32767 0
31170 0
12877 0
14378 0
9350 0
10732 0
2371 0
28362 0
16112 0
3199 0
3985 0
6172 0
9342 0
14107 0
15891 0
32767 0
22602 0
9883 0
10457 0
32767 0
32767 0
32767 0
22020 0
11579 0
10412 0
2982 0
19195 0
8029 0
32767 0
9183 0
7330 0
10174 0
26756 0
21531 0
32767 0
32767 0
32767 0
32767 0
1898 0
32767 0
6258 0
16908 0
3550 0
15672 0
25700 0
14728 0
24541 0
29112 0
32767 0
32767 0
7112 0
8162 0
11270 0
6606 0
19493 0
15499 0
32767 0
32767 0
17829 0
1871 0
19395 0
1998 0
17324 0
7629 0
6331 0
32767 0
26141 0
8415 0
24797 0
7901 0
12949 0
274 0
833 0
31300 0
32767 0
616 0
9471 0
25222 0
18249 0
32767 0
7765 0
28788 0
28120 0
32767 0
1743 0
32767 0
29603 0
935 0
6820 0
4401 0
28818 0
32767 0
29273 0
8829 0
8031 0
32767 0
17684 0
12662 0
15445 0
14901 0
32767 0
32767 0
16751 0
512 0
16262 0
10775 0
938 0
29974 0
25474 0
18006 0
22167 0
14336 0
32767 0
30529 0
25126 0
14104 0
16116 0
32767 0
32767 0
32767 0
22459 0
20265 0
3692 0
7581 0
3208 0
10789 0
15919 0
32767 0
815 0
19478 0
22146 0
4194 0
5669 0
29829 0
10050 0
9249 0
29638 0
17728 0
12010 0
26872 0
32767 0
5730 0
31437 0
32392 0
28528 0
16508 0
32767 0
23989 0
13777 0
12763 0
32767 0
6810 0
21935 0
20941 0
28787 0
226 0
3914 0
16147 0
26537 0
32767 0
3880 0
21646 0
12644 0
27028 0
19575 0
9032 0
1278 0
32767 0
1233 0
32767 0
247 0
29852 0
18233 0
32767 0
15899 0
6015 0
17569 0
12949 0
23835 0
7741 0
17603 0
10295 0
11892 0
32767 0
32767 0
28618 0
16544 0
13077 0
32767 0
21118 0
10145 0
21005 0
5962 0
32767 0
32767 0
20965 0
32767 0
22354 0
24012 0
11541 0
32767 0
6443 0
31302 0
4096 0
32767 0
5955 0
32767 0
22521 0
32767 0
32767 0
23636 0
9041 0
32767 0
19920 0
22993 0
32564 0
16216 0
32767 0
7409 0
20705 0
19116 0
1590 0
32767 0
8917 0
14288 0
19660 0
13043 0
23864 0
16799 0
7168 0
385 0
21830 0
3705 0
32767 0
32767 0
32767 0
2658 0
32767 0
24458 0
3635 0
12219 0
6422 0
28085 0
32767 0
32767 0
9596 0
3569 0
6976 0
10908 0
25920 0
32767 0
18431 0
6635 0
2664 0
13336 0
32767 0
32767 0
10298 0
24684 0
1167 0
32767 0
15853 0
32767 0
26936 0
22338 0
15618 0
15553 0
32767 0
12590 0
27151 0
32767 0
32767 0
8092 0
17742 0
13377 0
32767 0
1800 0
12178 0
16963 0
15594 0
22353 0
19415 0
19454 0
32767 0
134 0
1996 0
32767 0
13425 0
9216 0
29953 0
32767 0
9791 0
32767 0
23500 0
17473 0
23604 0
31564 0
32767 0
32767 0
32767 0
32767 0
26760 0
32767 0
136 0
32767 0
27078 0
28533 0
3767 0
13030 0
32767 0
1206 0
32767 0
32767 0
32767 0
32767 0
32767 0
32767 0
32767 0
32767 0
1371 0
20004 0
29174 0
2586 0
32382 0
19167 0
32767 0
32767 0
32767 0
32767 0
32767 0
14823 0
10459 0
24291 0
32767 0
32767 0
20463 0
23356 0
11174 0
1867 0
29320 0
15985 0
9850 0
8224 0
22192 0
29700 0
32767 0
11211 0
28374 0
32767 0
32767 0
13857 0
6530 0
32767 0
32767 0
387 0
16509 0
7881 0
14970 0
11941 0
10593 0
32767 0
10823 0
22733 0
32767 0
19028 0
26758 0
3452 0
24005 0
27056 0
3019 0
18784 0
3328 0
15272 0
1985 0
27927 0
32767 0
32767 0
7301 0
13566 0
15324 0
991 0
27474 0
32767 0
22060 0
32767 0
32767 0
6520 0
6450 0
32767 0
4170 0
32767 0
13054 0
16897 0
1564 0
20534 0
10303 0
21037 0
15543 0
14113 0
2498 0
23688 0
12315 0
13328 0
32767 0
32767 0
10916 0
32767 0
31928 0
25786 0
2100 0
26355 0
11128 0
19643 0
9959 0
32767 0
15554 0
32767 0
32767 0
32767 0
32335 0
32767 0
1508 0
21147 0
19238 0
8724 0
17129 0
32767 0
32072 0
24026 0
18111 0
25125 0
1620 0
32767 0
4424 0
24218 0
13556 0
22670 0
32767 0
32767 0
12399 0
8605 0
9535 0
15047 0
32767 0
23857 0
9567 0
291 0
8308 0
32767 0
28490 0
1850 0
13419 0
16339 0
32767 0
10705 0
32767 0
15371 0
3307 0
29212 0
1921 0
20196 0
11073 0
29943 0
13499 0
10761 0
32767 0
32767 0
18923 0
5972 0
15583 0
1161 0
30892 0
22316 0
31912 0
32357 0
10411 0
4731 0
32767 0
9569 0
15123 0
5582 0
19359 0
2831 0
32767 0
21027 0
9236 0
3946 0
22717 0
22209 0
30761 0
14233 0
30032 0
1996 0
6886 0
32767 0
6176 0
32223 0
7258 0
5644 0
12285 0
3015 0
32767 0
32767 0
1620 0
31803 0
73 0
12343 0
11726 0
13563 0
10932 0
26836 0
11870 0
7682 0
2079 0
6551 0
13850 0
27490 0
22165 0
6355 0
8275 0
