-32253 0
-24124 0
-14666 0
10630 0
25223 0
-10380 0
9038 0
-24699 0
26461 0
-21541 0
-30695 0
22259 0
-24608 0
-23138 0
1745 0
-13844 0
27683 0
19332 0
12621 0
3784 0
-12244 0
-6217 0
10230 0
-2204 0
-17137 0
12281 0
-29080 0
-26623 0
-18130 0
-24840 0
28271 0
9708 0
-11725 0
-32695 0
29253 0
21131 0
2590 0
-22695 0
499 0
-28306 0
-21782 0
29903 0
11714 0
-21511 0
-884 0
6950 0
-6683 0
3405 0
28455 0
27329 0
-7190 0
-18347 0
3786 0
-27102 0
-9374 0
18796 0
-27641 0
-14321 0
-32767 0
-27980 0
-7538 0
18214 0
-29485 0
20621 0
4516 0
-16821 0
-23784 0
-20597 0
10255 0
31628 0
24508 0
27131 0
-31705 0
-20130 0
-22706 0
5198 0
-28753 0
-1518 0
31306 0
-18931 0
-1290 0
10798 0
-2579 0
-32298 0
18867 0
27189 0
-18820 0
-12295 0
-24286 0
14257 0
-2743 0
-15008 0
26180 0
11887 0
7083 0
9098 0
-28163 0
30610 0
9850 0
22867 0
14584 0
31483 0
1347 0
-24264 0
-16571 0
-29580 0
27190 0
-21601 0
-20478 0
-17178 0
14420 0
27044 0
-7497 0
25665 0
14065 0
-26693 0
12980 0
-32767 0
-18308 0
-21636 0
7242 0
-31197 0
-2702 0
14608 0
-16826 0
-23334 0
-5612 0
-2499 0
22993 0
27430 0
-25533 0
14291 0
-26149 0
-27040 0
21544 0
10538 0
-9505 0
-29548 0
4413 0
-4806 0
-26719 0
5727 0
3503 0
20487 0
30177 0
-28313 0
24754 0
5759 0
-22524 0
14658 0
-11759 0
-29976 0
2556 0
9039 0
5114 0
27207 0
8348 0
23590 0
23832 0
1740 0
-2195 0
-22059 0
26176 0
10898 0
3153 0
9888 0
-490 0
30709 0
26971 0
19413 0
19444 0
20442 0
-8112 0
-18636 0
-11294 0
26631 0
31041 0
-22636 0
22271 0
-20371 0
-32258 0
6132 0
5043 0
21643 0
25672 0
-23291 0
-5182 0
30301 0
27 0
12068 0
22136 0
6363 0
-17167 0
23780 0
-16408 0
-267 0
11729 0
2310 0
24555 0
-4959 0
-4906 0
-16362 0
343 0
-26858 0
-6208 0
18375 0
19636 0
-11235 0
16565 0
-17985 0
6078 0
13832 0
-30597 0
10530 0
-6876 0
2405 0
15505 0
24798 0
-7425 0
-27976 0
-15033 0
23399 0
-22604 0
-11674 0
3308 0
29135 0
18977 0
8352 0
-1634 0
10459 0
14219 0
-2540 0
-150 0
16433 0
24651 0
-10231 0
-21567 0
-12744 0
16742 0
-5726 0
-32694 0
19382 0
-3193 0
-30267 0
31780 0
-10720 0
4396 0
-14209 0
17456 0
18589 0
36 0
31234 0
-7383 0
-29041 0
-10320 0
-21610 0
-19402 0
-6268 0
-25506 0
-19549 0
-7351 0
-31606 0
-287 0
-24165 0
7162 0
13029 0
27225 0
4425 0
-11001 0
29592 0
-27982 0
1199 0
-3140 0
28526 0
30055 0
30015 0
21021 0
-17424 0
-1569 0
19874 0
9947 0
-31241 0
-22951 0
15268 0
1350 0
-31436 0
18328 0
14866 0
10619 0
2180 0
-3844 0
2850 0
-1912 0
30829 0
262 0
10157 0
1890 0
-19694 0
-13932 0
-32767 0
32106 0
-16859 0
12597 0
22466 0
-30616 0
10224 0
-23620 0
12506 0
20652 0
-20317 0
10518 0
9422 0
-11553 0
29153 0
-21483 0
-25045 0
-1989 0
18205 0
-23124 0
5742 0
-29748 0
12416 0
2212 0
-30458 0
10228 0
-18759 0
2572 0
17974 0
-15952 0
-17632 0
-5760 0
-15615 0
-20147 0
28939 0
-19650 0
-31427 0
26926 0
2766 0
-30498 0
-9939 0
18973 0
30465 0
-11916 0
-32707 0
-2915 0
-7120 0
9885 0
23672 0
-30993 0
1778 0
-3936 0
-12579 0
-80 0
21762 0
-30984 0
-16298 0
11238 0
-10941 0
10134 0
7593 0
12277 0
-9378 0
-3971 0
-19112 0
24111 0
-25824 0
17236 0
-8424 0
-4191 0
19270 0
-2088 0
11907 0
-14105 0
-29476 0
-27668 0
12883 0
16115 0
2045 0
23190 0
21179 0
-20185 0
-32767 0
-9122 0
-670 0
3447 0
-22583 0
-20751 0
2640 0
9665 0
30366 0
26864 0
-17753 0
-16677 0
-4797 0
976 0
5652 0
-30405 0
21242 0
12207 0
-31517 0
32141 0
-25983 0
31688 0
-11475 0
-18487 0
-283 0
-32159 0
7557 0
-27048 0
24007 0
22869 0
23853 0
2475 0
-26114 0
-30252 0
-6993 0
-457 0
-15138 0
-30956 0
-29628 0
9414 0
-2219 0
5513 0
-3740 0
-3064 0
-15855 0
20406 0
27394 0
-14547 0
-7188 0
-21968 0
-1535 0
-8968 0
21907 0
10650 0
-18880 0
23130 0
10100 0
7363 0
-26467 0
2092 0
-20565 0
-24454 0
-3732 0
-22548 0
-26334 0
-30735 0
11447 0
-12053 0
-29548 0
11728 0
-15443 0
16572 0
-7925 0
18649 0
5798 0
-31730 0
25275 0
2202 0
20475 0
-16323 0
4670 0
-32767 0
-8561 0
8971 0
13091 0
21778 0
-9665 0
31663 0
31937 0
-9120 0
23657 0
-22629 0
-29582 0
-32767 0
-31815 0
-10304 0
8243 0
-15781 0
21373 0
28669 0
15338 0
-22434 0
-32523 0
-8574 0
-23008 0
-22070 0
21977 0
12849 0
-18412 0
-29709 0
-25846 0
-5983 0
12835 0
-8350 0
-15090 0
20541 0
26551 0
-2923 0
-6591 0
-24371 0
-22016 0
-14374 0
-8961 0
23038 0
-9043 0
12843 0
-8798 0
26781 0
-12445 0
16494 0
-24202 0
-19816 0
12896 0
25166 0
2289 0
19301 0
-32708 0
-13034 0
10738 0
19813 0
23849 0
-1179 0
11512 0
13486 0
-32129 0
-30754 0
-1826 0
-28447 0
-3202 0
-9008 0
-29806 0
-31692 0
-25554 0
-12286 0
4451 0
3997 0
14595 0
8646 0
23718 0
22697 0
1446 0
9098 0
24042 0
22675 0
-12241 0
-20179 0
-3148 0
6931 0
-12520 0
621 0
27066 0
8186 0
-29784 0
6199 0
-20473 0
13620 0
28443 0
-24934 0
-27019 0
-17647 0
17895 0
-17995 0
-24579 0
2716 0
28870 0
-18230 0
10800 0
-17040 0
29275 0
13604 0
-19257 0
-1852 0
-25577 0
-3033 0
-9215 0
11464 0
24992 0
11164 0
20387 0
20817 0
25026 0
26413 0
2518 0
8425 0
-27172 0
-19 0
-10454 0
-8124 0
27148 0
3927 0
-23998 0
14379 0
19891 0
16903 0
18137 0
-17050 0
3712 0
16933 0
-1242 0
-11359 0
28899 0
-2229 0
20509 0
-22149 0
-2076 0
18737 0
-3622 0
5249 0
-17204 0
-20877 0
10903 0
-8997 0
15478 0
13666 0
23708 0
26636 0
23474 0
-17243 0
-1816 0
-8623 0
-29755 0
19297 0
-22327 0
25826 0
-23578 0
-31310 0
-26837 0
-8799 0
-10386 0
-10316 0
-14977 0
-25316 0
1832 0
2401 0
21859 0
20402 0
7131 0
24972 0
25132 0
-14604 0
31491 0
-17656 0
6911 0
-24195 0
-13507 0
26717 0
13479 0
17384 0
-26375 0
6096 0
2778 0
-31635 0
-2466 0
-3046 0
-8594 0
23592 0
-21360 0
14957 0
-9991 0
-32003 0
-16923 0
-867 0
-28123 0
16235 0
25412 0
6970 0
-24368 0
-17661 0
-31416 0
30396 0
-6112 0
2287 0
-27256 0
14050 0
-22951 0
-22808 0
-20345 0
23060 0
-12741 0
3445 0
-16963 0
-20057 0
-2199 0
-5413 0
17698 0
10960 0
-2563 0
14821 0
-16292 0
19733 0
-3065 0
29953 0
28981 0
20562 0
-3443 0
-8356 0
12774 0
6229 0
-1114 0
-28961 0
-22587 0
-25054 0
27822 0
-28385 0
-29461 0
-10096 0
-4771 0
18543 0
8175 0
2083 0
102 0
13215 0
22130 0
-12618 0
29557 0
10012 0
-24097 0
10792 0
-16116 0
-17637 0
-26245 0
-32514 0
14588 0
-21003 0
-9004 0
20145 0
11884 0
9822 0
9756 0
-6880 0
-26065 0
-29914 0
21596 0
6090 0
-32767 0
-18002 0
-21995 0
-26590 0
18816 0
17407 0
4877 0
-29909 0
-24763 0
12238 0
-20530 0
25798 0
24001 0
31151 0
-1838 0
25326 0
772 0
13146 0
24987 0
-12744 0
-14345 0
13632 0
27708 0
-13855 0
16338 0
-1789 0
-8326 0
-31488 0
-30531 0
18735 0
8427 0
-2428 0
-17015 0
18379 0
-9732 0
-17437 0
31135 0
18336 0
25518 0
-14890 0
9946 0
28341 0
-23793 0
25515 0
4031 0
-12462 0
-20825 0
3218 0
-24822 0
-12534 0
25705 0
11498 0
-24443 0
-32767 0
18380 0
16923 0
-16380 0
26174 0
-12393 0
12095 0
13553 0
-16906 0
25408 0
-32767 0
-32071 0
12225 0
29540 0
6553 0
31935 0
28230 0
18829 0
-32767 0
13864 0
-17547 0
-22434 0
7350 0
-25802 0
909 0
-6724 0
-28752 0
12961 0
-26278 0
-16842 0
-30082 0
-27950 0
11744 0
-16475 0
-31163 0
6365 0
-26767 0
31237 0
6901 0
17972 0
-30185 0
-24012 0
-9628 0
-28472 0
5472 0
-30702 0
30388 0
-11609 0
16032 0
10236 0
-29410 0
4879 0
-31584 0
24625 0
26763 0
-10725 0
29078 0
-16456 0
-21855 0
-28351 0
22081 0
3978 0
-30142 0
-11974 0
6337 0
23828 0
25628 0
29936 0
12272 0
-24986 0
29509 0
13897 0
-28470 0
4476 0
27740 0
810 0
-26565 0
29764 0
-19983 0
3001 0
-26775 0
-8400 0
-28451 0
19541 0
8964 0
13043 0
12286 0
-19872 0
-6070 0
15094 0
9913 0
-27403 0
19255 0
-9172 0
9482 0
12973 0
-12597 0
18966 0
-27981 0
29101 0
-12087 0
14450 0
7589 0
-13264 0
24535 0
29603 0
-18137 0
13481 0
-31999 0
3362 0
-30781 0
-10940 0
-32123 0
-4500 0
-24153 0
-12857 0
-21722 0
-24845 0
24154 0
-907 0
30183 0
-28906 0
11512 0
-8490 0
-15029 0
-8800 0
-15804 0
11141 0
-15028 0
25647 0
-3433 0
-10517 0
19948 0
18845 0
14380 0
-5261 0
-4837 0
2343 0
29222 0
27012 0
-1 0
20887 0
3542 0
30333 0
-5332 0
3237 0
15630 0
31631 0
30932 0
-465 0
-24389 0
-12201 0
-21249 0
28663 0
13110 0
-22092 0
31990 0
15037 0
-10250 0
2379 0
-5119 0
-28639 0
5197 0
-27182 0
23112 0
-26434 0
27369 0
-23525 0
-3994 0
6901 0
8241 0
-13650 0
5322 0
5755 0
15038 0
-10089 0
15245 0
10994 0
-8479 0
-1220 0
-1928 0
-26515 0
-7332 0
31251 0
-23834 0
16830 0
-15706 0
5263 0
20602 0
19971 0
-22509 0
-15499 0
22723 0
21027 0
27352 0
-29107 0
6591 0
-101 0
-1362 0
-17507 0
-17199 0
-16764 0
20909 0
-19982 0
-26022 0
-25337 0
29707 0
-22902 0
24821 0
-7210 0
-27524 0
16226 0
29382 0
-13559 0
-26850 0
-9293 0
-7187 0
20318 0
28066 0
21458 0
-7005 0
18678 0
-21993 0
8844 0
13006 0
-9416 0
30027 0
-23952 0
-9819 0
9056 0
29937 0
-6781 0
-2711 0
-13833 0
27528 0
9094 0
-2817 0
28882 0
31029 0
-24144 0
18504 0
14398 0
-4195 0
10292 0
19964 0
32189 0
6317 0
-29178 0
31684 0
28742 0
450 0
-3732 0
21159 0
1013 0
-13174 0
18511 0
-3835 0
14600 0
-17896 0
21496 0
25738 0
17147 0
-6345 0
28345 0
-24852 0
-5482 0
28516 0
-111 0
-20751 0
21982 0
14362 0
-26042 0
-25536 0
8801 0
-17962 0
-21690 0
-16690 0
30489 0
3894 0
-32767 0
26819 0
-11441 0
-28761 0
8808 0
2004 0
-14249 0
29666 0
23519 0
-32767 0
-18291 0
9285 0
27340 0
-25971 0
17219 0
-28337 0
7934 0
-15142 0
19634 0
-13180 0
9783 0
-15667 0
-27616 0
-20609 0
30056 0
-21112 0
-26643 0
-13859 0
-26104 0
18478 0
-31014 0
-29103 0
-27065 0
6403 0
26212 0
30230 0
10050 0
-4952 0
-31772 0
26439 0
-28132 0
-14740 0
27973 0
-27986 0
-10324 0
-16492 0
1352 0
-10620 0
-22911 0
21264 0
21502 0
15359 0
-21396 0
15898 0
15059 0
5979 0
31714 0
-25859 0
21574 0
-29739 0
-17560 0
-12400 0
1180 0
-30853 0
8643 0
-6093 0
15081 0
3528 0
25808 0
-27315 0
-18538 0
16565 0
-17807 0
-21879 0
-24491 0
8553 0
27280 0
-24369 0
-20895 0
8069 0
-23319 0
14672 0
19559 0
2786 0
27834 0
20411 0
-1299 0
-24606 0
-12527 0
-19393 0
-11113 0
-25778 0
15713 0
-13360 0
15148 0
-6109 0
-5153 0
10895 0
-2277 0
14959 0
28433 0
-28848 0
13972 0
14165 0
14159 0
-15893 0
-25176 0
-16372 0
-18469 0
1842 0
5453 0
22110 0
26497 0
-16049 0
-30403 0
25126 0
-11620 0
-6070 0
-1849 0
-6919 0
26617 0
-22398 0
21133 0
-19617 0
22273 0
-7482 0
32102 0
-18149 0
-23053 0
14670 0
12767 0
539 0
-14333 0
23632 0
1144 0
32064 0
-14478 0
8408 0
-26678 0
-2045 0
28175 0
13712 0
2652 0
-8935 0
-806 0
-32767 0
-19662 0
21801 0
13011 0
2435 0
-18029 0
-23308 0
-27092 0
11163 0
-23406 0
-32140 0
-10361 0
28991 0
29970 0
28706 0
17043 0
-8211 0
-18986 0
-11219 0
22838 0
-12801 0
-4795 0
-2690 0
5842 0
-23711 0
32087 0
-21954 0
-16947 0
13004 0
16360 0
-16208 0
-11238 0
22978 0
-9846 0
-23397 0
28660 0
32139 0
17896 0
7493 0
-27128 0
22587 0
16067 0
-17792 0
-5187 0
-31253 0
-7594 0
29145 0
4421 0
21137 0
-4036 0
-17440 0
6379 0
-32462 0
-20606 0
-32015 0
4726 0
-22360 0
-5477 0
-14154 0
-30323 0
-188 0
-32767 0
15107 0
-4767 0
-24444 0
14293 0
23386 0
-11508 0
-29167 0
1829 0
12634 0
31605 0
-1019 0
-6905 0
4602 0
9257 0
-492 0
15977 0
-5142 0
26759 0
7125 0
17886 0
31158 0
-30738 0
-23724 0
-8361 0
-14900 0
-26906 0
31486 0
25587 0
4181 0
15944 0
21615 0
-27088 0
13077 0
28410 0
-7553 0
4346 0
-25590 0
208 0
27324 0
26869 0
-22753 0
-24399 0
6101 0
-29552 0
-15636 0
29935 0
-13394 0
25037 0
-4146 0
-32325 0
9595 0
7475 0
18864 0
13664 0
8887 0
21188 0
-15174 0
26306 0
-22208 0
-3541 0
29002 0
30000 0
13142 0
4762 0
-32767 0
-7685 0
-23854 0
-5489 0
-17567 0
-28680 0
-9694 0
24500 0
-30598 0
-4096 0
21525 0
-28108 0
-21846 0
-28302 0
29882 0
30994 0
-10012 0
15949 0
-16399 0
24960 0
15299 0
7481 0
-19744 0
-28263 0
-27955 0
-20888 0
8529 0
10794 0
-11535 0
-13324 0
13133 0
11470 0
-22445 0
-10999 0
-27270 0
-23097 0
19863 0
-29098 0
23527 0
644 0
-31217 0
-25467 0
9623 0
4973 0
30399 0
-8995 0
-27691 0
-14174 0
27910 0
-12752 0
11605 0
30415 0
22269 0
-22594 0
-15779 0
-25219 0
-23177 0
-25867 0
-19760 0
-7906 0
14047 0
12190 0
17515 0
-29861 0
30331 0
-4438 0
30804 0
28626 0
6205 0
1617 0
-10866 0
26731 0
-29025 0
-32767 0
-27729 0
-12795 0
10759 0
-8056 0
-11747 0
-10049 0
24058 0
9298 0
-31689 0
-26244 0
-2192 0
-5249 0
9790 0
22143 0
-7781 0
-26946 0
28144 0
2528 0
-13079 0
15055 0
29010 0
29388 0
-19048 0
24969 0
20649 0
-27551 0
9236 0
-8846 0
28761 0
-15536 0
-13948 0
5354 0
31383 0
20498 0
-1058 0
29094 0
-26314 0
-30932 0
-2016 0
31820 0
-9998 0
-22946 0
28692 0
9617 0
-30084 0
30628 0
20421 0
-19770 0
-19455 0
7130 0
-16639 0
28236 0
-26510 0
14935 0
22576 0
18742 0
-588 0
15829 0
21747 0
-3568 0
12932 0
-2355 0
3828 0
-12664 0
-5799 0
-4125 0
4692 0
27884 0
-11425 0
-14724 0
17262 0
-7313 0
4516 0
6053 0
-21070 0
-13007 0
28688 0
-11604 0
-24280 0
15894 0
-4702 0
22912 0
-31239 0
-26035 0
-707 0
5059 0
7776 0
6860 0
-28349 0
-16730 0
6823 0
-18535 0
-16833 0
-15626 0
17093 0
-13698 0
12391 0
23482 0
-19371 0
-12123 0
26552 0
1653 0
-8824 0
21035 0
-21387 0
13909 0
-26853 0
1121 0
12556 0
-21503 0
-9819 0
7690 0
-21253 0
5643 0
-22494 0
15015 0
-1442 0
-30884 0
175 0
-30528 0
-25649 0
-14467 0
-13343 0
16511 0
-1002 0
-21359 0
-8006 0
23135 0
6438 0
22871 0
-23016 0
5601 0
-16314 0
23621 0
-4184 0
-970 0
-4230 0
-15872 0
11547 0
-12577 0
-12588 0
28109 0
19557 0
-25095 0
32217 0
-8412 0
-7301 0
-18021 0
-16461 0
-30870 0
-24057 0
-9132 0
18656 0
-29241 0
-27558 0
-27277 0
-2577 0
27658 0
-5369 0
30368 0
-4346 0
18622 0
-11814 0
-26419 0
-10410 0
-29979 0
24925 0
7148 0
7885 0
-30048 0
13422 0
-28567 0
31396 0
-62 0
-1408 0
10658 0
-1337 0
8925 0
27827 0
23448 0
-17550 0
9347 0
902 0
-15908 0
11513 0
-15057 0
12688 0
-11276 0
-4 0
21525 0
361 0
-2255 0
-9223 0
-4906 0
16993 0
17445 0
5548 0
11274 0
18178 0
-28941 0
13652 0
7295 0
30155 0
-9007 0
1037 0
-12828 0
10944 0
4694 0
16799 0
5002 0
27870 0
-3987 0
-10252 0
-15872 0
-16801 0
2643 0
-930 0
-3740 0
12063 0
-8658 0
26969 0
10157 0
17965 0
3309 0
-5068 0
-23938 0
15873 0
-16298 0
27669 0
-21978 0
23215 0
3599 0
19687 0
-22030 0
-4390 0
20787 0
-13556 0
25497 0
2031 0
14088 0
-32767 0
18003 0
6736 0
29693 0
11235 0
-23203 0
5323 0
-1469 0
29495 0
21309 0
28821 0
-22624 0
-32045 0
22335 0
-31274 0
-3066 0
-29670 0
-23139 0
31907 0
-31364 0
-30358 0
25418 0
-23931 0
28163 0
-32591 0
16294 0
31179 0
17650 0
-7516 0
-12581 0
23267 0
29663 0
17543 0
-5893 0
10052 0
-3270 0
-29976 0
5123 0
15157 0
9906 0
6066 0
-30147 0
-17214 0
22213 0
22307 0
4057 0
-17453 0
-25085 0
10677 0
-10688 0
-11666 0
-16587 0
25995 0
-20439 0
-28305 0
-8131 0
-26687 0
27888 0
-13833 0
24925 0
7399 0
14943 0
-18325 0
29592 0
-23883 0
29248 0
21567 0
-18654 0
-10778 0
4038 0
-27309 0
-22092 0
11127 0
9626 0
-25755 0
-3497 0
814 0
16158 0
3861 0
-24227 0
-11758 0
-30697 0
25504 0
6410 0
-9700 0
14845 0
-27466 0
-13526 0
-9776 0
11552 0
6409 0
-32392 0
14746 0
2652 0
10767 0
-32767 0
-12299 0
-32767 0
-20008 0
-9183 0
-22473 0
19029 0
31183 0
-20247 0
29042 0
24232 0
9181 0
-10393 0
-24485 0
30598 0
-19097 0
31948 0
-496 0
17857 0
28713 0
-5841 0
-31769 0
10457 0
11671 0
8096 0
-11550 0
-25956 0
-204 0
19349 0
-9489 0
-13627 0
21140 0
23000 0
1422 0
-27990 0
-20156 0
-25108 0
2197 0
27279 0
27512 0
15397 0
-6627 0
-5495 0
32 0
27230 0
23771 0
30627 0
1658 0
7206 0
13940 0
14932 0
-27989 0
26097 0
-2526 0
4724 0
-19262 0
2409 0
30896 0
-17061 0
2823 0
24229 0
16994 0
-9094 0
-13175 0
11659 0
6165 0
-12109 0
-27263 0
12806 0
-16569 0
5985 0
14806 0
-4594 0
-11263 0
-29346 0
-27723 0
-22124 0
31874 0
16110 0
9766 0
-21209 0
-16286 0
25134 0
16135 0
-15389 0
-8155 0
-22679 0
31476 0
-16490 0
-9463 0
3143 0
16506 0
-26259 0
18250 0
17353 0
1954 0
22879 0
-15699 0
2606 0
28155 0
13724 0
16605 0
18481 0
-17544 0
-19872 0
15015 0
22810 0
-13439 0
-12654 0
-13780 0
4268 0
-20023 0
-31252 0
28631 0
-17727 0
10607 0
10502 0
-26517 0
21693 0
21454 0
-32045 0
-7750 0
29621 0
16527 0
-3592 0
21679 0
15411 0
-20141 0
3280 0
-23713 0
-6819 0
11657 0
27832 0
-3329 0
-30965 0
-22854 0
-29139 0
-14148 0
-31170 0
24742 0
20727 0
-2668 0
-20945 0
30869 0
-17210 0
23515 0
-21671 0
19921 0
-16602 0
-26726 0
16099 0
-2895 0
30009 0
25506 0
-29190 0
7731 0
-10220 0
-23051 0
6811 0
7244 0
26580 0
19057 0
-17641 0
18772 0
9457 0
-25471 0
6854 0
5726 0
-13021 0
31673 0
27297 0
8771 0
24476 0
-15276 0
14915 0
-25156 0
17550 0
10735 0
9157 0
-13520 0
1849 0
-22610 0
32188 0
11213 0
25561 0
15092 0
24786 0
24351 0
4487 0
13036 0
-14219 0
20230 0
9621 0
-32767 0
17676 0
-1872 0
32065 0
-27102 0
-23418 0
18529 0
-626 0
-5117 0
32125 0
-2733 0
-5051 0
-25471 0
9731 0
23524 0
-20216 0
3960 0
-21113 0
-28023 0
18727 0
21868 0
-3060 0
8067 0
-31304 0
-26650 0
-3685 0
7832 0
12907 0
29221 0
6134 0
29717 0
-20117 0
2827 0
-16615 0
28075 0
29115 0
-13421 0
-32649 0
-27454 0
-856 0
5883 0
24467 0
-5080 0
31650 0
8861 0
-31221 0
-15219 0
18903 0
-16360 0
8315 0
-30753 0
-12203 0
-17114 0
-32767 0
-32192 0
-6124 0
-19690 0
18617 0
-10316 0
9072 0
-18715 0
4025 0
28631 0
-7578 0
-22626 0
19007 0
-14974 0
14587 0
7292 0
-9908 0
-19813 0
-17476 0
11159 0
-899 0
5385 0
27058 0
20093 0
-29942 0
-6741 0
17804 0
12410 0
18846 0
13003 0
-29893 0
-7053 0
-18289 0
-13206 0
18334 0
-11427 0
3480 0
23488 0
22109 0
22011 0
-371 0
-31525 0
-15657 0
-25486 0
10621 0
29879 0
18923 0
28014 0
-604 0
7622 0
18743 0
1515 0
-8743 0
-520 0
13687 0
-8633 0
11383 0
25548 0
1984 0
-7051 0
-7389 0
3652 0
-10675 0
-29189 0
-30126 0
31855 0
-23344 0
-863 0
18977 0
6354 0
-1927 0
1703 0
23712 0
-6505 0
-16235 0
27901 0
-31137 0
-32767 0
-16557 0
17892 0
-7980 0
20865 0
5952 0
-25467 0
-32018 0
-13685 0
-16822 0
16978 0
-3282 0
-8875 0
1475 0
-19758 0
-5696 0
28779 0
-32767 0
-28415 0
28235 0
-16665 0
-28940 0
22837 0
-27145 0
4002 0
-26634 0
-329 0
-5067 0
15934 0
-15546 0
-28429 0
21744 0
-29744 0
-17622 0
-21530 0
19708 0
15528 0
2122 0
23576 0
-10484 0
-26620 0
13653 0
-9142 0
11966 0
-23366 0
-11138 0
27322 0
-26651 0
-28937 0
-24440 0
-2637 0
30147 0
-22778 0
-28299 0
-28278 0
25869 0
-16181 0
-4995 0
-29211 0
-16507 0
29306 0
-10436 0
-27164 0
24339 0
-14904 0
-12121 0
-5753 0
28576 0
477 0
6499 0
11035 0
26916 0
9687 0
-3191 0
12191 0
974 0
-25596 0
30231 0
-19671 0
14653 0
3819 0
-24187 0
-12547 0
557 0
21188 0
27616 0
-24868 0
-24302 0
28336 0
-20145 0
-7201 0
-10223 0
17250 0
-24036 0
17557 0
8968 0
13854 0
-2019 0
25690 0
-28632 0
-9614 0
16531 0
12913 0
-5684 0
-5349 0
18199 0
-29458 0
12508 0
-16132 0
14471 0
-9257 0
-25813 0
10234 0
4956 0
-24388 0
-12807 0
13678 0
-6965 0
2278 0
8568 0
15822 0
-23294 0
-28639 0
-14788 0
12878 0
10061 0
-25375 0
6482 0
19175 0
3851 0
1576 0
2829 0
-13232 0
16095 0
-16960 0
-23950 0
-22711 0
-30835 0
29641 0
22110 0
-21152 0
2287 0
-6284 0
13965 0
29650 0
-25471 0
-26019 0
17201 0
-30162 0
-32662 0
-25325 0
-28073 0
-10901 0
9905 0
-22307 0
-11607 0
3315 0
9404 0
10847 0
-17101 0
-12633 0
19713 0
-15557 0
12159 0
2886 0
-8266 0
-32095 0
23647 0
20964 0
31705 0
24279 0
25752 0
-7580 0
25476 0
-25419 0
-31071 0
-11958 0
2874 0
-1322 0
20082 0
20487 0
16705 0
30369 0
-5976 0
-23801 0
-9545 0
-16749 0
25911 0
-22953 0
-10876 0
16557 0
-29265 0
-32503 0
19234 0
-7640 0
-12047 0
17514 0
-23526 0
22487 0
18848 0
-31180 0
-13939 0
31635 0
22486 0
-15095 0
8219 0
24392 0
-13686 0
-2419 0
22476 0
-15092 0
2872 0
12966 0
-107 0
19131 0
17001 0
-12807 0
26903 0
-26170 0
-4633 0
28909 0
15876 0
11168 0
-3458 0
-31651 0
5417 0
61 0
-32767 0
-16537 0
-646 0
-23988 0
12878 0
16960 0
17538 0
-1725 0
-5233 0
-5151 0
-24058 0
-19132 0
28946 0
22795 0
-19203 0
-6596 0
3031 0
657 0
24299 0
-26518 0
25527 0
-18641 0
28139 0
1025 0
20062 0
-22568 0
9521 0
-8439 0
11143 0
-28408 0
-125 0
7474 0
30102 0
21604 0
-31130 0
-18871 0
-11251 0
12896 0
-1559 0
8463 0
-17705 0
-5663 0
-25559 0
-7937 0
-1988 0
-24496 0
24807 0
10396 0
-21592 0
-11044 0
22016 0
30416 0
11229 0
-27647 0
1236 0
-27195 0
-10908 0
-5232 0
19338 0
31286 0
31092 0
25731 0
25727 0
31112 0
12637 0
-30251 0
-18247 0
27756 0
20477 0
8619 0
16812 0
24717 0
4450 0
-4897 0
-5753 0
-23594 0
13584 0
11231 0
30393 0
-22 0
13514 0
21412 0
10551 0
-24218 0
-17964 0
-30256 0
-5077 0
-20055 0
-3588 0
7930 0
-16445 0
855 0
-3318 0
9756 0
-20077 0
23021 0
-14058 0
-26231 0
-15602 0
20967 0
11351 0
-32345 0
2880 0
-31572 0
-3283 0
-11584 0
-21696 0
-150 0
21562 0
-16372 0
30736 0
-2405 0
14578 0
25555 0
-16144 0
5801 0
26266 0
21446 0
14137 0
20772 0
15026 0
-18623 0
2582 0
205 0
-20453 0
26222 0
23248 0
5678 0
-27170 0
5658 0
-838 0
-29138 0
1443 0
-9028 0
-13621 0
-2390 0
13492 0
9504 0
-10320 0
11975 0
12006 0
24415 0
-5035 0
14097 0
23708 0
20278 0
6671 0
-16765 0
12724 0
21212 0
13484 0
8570 0
-27155 0
-13469 0
-31642 0
-18027 0
9191 0
-14816 0
-24105 0
4330 0
29318 0
-8504 0
28885 0
31921 0
29389 0
30094 0
19871 0
-8622 0
-1845 0
6782 0
20367 0
-10769 0
-2664 0
31436 0
8984 0
8873 0
12003 0
-20405 0
-8541 0
-12418 0
8696 0
-1901 0
-12574 0
21132 0
15421 0
-1646 0
-12628 0
20883 0
16408 0
-1462 0
-21038 0
7697 0
3032 0
21446 0
-7213 0
-12238 0
-22459 0
28416 0
-17214 0
-3908 0
-30240 0
29310 0
-14784 0
23620 0
17347 0
134 0
-988 0
13749 0
17930 0
-21881 0
-26781 0
-8061 0
-20285 0
10635 0
16697 0
26840 0
3544 0
23007 0
-8907 0
-19891 0
22945 0
-6717 0
30347 0
-31786 0
15789 0
7901 0
-21139 0
-14544 0
-14202 0
-30883 0
17667 0
9270 0
21409 0
-9284 0
21261 0
-6508 0
-30745 0
-28774 0
27785 0
13516 0
25015 0
-29890 0
-31744 0
-8643 0
17342 0
596 0
-18137 0
11382 0
30814 0
-16125 0
19962 0
-31244 0
12092 0
18498 0
8332 0
-29486 0
-30586 0
16676 0
-15533 0
-5575 0
-974 0
-28050 0
19652 0
-18393 0
-23305 0
32045 0
14793 0
10551 0
-12399 0
-19757 0
-15002 0
-3893 0
-14832 0
32009 0
11955 0
-29388 0
19876 0
-20768 0
-15741 0
29575 0
15832 0
-2907 0
28848 0
-28696 0
19817 0
13721 0
-12877 0
-29960 0
26113 0
-3050 0
-26377 0
14494 0
29255 0
-26217 0
-2641 0
-2429 0
-3721 0
-31192 0
376 0
-3534 0
14975 0
10486 0
-18528 0
5404 0
-9318 0
-12884 0
29847 0
-2180 0
13511 0
-20147 0
-30330 0
-4429 0
30910 0
13762 0
27206 0
-2332 0
-20836 0
-23679 0
-8589 0
-12214 0
-11478 0
-3565 0
2284 0
24737 0
-12735 0
-30218 0
25302 0
-10949 0
-19320 0
5964 0
481 0
28680 0
-1858 0
16802 0
-10583 0
-32462 0
7537 0
-18735 0
-32767 0
-15812 0
-9003 0
11658 0
8643 0
-7646 0
18047 0
-28415 0
-29409 0
18279 0
-381 0
-3061 0
2141 0
9211 0
25914 0
2429 0
18925 0
-20832 0
31710 0
-15711 0
12134 0
2047 0
-26865 0
-31300 0
-21056 0
22390 0
-8067 0
-986 0
18885 0
-11866 0
-4948 0
-27562 0
5449 0
3077 0
-15095 0
6566 0
12998 0
15996 0
19235 0
18218 0
31174 0
31799 0
28100 0
4471 0
27681 0
-19925 0
-12808 0
26470 0
27084 0
15733 0
-28683 0
-25280 0
12967 0
8325 0
-16107 0
10003 0
-6403 0
3936 0
22380 0
1282 0
-16604 0
-14540 0
15694 0
10946 0
1898 0
-3504 0
-7925 0
-9119 0
-13433 0
12337 0
8397 0
-25834 0
-1346 0
21093 0
-8061 0
18883 0
8285 0
-28355 0
-28952 0
-30175 0
18604 0
-5627 0
-31711 0
-32368 0
2425 0
-26673 0
-7617 0
14664 0
6460 0
6897 0
26070 0
10509 0
-27569 0
-16784 0
7560 0
11571 0
-10699 0
-13602 0
24670 0
9060 0
3157 0
-23075 0
-12292 0
29224 0
-2750 0
22372 0
-24986 0
-25789 0
-32767 0
11170 0
28961 0
13421 0
-29441 0
7753 0
23829 0
-15398 0
-1425 0
-24362 0
21858 0
-6184 0
-1564 0
22254 0
-17586 0
20486 0
159 0
-18538 0
5356 0
-13893 0
10946 0
537 0
17158 0
30802 0
28553 0
-9170 0
-6697 0
-1568 0
-1987 0
-13267 0
21063 0
-19813 0
2267 0
29213 0
-1973 0
18308 0
-21925 0
25742 0
-24854 0
-20203 0
-22476 0
-12560 0
31063 0
-31074 0
11936 0
-17808 0
30120 0
3847 0
1546 0
-14850 0
-18265 0
-18854 0
21979 0
-13859 0
23246 0
21815 0
19427 0
5882 0
-6153 0
-13842 0
11318 0
-18212 0
10099 0
-17852 0
-32708 0
16734 0
9060 0
-13057 0
8457 0
-14627 0
4664 0
-27899 0
-10900 0
-6829 0
21509 0
2491 0
-18141 0
-16014 0
997 0
8017 0
-23877 0
17303 0
-9898 0
-23289 0
11690 0
952 0
-21776 0
-25767 0
-11525 0
7560 0
-21152 0
-4150 0
-5944 0
-32767 0
-12149 0
-8005 0
4513 0
-12943 0
1037 0
20981 0
-12934 0
4320 0
24073 0
-21373 0
-10229 0
-7936 0
11939 0
30207 0
29261 0
-12664 0
10071 0
-12180 0
-8516 0
9235 0
-18963 0
3152 0
-8737 0
-7854 0
22087 0
-32654 0
31395 0
-8897 0
22255 0
-22109 0
-31043 0
-22795 0
-26687 0
7244 0
3598 0
-17461 0
-26991 0
-5083 0
-16179 0
4388 0
-7251 0
19962 0
-3080 0
22894 0
-25254 0
-20120 0
5315 0
-20791 0
-10369 0
-19866 0
20416 0
-1212 0
-20105 0
-1895 0
-1465 0
24146 0
-26820 0
-20727 0
-24389 0
1931 0
19159 0
2976 0
9746 0
1918 0
-8904 0
-14534 0
3800 0
8059 0
24069 0
22743 0
26801 0
14391 0
23817 0
-17560 0
24381 0
3281 0
-30775 0
20755 0
-28841 0
-10620 0
19121 0
-27939 0
-24969 0
16206 0
-12182 0
-4820 0
-19248 0
8521 0
-31051 0
16870 0
-19984 0
24029 0
7489 0
-29748 0
2448 0
30876 0
13339 0
-19578 0
-11415 0
19908 0
2403 0
15915 0
-358 0
23791 0
1623 0
5312 0
-25765 0
-17428 0
-22579 0
-7605 0
-16254 0
25110 0
-14691 0
-20738 0
5242 0
5419 0
24193 0
15580 0
-61 0
-15319 0
26446 0
21695 0
-13161 0
-16663 0
-2285 0
-21878 0
-15334 0
-11933 0
-10268 0
-23481 0
9020 0
-12938 0
-1372 0
7301 0
22266 0
22044 0
-15284 0
-23757 0
23665 0
-22258 0
-32436 0
-30679 0
24406 0
-18152 0
793 0
4095 0
-23018 0
13840 0
-4849 0
3488 0
-5182 0
2868 0
-4232 0
-32564 0
-5186 0
-12280 0
27683 0
12257 0
-26069 0
25192 0
-5513 0
20543 0
16081 0
30810 0
-29159 0
-32066 0
10741 0
12889 0
16735 0
-25160 0
-10224 0
11596 0
1097 0
18236 0
4446 0
18512 0
-10987 0
13836 0
24173 0
24494 0
4501 0
-28110 0
-2642 0
-9886 0
-28599 0
-11407 0
17496 0
25496 0
9114 0
-27137 0
13628 0
4809 0
19199 0
-28094 0
-18462 0
-473 0
-24297 0
-11435 0
-21378 0
-32345 0
7151 0
-9708 0
-10158 0
20552 0
31784 0
-7334 0
6308 0
-13549 0
20132 0
24029 0
21885 0
-7142 0
5584 0
2434 0
-28093 0
745 0
-11902 0
-579 0
21605 0
-23680 0
18017 0
-17558 0
26516 0
22693 0
-8094 0
9954 0
26188 0
-3451 0
-20228 0
11955 0
-30665 0
6666 0
22066 0
-15991 0
13326 0
-4693 0
30772 0
-14197 0
7609 0
-12412 0
-4173 0
-1430 0
-20841 0
-3739 0
21211 0
31067 0
-1335 0
-15283 0
-15945 0
12332 0
278 0
-17879 0
-11163 0
-4792 0
-495 0
-10395 0
-27154 0
7731 0
8577 0
10339 0
-26326 0
20662 0
14993 0
8904 0
11121 0
-1214 0
-11330 0
-7209 0
25728 0
29416 0
-18456 0
-21734 0
-28729 0
-32767 0
28403 0
-27650 0
-27966 0
4766 0
-4236 0
14906 0
31898 0
4291 0
-10788 0
-18672 0
2454 0
-11266 0
6922 0
1 0
-14755 0
4255 0
-13295 0
-23712 0
-27443 0
-14035 0
10534 0
497 0
-27039 0
-3343 0
-13589 0
-7316 0
20133 0
1619 0
-7788 0
-4241 0
-23159 0
18776 0
-15221 0
-12422 0
9388 0
-8996 0
-7466 0
28966 0
8164 0
20287 0
29253 0
9953 0
-7668 0
-23883 0
26780 0
15205 0
-5916 0
-22826 0
29437 0
-32762 0
23891 0
-29281 0
-2088 0
-8725 0
-32767 0
7446 0
-1153 0
19739 0
-9119 0
-17879 0
18616 0
1372 0
3003 0
7340 0
-10928 0
-2039 0
4019 0
-30573 0
19408 0
4064 0
15754 0
29045 0
-15722 0
20906 0
22887 0
13463 0
-28083 0
17427 0
-30372 0
5793 0
28494 0
-12567 0
-3725 0
2581 0
-21252 0
-23282 0
-13816 0
-17079 0
-10757 0
29623 0
-21335 0
-16040 0
11611 0
-11204 0
-4350 0
-23071 0
-18619 0
-29089 0
-11657 0
27189 0
4302 0
6736 0
-18283 0
-31069 0
23351 0
25308 0
29090 0
-16290 0
3255 0
11222 0
785 0
689 0
-24701 0
16833 0
14175 0
14876 0
-12540 0
23581 0
8198 0
-9389 0
19057 0
-13736 0
23949 0
-165 0
17628 0
8526 0
21239 0
29066 0
-4258 0
-17803 0
-7364 0
4144 0
17643 0
-21500 0
7396 0
-13112 0
-2823 0
-11522 0
25321 0
660 0
-12869 0
-9877 0
17396 0
23441 0
-13164 0
21178 0
-11464 0
-4366 0
-25661 0
8382 0
26192 0
11485 0
-3335 0
13408 0
-19077 0
-32285 0
-10672 0
-30418 0
23947 0
-14964 0
8373 0
19257 0
14259 0
-8804 0
-11834 0
-21000 0
-24441 0
-13085 0
-24865 0
-21687 0
-10404 0
23661 0
24051 0
-30512 0
-19291 0
-3905 0
-26944 0
19657 0
-15493 0
21981 0
3481 0
-10567 0
-5684 0
-3317 0
-15085 0
22383 0
28669 0
-20709 0
9459 0
31917 0
26033 0
10940 0
-5910 0
-30887 0
-4067 0
6641 0
31337 0
-16429 0
23823 0
20206 0
-15823 0
17493 0
30970 0
-10921 0
754 0
-3797 0
18790 0
-18922 0
-27587 0
27742 0
-23779 0
-5621 0
11514 0
-20216 0
25517 0
22794 0
-21878 0
25620 0
6926 0
-22902 0
20016 0
30661 0
-3077 0
-22812 0
-7602 0
-32141 0
-19489 0
-21461 0
5896 0
-20311 0
-24961 0
-4526 0
-25575 0
-24596 0
-260 0
-22599 0
25462 0
-155 0
2883 0
-32729 0
25155 0
-30238 0
13762 0
14226 0
-31812 0
-17545 0
2137 0
-11715 0
30790 0
24388 0
29284 0
-14406 0
-15306 0
27582 0
28483 0
22397 0
4255 0
-7472 0
31490 0
16419 0
28179 0
-31182 0
-24328 0
18516 0
-16065 0
5290 0
-16790 0
28783 0
5319 0
-30399 0
27171 0
-17980 0
30272 0
-25248 0
-12572 0
14662 0
6232 0
14957 0
-12175 0
-15547 0
2294 0
-9191 0
-19715 0
-14807 0
-2660 0
6881 0
-29482 0
-22068 0
25217 0
7933 0
-23813 0
464 0
-22281 0
31454 0
-3730 0
-31866 0
31930 0
27076 0
-18107 0
-864 0
20897 0
5938 0
-24972 0
-12683 0
-29788 0
25967 0
-12037 0
1665 0
12964 0
11337 0
-21329 0
7516 0
-21351 0
27638 0
-7656 0
-24908 0
27847 0
-13299 0
-15786 0
18791 0
30415 0
15213 0
15171 0
-6526 0
-20492 0
-18456 0
-28570 0
-16071 0
31058 0
-14376 0
27816 0
-31124 0
11066 0
-10709 0
-27586 0
15179 0
-17315 0
-24064 0
-29491 0
-16764 0
-30714 0
-21780 0
21366 0
1044 0
13601 0
-1353 0
6937 0
18817 0
-31406 0
21632 0
3569 0
27389 0
1823 0
4102 0
31551 0
-4140 0
-26800 0
19842 0
-10630 0
-12649 0
-459 0
15123 0
29732 0
-27755 0
23610 0
15739 0
21263 0
-6286 0
24253 0
1675 0
32138 0
-32767 0
-24712 0
22052 0
-31969 0
-30273 0
-9267 0
6620 0
8554 0
13588 0
13006 0
-22627 0
-1897 0
30373 0
-27254 0
-3138 0
-25990 0
3862 0
-13377 0
17196 0
-6334 0
28633 0
-27387 0
-22823 0
31341 0
-5521 0
6033 0
27725 0
-27810 0
19623 0
-30229 0
16459 0
446 0
21128 0
-19577 0
3329 0
29407 0
-21441 0
-14382 0
-26837 0
-28388 0
-28548 0
26116 0
4391 0
-17392 0
15509 0
-2319 0
-12286 0
2214 0
-24478 0
-32767 0
-20874 0
-17241 0
-6517 0
-14684 0
-16532 0
-32157 0
-27825 0
-31071 0
-10841 0
17709 0
-10478 0
-9620 0
18351 0
18642 0
9503 0
21167 0
-17481 0
20161 0
18664 0
1094 0
-30313 0
-4137 0
-12497 0
31285 0
24297 0
-32767 0
22260 0
31507 0
2566 0
30844 0
-16841 0
32021 0
26667 0
-10838 0
26776 0
-32100 0
-23733 0
-4582 0
11142 0
10615 0
-20250 0
-23165 0
19396 0
9972 0
28494 0
-851 0
-12848 0
27622 0
4279 0
-23265 0
6121 0
815 0
-30332 0
16081 0
29214 0
-5272 0
22191 0
30365 0
-5990 0
-32175 0
-14817 0
-32695 0
-871 0
9922 0
29942 0
6458 0
-5821 0
11272 0
-15299 0
1475 0
15728 0
17482 0
23773 0
633 0
10129 0
-7117 0
22871 0
-17366 0
10628 0
-25183 0
14847 0
-13353 0
-4203 0
28166 0
20923 0
-22039 0
412 0
28241 0
1964 0
-18018 0
-18074 0
-19164 0
29069 0
10215 0
9093 0
-10206 0
-299 0
-23097 0
-6133 0
8757 0
30579 0
21801 0
-19689 0
22382 0
912 0
-30539 0
-6280 0
6646 0
6277 0
-32325 0
9177 0
21765 0
-30610 0
-29251 0
20618 0
-18243 0
1720 0
4403 0
20761 0
-18789 0
20381 0
2486 0
-22782 0
-32170 0
18653 0
-7627 0
8199 0
-24969 0
12257 0
15952 0
18134 0
-19961 0
13091 0
-1268 0
15484 0
1412 0
-18931 0
-9871 0
17857 0
23731 0
23283 0
-24434 0
-24049 0
23328 0
9636 0
20157 0
20675 0
-22744 0
6129 0
15708 0
25629 0
-3413 0
676 0
-24858 0
-1926 0
-5627 0
-24868 0
11512 0
24210 0
31050 0
25958 0
-30616 0
5556 0
16441 0
28115 0
-27765 0
21315 0
12069 0
12509 0
-23298 0
-2610 0
-5108 0
-23329 0
-27487 0
31609 0
-8818 0
5601 0
14099 0
-23598 0
-20926 0
7438 0
17390 0
28404 0
22097 0
-15359 0
-8316 0
-4063 0
11 0
-6551 0
28111 0
28844 0
-22489 0
856 0
24120 0
14265 0
-9344 0
-24088 0
25676 0
-1169 0
13566 0
31943 0
-4720 0
-31294 0
24152 0
16741 0
14088 0
14983 0
-26658 0
-11336 0
-23409 0
29332 0
-31233 0
-5140 0
-27903 0
15067 0
-2415 0
7838 0
-3972 0
15130 0
226 0
30986 0
-20404 0
-31557 0
23234 0
-6825 0
9236 0
-21629 0
-32612 0
-180 0
-19499 0
-15800 0
-20947 0
25345 0
-29085 0
18439 0
-416 0
21797 0
16310 0
-5946 0
-25883 0
-5486 0
15083 0
21654 0
20063 0
-9266 0
-11670 0
-30360 0
1124 0
-25297 0
-19529 0
-13296 0
28863 0
-19692 0
551 0
20559 0
-32279 0
5805 0
11049 0
29830 0
-11885 0
-18038 0
16444 0
619 0
-29554 0
-32601 0
-16860 0
23281 0
-2614 0
-14817 0
6797 0
14832 0
-29254 0
-1977 0
-4432 0
2839 0
-25839 0
4275 0
27530 0
28949 0
-28397 0
-28189 0
-24276 0
-17896 0
10124 0
51 0
-15646 0
-32422 0
-24001 0
-9841 0
-17412 0
-31471 0
-6368 0
26023 0
1228 0
-14539 0
-23426 0
388 0
995 0
-3976 0
-21488 0
24686 0
-28132 0
11836 0
-3517 0
30031 0
-9058 0
27988 0
-689 0
-13906 0
-18756 0
-15426 0
-10846 0
29436 0
14611 0
30826 0
24521 0
-14878 0
-19190 0
23523 0
-1205 0
-30783 0
22739 0
-26057 0
30179 0
30274 0
-31453 0
7669 0
21593 0
-3510 0
-3016 0
30976 0
23018 0
-21797 0
1993 0
-26165 0
27157 0
3215 0
-27384 0
30951 0
17221 0
19327 0
4379 0
26052 0
4791 0
-1073 0
-2195 0
-16272 0
-29455 0
-13071 0
-30317 0
-6798 0
-3460 0
-15157 0
-1985 0
2444 0
-30410 0
20863 0
3252 0
-31706 0
-30375 0
2017 0
-14403 0
-28840 0
-19667 0
10434 0
5753 0
-11502 0
19808 0
-25323 0
22928 0
-24938 0
-22645 0
5295 0
-25105 0
-22733 0
-23017 0
676 0
8709 0
-19508 0
26139 0
-28264 0
-7224 0
16858 0
-27441 0
1291 0
12151 0
8695 0
-1680 0
24552 0
-18598 0
21739 0
10859 0
19929 0
-5981 0
-15974 0
-7069 0
2712 0
-4008 0
111 0
3839 0
13247 0
-15208 0
9060 0
-19573 0
-17825 0
-4030 0
1434 0
-13788 0
-32767 0
31082 0
8268 0
12114 0
28866 0
-31098 0
10165 0
27078 0
-17918 0
-24343 0
-18478 0
16617 0
-28162 0
-11552 0
-19197 0
17088 0
14976 0
-21463 0
-6902 0
13282 0
6487 0
-16537 0
28052 0
7241 0
-22728 0
31244 0
-7806 0
22464 0
23993 0
-15898 0
15285 0
-1086 0
-24333 0
8249 0
-25329 0
9581 0
16030 0
-17732 0
27983 0
-23677 0
5316 0
-23243 0
10195 0
-2425 0
-21177 0
-16614 0
-23025 0
28228 0
-7444 0
28524 0
-29954 0
25357 0
-2617 0
2142 0
8366 0
17266 0
27635 0
22164 0
12106 0
-9139 0
10280 0
8739 0
-21139 0
28742 0
31077 0
10509 0
-23735 0
-5538 0
20478 0
18353 0
24284 0
-1579 0
25570 0
-7209 0
25664 0
1586 0
-2460 0
-22433 0
12730 0
-19722 0
-28469 0
-24710 0
-6733 0
-29424 0
-11779 0
20712 0
-32767 0
-20866 0
18884 0
-22993 0
-9081 0
-12815 0
16860 0
-8497 0
-1816 0
19246 0
-5227 0
-20157 0
-27125 0
13943 0
31748 0
6541 0
8499 0
-10147 0
-15746 0
-7215 0
1192 0
10139 0
19366 0
22502 0
-8408 0
-2374 0
8555 0
-7320 0
-25516 0
-554 0
-19481 0
-25727 0
13641 0
-712 0
27007 0
-2093 0
-12997 0
10749 0
-25575 0
25434 0
-22796 0
-1422 0
-31388 0
7675 0
27125 0
-25438 0
26959 0
-24160 0
2696 0
-409 0
-11539 0
-4668 0
5509 0
-32194 0
-7726 0
20627 0
-22125 0
-2474 0
-3252 0
-15404 0
-21414 0
15383 0
-21491 0
-8855 0
13627 0
4471 0
26559 0
6536 0
117 0
-14104 0
26288 0
27037 0
2888 0
-25130 0
4294 0
-26888 0
16716 0
-11224 0
-1529 0
-21510 0
-28556 0
-3707 0
21356 0
31968 0
9786 0
-11436 0
27090 0
-9728 0
2874 0
-16540 0
22336 0
-29598 0
-3496 0
7077 0
-28158 0
-15238 0
29742 0
-15357 0
-3190 0
16854 0
-12522 0
790 0
18512 0
-26879 0
-32571 0
-15306 0
-28657 0
15662 0
15030 0
30683 0
16824 0
25798 0
-14517 0
-18976 0
-4528 0
11056 0
-20174 0
14669 0
19154 0
-4422 0
9471 0
6239 0
14279 0
-1109 0
-5410 0
22711 0
18041 0
18871 0
10573 0
23124 0
-25598 0
-32767 0
8562 0
-23722 0
28144 0
12702 0
8675 0
21786 0
-27633 0
3403 0
-17770 0
-32133 0
763 0
-24187 0
14779 0
19750 0
13396 0
-23199 0
23760 0
-13054 0
-5680 0
19252 0
-27174 0
7580 0
24303 0
-27620 0
11059 0
20928 0
-6770 0
19571 0
21080 0
-5720 0
12192 0
23717 0
20576 0
21331 0
-30148 0
-29129 0
15941 0
27851 0
-28104 0
31094 0
4887 0
-27630 0
-1056 0
17846 0
30080 0
-21773 0
-16002 0
-20144 0
-13131 0
-30447 0
17047 0
11758 0
-6010 0
3935 0
9767 0
-19659 0
-15678 0
-1025 0
26399 0
-25887 0
5765 0
19482 0
16468 0
-821 0
-6116 0
15090 0
28216 0
12859 0
19480 0
-18209 0
11349 0
-28043 0
-3686 0
6863 0
13492 0
24498 0
-26407 0
-1596 0
10768 0
30383 0
15364 0
14091 0
-24310 0
-20935 0
18765 0
14939 0
-23670 0
25057 0
-30721 0
-32767 0
-12448 0
-840 0
-23214 0
-4676 0
-16036 0
31848 0
-5700 0
-29505 0
-10890 0
-19379 0
-30174 0
-21282 0
11830 0
-5457 0
3889 0
21775 0
5971 0
17545 0
26047 0
-20309 0
31116 0
30366 0
8433 0
-11381 0
4018 0
15154 0
16482 0
-20221 0
2339 0
-5943 0
-26655 0
-23113 0
9768 0
-2406 0
-1669 0
2018 0
8426 0
9169 0
6861 0
-32018 0
10612 0
-12785 0
-20814 0
6670 0
22234 0
-19987 0
-24601 0
25999 0
-31037 0
-7653 0
-20651 0
-16312 0
-6768 0
6454 0
-13425 0
28901 0
9697 0
22338 0
6501 0
30787 0
-21431 0
-25554 0
-4378 0
-1989 0
-25250 0
-26437 0
30480 0
-6429 0
1062 0
28338 0
13526 0
24567 0
-11955 0
19460 0
28891 0
-17771 0
-29351 0
-14343 0
12493 0
29214 0
-260 0
27636 0
-23161 0
1862 0
31015 0
21026 0
386 0
-28941 0
-18183 0
1213 0
12315 0
1671 0
3747 0
4884 0
23394 0
6126 0
-11664 0
15590 0
6585 0
-15632 0
-23135 0
-19602 0
31514 0
-14969 0
-28626 0
-10184 0
11484 0
-225 0
30449 0
26505 0
-30078 0
-14056 0
-2962 0
-24692 0
-2616 0
23944 0
15236 0
-6501 0
-8105 0
-23485 0
-15774 0
22955 0
-16687 0
-614 0
-18035 0
17908 0
-28061 0
25803 0
19413 0
-28575 0
-8660 0
7772 0
-9417 0
-6293 0
-16660 0
13683 0
-28499 0
-22785 0
22918 0
-13159 0
-5240 0
26307 0
19947 0
-17676 0
-30575 0
-10655 0
12886 0
29798 0
-8438 0
6056 0
-9749 0
22562 0
-15556 0
-31386 0
-4649 0
-31261 0
9246 0
-4437 0
-6831 0
21568 0
7693 0
2412 0
-22227 0
9376 0
-29100 0
-32767 0
16745 0
31534 0
-12618 0
27642 0
-32475 0
-2669 0
-5064 0
6530 0
21923 0
20188 0
-19992 0
-1145 0
-32767 0
-1913 0
-8229 0
-10143 0
7476 0
-27489 0
-25658 0
-22140 0
20114 0
3503 0
-8148 0
8713 0
-16372 0
-12899 0
659 0
13001 0
-22415 0
-32082 0
-24351 0
-25955 0
10742 0
-27451 0
-28786 0
-8928 0
31087 0
-19820 0
10166 0
853 0
26651 0
-21839 0
16158 0
12930 0
5342 0
-3576 0
-23690 0
-6247 0
-22819 0
29488 0
-26369 0
-1232 0
-5283 0
8612 0
1743 0
-10337 0
-24164 0
-26295 0
30034 0
-11676 0
6144 0
-18083 0
25744 0
-22398 0
-3375 0
30641 0
9648 0
24913 0
-12364 0
1435 0
-9054 0
341 0
9457 0
-11049 0
-32604 0
-32049 0
22769 0
644 0
11871 0
-27438 0
6289 0
-4754 0
30716 0
17046 0
9110 0
7346 0
3154 0
12651 0
21789 0
-28215 0
20582 0
16603 0
7509 0
-11109 0
-17872 0
1956 0
-17640 0
-25052 0
29736 0
-12271 0
-15593 0
7584 0
32216 0
24752 0
-28455 0
-9004 0
-15953 0
-27807 0
-12083 0
10128 0
-32659 0
-23168 0
6556 0
-3027 0
-24508 0
-32490 0
-3058 0
2670 0
-31733 0
26291 0
-12364 0
-6839 0
-10070 0
13815 0
21471 0
85 0
26362 0
-20573 0
-31052 0
17971 0
10673 0
-13917 0
-32713 0
26947 0
15283 0
16128 0
-18865 0
-1472 0
21365 0
157 0
-20616 0
15354 0
-3012 0
22276 0
-16066 0
11613 0
-32767 0
13341 0
6569 0
22441 0
22429 0
2168 0
213 0
-28368 0
15841 0
-7982 0
2756 0
-8513 0
10548 0
15095 0
-30885 0
-16455 0
23219 0
19444 0
-3447 0
-1261 0
-26946 0
23654 0
7638 0
29698 0
19541 0
223 0
24362 0
8953 0
-25115 0
-3472 0
-7681 0
-27920 0
371 0
-32767 0
1687 0
21546 0
-17063 0
-7334 0
30535 0
29625 0
31743 0
-849 0
4601 0
-14955 0
-32767 0
5047 0
11521 0
6918 0
-21461 0
-26581 0
5467 0
-15687 0
15923 0
-5558 0
18279 0
31221 0
8372 0
-32767 0
-19475 0
8489 0
-24257 0
-18929 0
22569 0
1727 0
5703 0
-512 0
-3010 0
-5242 0
25389 0
253 0
1942 0
24567 0
26426 0
-18594 0
22149 0
5914 0
18591 0
753 0
-18774 0
-961 0
-1582 0
11594 0
-11397 0
-27763 0
-27502 0
10810 0
-24420 0
-5549 0
-12609 0
21669 0
17956 0
30135 0
-23007 0
22880 0
31165 0
-15569 0
7741 0
-19978 0
-11635 0
20473 0
-21003 0
11734 0
29292 0
-14191 0
-27856 0
-17454 0
28395 0
-11742 0
-32767 0
-31696 0
-16779 0
2817 0
9764 0
20945 0
-24712 0
-6842 0
23251 0
-21265 0
-9578 0
17788 0
-7674 0
14502 0
25132 0
6604 0
-9181 0
-20536 0
31616 0
-26876 0
-14206 0
31193 0
16034 0
-18972 0
-235 0
-27938 0
7706 0
-13161 0
-26070 0
31097 0
-22671 0
-11027 0
2523 0
-5268 0
8349 0
25306 0
13191 0
-23669 0
3388 0
14794 0
6716 0
-15359 0
-5325 0
-21847 0
-15774 0
-29447 0
-23586 0
-32767 0
30158 0
-15400 0
-21716 0
2134 0
-7510 0
-30568 0
-28660 0
-29528 0
11326 0
27159 0
-13714 0
10074 0
9344 0
9052 0
26510 0
-25160 0
-14249 0
-3975 0
-28565 0
-32465 0
13896 0
15863 0
16296 0
-11683 0
-26637 0
-87 0
20258 0
-2921 0
-21877 0
13229 0
30524 0
-23531 0
-13644 0
-30687 0
19171 0
-16119 0
24746 0
22448 0
5754 0
13513 0
-4932 0
9490 0
28507 0
28909 0
-9220 0
-20827 0
3067 0
26155 0
9534 0
-6532 0
836 0
-23663 0
-8532 0
-10858 0
-24841 0
-9813 0
26596 0
-24657 0
7009 0
24648 0
-29290 0
-32767 0
21343 0
-25663 0
15013 0
-28276 0
1183 0
-27290 0
27031 0
30418 0
-29696 0
15561 0
18814 0
13282 0
-22744 0
7067 0
1133 0
-28567 0
-28017 0
-8529 0
-13190 0
14373 0
-18031 0
18084 0
28689 0
-501 0
-10625 0
16792 0
-17577 0
318 0
3599 0
31911 0
-32767 0
-32090 0
28339 0
23385 0
-25190 0
31240 0
-26108 0
29080 0
-13713 0
-14643 0
5568 0
-14847 0
-23856 0
308 0
5600 0
-7201 0
3316 0
16765 0
-25163 0
1226 0
-15229 0
6987 0
28059 0
15679 0
-13113 0
-4817 0
-25639 0
-24619 0
-10324 0
11407 0
-9109 0
-15169 0
14366 0
-19081 0
7887 0
1793 0
-27143 0
-9245 0
4226 0
13968 0
11334 0
-25035 0
15807 0
-9307 0
-573 0
11303 0
-15322 0
-32614 0
29833 0
-13305 0
-12144 0
20848 0
-8669 0
-3362 0
-21399 0
-3366 0
-8918 0
22194 0
9105 0
-6668 0
-10225 0
-6300 0
-22895 0
3393 0
-2970 0
8795 0
19950 0
-22947 0
-11864 0
9289 0
-25931 0
2484 0
-25818 0
31486 0
7911 0
2893 0
-15039 0
-4108 0
20538 0
-11456 0
-12484 0
-4737 0
16380 0
8955 0
-31152 0
8169 0
-22785 0
-15161 0
-23420 0
25569 0
2425 0
22628 0
-11945 0
-30600 0
11874 0
27958 0
-3036 0
-1346 0
-7259 0
8642 0
23819 0
-63 0
-4712 0
22165 0
-32767 0
19775 0
20410 0
-8242 0
-5093 0
20202 0
-29955 0
-721 0
-21283 0
-13718 0
8401 0
3870 0
31676 0
4196 0
-31965 0
2774 0
-32767 0
28147 0
26973 0
-20051 0
11945 0
-13190 0
-24744 0
-12688 0
-3196 0
24723 0
-12604 0
13137 0
-8708 0
-15702 0
-30383 0
30219 0
-20396 0
22432 0
25503 0
-12102 0
-27215 0
-4296 0
-14908 0
-22590 0
-22399 0
26963 0
-4160 0
6930 0
24388 0
-20781 0
28674 0
-17589 0
-6793 0
-25143 0
23974 0
25186 0
14549 0
14856 0
-28558 0
-31678 0
16432 0
11785 0
30959 0
-16630 0
29726 0
-21360 0
4504 0
-18230 0
30547 0
-11968 0
-29882 0
-14337 0
-16160 0
9868 0
8450 0
14990 0
-23917 0
-9314 0
-10615 0
18531 0
-3009 0
28989 0
12003 0
16610 0
-32767 0
-26520 0
-11786 0
-24165 0
-20571 0
-27573 0
-25349 0
-26210 0
-1545 0
-31450 0
16677 0
11828 0
1659 0
3738 0
-5741 0
-5318 0
-16236 0
-4966 0
-15889 0
-27293 0
-10695 0
29851 0
-11585 0
25881 0
5367 0
-20204 0
23254 0
-7638 0
15979 0
15194 0
-30982 0
-15673 0
7138 0
-26532 0
30066 0
-17485 0
-3612 0
7507 0
-18971 0
11890 0
1403 0
21736 0
27886 0
-26859 0
-6148 0
7145 0
-22828 0
-8478 0
5643 0
-12858 0
-377 0
-18265 0
-29686 0
5775 0
-1476 0
20985 0
9516 0
825 0
-18364 0
-24023 0
23219 0
11079 0
16814 0
7558 0
6935 0
-1146 0
30743 0
-29144 0
-20278 0
-10744 0
21084 0
27552 0
-10830 0
-1651 0
-17475 0
575 0
28801 0
24276 0
11606 0
-29496 0
1973 0
-2769 0
-18753 0
23395 0
-17026 0
-28938 0
-26201 0
2865 0
16704 0
-28908 0
4849 0
30212 0
-29162 0
-27333 0
13653 0
-12257 0
-1113 0
20635 0
26308 0
-26403 0
17055 0
-6413 0
-23519 0
31805 0
-28493 0
20829 0
-30910 0
-10278 0
-27323 0
-21595 0
22735 0
-21167 0
-26652 0
23295 0
-6028 0
13727 0
27812 0
3751 0
6166 0
-32767 0
3431 0
-29244 0
4339 0
20744 0
-5482 0
12713 0
-20442 0
-27574 0
-21505 0
-20661 0
28429 0
16940 0
-2210 0
7536 0
-31256 0
-15759 0
11770 0
27754 0
13678 0
12956 0
-30898 0
-22209 0
2585 0
6368 0
1308 0
-32352 0
-22410 0
3764 0
-933 0
26867 0
21581 0
-6462 0
-16693 0
-10616 0
-14499 0
7618 0
-22019 0
8474 0
19320 0
29841 0
-16932 0
32229 0
-1194 0
14074 0
-17781 0
-25005 0
15325 0
4670 0
29466 0
10672 0
19110 0
-24043 0
-32767 0
-1243 0
-27998 0
24528 0
-31708 0
-20441 0
17674 0
5422 0
-10486 0
-3660 0
17166 0
22704 0
-13049 0
13266 0
-1249 0
-296 0
-12312 0
2641 0
-20869 0
-32483 0
10745 0
21011 0
-29256 0
-12060 0
-21061 0
-4614 0
-20678 0
25406 0
14728 0
-13958 0
-11113 0
-29520 0
8428 0
20108 0
17547 0
8576 0
31417 0
-23704 0
-8475 0
-7596 0
-23782 0
5889 0
17995 0
22426 0
15399 0
-19891 0
-9846 0
13474 0
6056 0
24665 0
23523 0
-24594 0
17068 0
-26159 0
-1518 0
32084 0
-7832 0
12491 0
-12584 0
18943 0
29717 0
-14088 0
-11722 0
-24861 0
18925 0
-14744 0
27521 0
-1505 0
6513 0
-7589 0
15732 0
26420 0
-32767 0
-14078 0
-26860 0
9392 0
-27552 0
-10521 0
-13152 0
-17405 0
26991 0
24015 0
-32388 0
10397 0
-14206 0
27134 0
-17749 0
14291 0
-25654 0
-1703 0
-3601 0
25376 0
-13020 0
20217 0
-16118 0
30222 0
25849 0
27556 0
4020 0
13448 0
25303 0
15200 0
13292 0
14431 0
5810 0
-13623 0
-21662 0
3994 0
20592 0
2738 0
22687 0
-21870 0
-7334 0
-5929 0
-16950 0
6114 0
-11033 0
15432 0
29832 0
10414 0
29396 0
-17744 0
-26207 0
-12332 0
24708 0
-28125 0
2034 0
31101 0
25222 0
-25694 0
1465 0
11512 0
-17753 0
-9744 0
5930 0
-14064 0
-11263 0
-19891 0
2381 0
31443 0
21893 0
-22383 0
7422 0
28670 0
-23174 0
31891 0
26144 0
831 0
30068 0
-222 0
20026 0
26122 0
31872 0
29089 0
-22155 0
-24558 0
-13637 0
24701 0
8427 0
-14607 0
2850 0
-6796 0
31513 0
-28662 0
-6111 0
1608 0
3565 0
16143 0
14404 0
-1002 0
-30821 0
24598 0
-11477 0
13516 0
10533 0
22080 0
13391 0
8126 0
-434 0
-16237 0
-4341 0
-7615 0
-11285 0
13259 0
11877 0
24838 0
14535 0
12747 0
-13005 0
19218 0
21302 0
28587 0
-26146 0
-30317 0
-20466 0
-21717 0
-12075 0
7996 0
14065 0
-12064 0
-30139 0
9914 0
-26106 0
32010 0
-26467 0
6745 0
-28415 0
6697 0
-19187 0
-29544 0
-6835 0
14707 0
30995 0
-7457 0
-2398 0
-334 0
-21301 0
31087 0
21144 0
18331 0
-29969 0
24068 0
-22754 0
17521 0
3812 0
-2193 0
-4140 0
-19065 0
26396 0
-22465 0
-18435 0
28290 0
26755 0
18200 0
13181 0
1628 0
6103 0
872 0
-28876 0
25115 0
-23960 0
-27294 0
-25883 0
-25098 0
-20041 0
12745 0
-1741 0
2099 0
4523 0
15009 0
-32409 0
10306 0
-32767 0
31550 0
3287 0
3681 0
-17180 0
-26980 0
23205 0
-21663 0
28176 0
-23970 0
22464 0
-30756 0
-7971 0
4865 0
-30183 0
-16132 0
-20815 0
14734 0
336 0
-19331 0
9786 0
-29750 0
5443 0
-23846 0
26622 0
-30976 0
-2510 0
-3049 0
-4741 0
-23818 0
25292 0
26732 0
-24957 0
-28103 0
-290 0
-29593 0
13405 0
-32767 0
6562 0
-15272 0
18773 0
-10727 0
-28182 0
15177 0
6439 0
-10292 0
-5641 0
-20256 0
-4688 0
-5323 0
12370 0
-3712 0
3340 0
-5542 0
23364 0
-15787 0
-13158 0
31941 0
-16193 0
25566 0
1853 0
6670 0
-17448 0
-22881 0
25674 0
-13963 0
2221 0
-2382 0
24678 0
-13551 0
9991 0
27012 0
2452 0
-4234 0
18208 0
17816 0
-7246 0
-7204 0
-32430 0
-716 0
-21709 0
-24685 0
-3302 0
32061 0
-10179 0
9265 0
-1620 0
-3896 0
29411 0
-22684 0
11625 0
-17386 0
-14851 0
25273 0
-20075 0
17051 0
-26201 0
-28885 0
4138 0
-31242 0
-20658 0
-5262 0
-19244 0
4097 0
17694 0
-30952 0
2087 0
17309 0
12826 0
-11046 0
4748 0
20187 0
13035 0
-2025 0
23626 0
-21621 0
-28382 0
-16472 0
-24686 0
-9800 0
-30617 0
-9445 0
26799 0
-25580 0
-1479 0
-7319 0
2435 0
-29917 0
-14298 0
13501 0
-12963 0
9842 0
-20917 0
3879 0
-3386 0
-8610 0
-3950 0
6514 0
23389 0
10752 0
-28379 0
8376 0
-18196 0
-8677 0
-1986 0
-9988 0
-29209 0
-2671 0
-28148 0
1184 0
-30326 0
-6711 0
-4150 0
-14406 0
30442 0
-9308 0
-31422 0
15915 0
-11573 0
15452 0
32113 0
-26963 0
29418 0
27403 0
-32356 0
-29381 0
17428 0
6287 0
-19723 0
14590 0
30418 0
-5782 0
14724 0
9184 0
-21146 0
-15892 0
-15421 0
25030 0
7660 0
19581 0
31655 0
3424 0
3438 0
30301 0
6783 0
5175 0
-16763 0
19323 0
-32119 0
7761 0
-17455 0
-32344 0
-4794 0
-31065 0
9639 0
-17344 0
-13613 0
27393 0
15041 0
3384 0
9327 0
-22508 0
17267 0
-29449 0
22112 0
-19722 0
-7602 0
-21328 0
-25453 0
11597 0
-28797 0
7949 0
-10871 0
12730 0
-14978 0
2776 0
-32358 0
18568 0
4177 0
-24024 0
2913 0
6091 0
-16650 0
-21611 0
-26527 0
-23112 0
11204 0
5327 0
3016 0
-32624 0
-32767 0
-13276 0
14289 0
21092 0
-2983 0
-4887 0
-28264 0
31088 0
-6462 0
722 0
26785 0
-1022 0
28609 0
62 0
508 0
-6955 0
21354 0
22605 0
-17225 0
-5878 0
-31615 0
25736 0
-21783 0
21164 0
10722 0
-11157 0
26439 0
3875 0
-13089 0
-18486 0
-14843 0
5452 0
-5683 0
19487 0
14326 0
-24562 0
-32767 0
-27646 0
-9787 0
31445 0
20457 0
-5607 0
-17188 0
-27494 0
30027 0
10599 0
28838 0
-11000 0
7742 0
17993 0
4202 0
-28901 0
-26567 0
10729 0
6033 0
6606 0
-23216 0
17641 0
-373 0
11200 0
16721 0
12917 0
19278 0
5421 0
-1146 0
8155 0
-19219 0
27773 0
-25819 0
-1364 0
12173 0
-3512 0
-541 0
17484 0
-10977 0
-26689 0
3556 0
-22495 0
10781 0
-19370 0
4897 0
-30633 0
-14980 0
-50 0
-3727 0
27113 0
-32767 0
-10007 0
-19930 0
15016 0
11874 0
-25117 0
-8485 0
4280 0
-10602 0
-16509 0
18151 0
-29067 0
6040 0
24919 0
26317 0
-1218 0
7966 0
19945 0
4968 0
9491 0
5858 0
26033 0
-18725 0
7401 0
9148 0
21121 0
31947 0
1412 0
-27708 0
-14351 0
-30359 0
4230 0
23410 0
18158 0
-32767 0
-7431 0
12573 0
7731 0
-397 0
-21254 0
7206 0
24012 0
-23235 0
26634 0
-3515 0
-29451 0
10742 0
-21103 0
27791 0
-4216 0
-6275 0
-22439 0
26114 0
-19041 0
31915 0
25161 0
9188 0
-17362 0
21057 0
31996 0
-233 0
15513 0
24098 0
-15464 0
25379 0
32028 0
-14711 0
-8397 0
-28685 0
31335 0
-11332 0
23244 0
-5221 0
-29153 0
-15450 0
-1789 0
-19127 0
-30760 0
-560 0
24429 0
6994 0
3534 0
18735 0
-10239 0
-11684 0
31400 0
-30 0
18148 0
18545 0
3092 0
13562 0
7200 0
550 0
-6572 0
8310 0
25732 0
16717 0
-11649 0
24706 0
-15798 0
-29968 0
873 0
5947 0
-32767 0
22860 0
26532 0
-19079 0
27414 0
18804 0
-7830 0
-15750 0
2009 0
4754 0
-18968 0
27559 0
23791 0
-29462 0
-28759 0
27016 0
31323 0
5400 0
17722 0
28740 0
23132 0
4392 0
-9722 0
-1913 0
-8785 0
2 0
12173 0
2304 0
-1755 0
2172 0
-1166 0
20787 0
19294 0
28719 0
28207 0
-32767 0
-25692 0
-8911 0
25817 0
-24418 0
-31934 0
-21142 0
-25656 0
25459 0
15912 0
-14094 0
13810 0
5025 0
-12073 0
24297 0
-4507 0
-19852 0
-2637 0
-28018 0
-7202 0
-7011 0
2534 0
-11000 0
-28337 0
-4027 0
-30030 0
-21357 0
-10863 0
-5550 0
17834 0
3249 0
24491 0
-1079 0
15261 0
25876 0
10457 0
-20987 0
-146 0
7618 0
-2618 0
5345 0
-17648 0
20654 0
30381 0
-30669 0
15585 0
3203 0
17555 0
12962 0
4847 0
11555 0
18734 0
-14502 0
-13331 0
30170 0
-25944 0
-31553 0
-29033 0
25571 0
-4827 0
23846 0
-19744 0
-24564 0
-17133 0
-20587 0
4343 0
11320 0
-391 0
-26937 0
13513 0
-19662 0
15314 0
-18756 0
26880 0
17760 0
2373 0
-27528 0
25583 0
390 0
13207 0
19655 0
6958 0
-11295 0
-16438 0
-19677 0
25702 0
-20114 0
-9462 0
12362 0
-24508 0
-13587 0
7297 0
-23366 0
27519 0
-31110 0
-6334 0
24607 0
-21534 0
-25894 0
-2281 0
4043 0
21925 0
3395 0
-20589 0
9898 0
-31235 0
-2235 0
-13188 0
26800 0
3748 0
-14574 0
-22389 0
-3463 0
28614 0
16640 0
16938 0
8016 0
-32708 0
-2867 0
-8314 0
31591 0
-28403 0
8134 0
-18093 0
4190 0
-7332 0
29093 0
-14352 0
25809 0
-8390 0
-22092 0
-11617 0
4635 0
22704 0
-28174 0
-18131 0
31508 0
29179 0
-30406 0
17914 0
22184 0
21133 0
5547 0
-21015 0
8981 0
-14563 0
-23370 0
2370 0
8234 0
-6192 0
-13320 0
23914 0
-15363 0
10521 0
6821 0
-28867 0
4 0
-26446 0
-27781 0
-28826 0
30120 0
9739 0
-2447 0
31734 0
18265 0
-493 0
-16212 0
-27446 0
3889 0
-13529 0
-535 0
-14353 0
-27388 0
-32767 0
-15298 0
-4147 0
23217 0
26905 0
2314 0
-8529 0
-6100 0
-1056 0
-13733 0
-8446 0
22339 0
-15682 0
28976 0
16191 0
-29270 0
13370 0
25025 0
30034 0
-747 0
17176 0
-6340 0
2838 0
2133 0
-8141 0
19960 0
-31922 0
9667 0
27183 0
19875 0
15581 0
31867 0
-10433 0
9915 0
11605 0
-16213 0
31054 0
-1242 0
13384 0
-8219 0
22122 0
19022 0
-25714 0
7362 0
-9806 0
22837 0
16278 0
26652 0
26574 0
-29696 0
7036 0
2843 0
-26379 0
6725 0
-10284 0
-32767 0
-10152 0
20193 0
-32767 0
5089 0
-31152 0
-17631 0
-16662 0
-21344 0
-2115 0
-25075 0
-31074 0
-13829 0
-12628 0
-23940 0
-21870 0
-30606 0
10403 0
-1169 0
6323 0
-2352 0
28666 0
-21961 0
-554 0
22858 0
5073 0
-22268 0
-5678 0
8718 0
31759 0
11283 0
5546 0
-12306 0
-10468 0
530 0
-19899 0
-27513 0
-21015 0
-3138 0
8873 0
-25689 0
-7514 0
-20911 0
29360 0
-29392 0
11518 0
-18487 0
4043 0
3551 0
30197 0
13683 0
23913 0
27930 0
-22930 0
-29996 0
25320 0
-2884 0
-27460 0
-8200 0
-28674 0
-25365 0
-19162 0
2420 0
-6609 0
29355 0
-4265 0
3122 0
13996 0
-9762 0
-6549 0
-26839 0
28994 0
10433 0
-18550 0
29736 0
-10814 0
3694 0
-2467 0
-21877 0
-4717 0
8449 0
27063 0
-23728 0
-19006 0
-28889 0
10598 0
8422 0
31676 0
7209 0
20225 0
7828 0
-18548 0
-23685 0
22232 0
-1727 0
19623 0
9280 0
-29399 0
-19490 0
16986 0
7370 0
21081 0
-4338 0
-15444 0
-22 0
4045 0
23139 0
15393 0
648 0
-9200 0
-4507 0
-11669 0
-3025 0
-13691 0
3899 0
-2205 0
4120 0
-28618 0
-20174 0
4555 0
13317 0
10262 0
-27465 0
-2834 0
-22338 0
9858 0
-533 0
21638 0
-12798 0
-19895 0
-1739 0
-15468 0
-32604 0
1879 0
11155 0
-1306 0
-21432 0
6137 0
-32767 0
28639 0
23666 0
21590 0
-20620 0
-4481 0
-4391 0
7950 0
5440 0
480 0
26013 0
-26649 0
26726 0
893 0
-5196 0
-1998 0
20656 0
-28586 0
-25321 0
-6997 0
-24650 0
12572 0
31869 0
-10943 0
-3933 0
-7250 0
13680 0
-17424 0
-27754 0
-28715 0
-15734 0
22874 0
21434 0
-13702 0
-32767 0
3721 0
-21048 0
-25507 0
-12102 0
-25439 0
4828 0
-20415 0
15276 0
-23292 0
-31627 0
-32747 0
-24379 0
17679 0
-20595 0
26950 0
29408 0
-22723 0
-20198 0
-8205 0
-24550 0
-12763 0
-32548 0
-39 0
25973 0
18933 0
22731 0
14967 0
21529 0
-12448 0
26518 0
11170 0
-32623 0
15772 0
7727 0
29325 0
25876 0
30778 0
-27744 0
19075 0
24589 0
12121 0
11853 0
20415 0
29707 0
677 0
-13479 0
21297 0
-4484 0
-32767 0
30493 0
22006 0
3151 0
15947 0
-10520 0
-9897 0
-32388 0
27418 0
-607 0
18168 0
678 0
-20357 0
12660 0
25650 0
23169 0
10646 0
-3151 0
30625 0
-25191 0
-30558 0
14819 0
-23094 0
-6589 0
10845 0
-19564 0
27351 0
29551 0
-24154 0
-8534 0
14345 0
-23554 0
17658 0
17572 0
17974 0
-20190 0
22424 0
1888 0
-11469 0
5249 0
3535 0
-6861 0
-4573 0
-25607 0
20805 0
3695 0
-5536 0
13825 0
12802 0
28161 0
-22655 0
8913 0
6947 0
11133 0
-21224 0
19169 0
-7722 0
-25707 0
29430 0
-18711 0
-15146 0
-1620 0
23013 0
20389 0
31886 0
14225 0
8966 0
-6402 0
12270 0
-8659 0
21757 0
9377 0
14573 0
-5154 0
23941 0
-24076 0
3195 0
-23705 0
-976 0
2995 0
-10387 0
23553 0
-21969 0
15878 0
21976 0
-14538 0
-26636 0
8625 0
-25931 0
-1070 0
1813 0
-1961 0
28030 0
-22053 0
26830 0
13320 0
-32767 0
-5050 0
26169 0
30069 0
-17119 0
-3250 0
27172 0
-13657 0
-6076 0
-11317 0
-587 0
-5239 0
-9874 0
11085 0
-27218 0
-22816 0
-26277 0
-21333 0
8844 0
-21635 0
25202 0
25613 0
4672 0
8060 0
-6594 0
1075 0
-8731 0
-30502 0
-5774 0
-26336 0
17750 0
-2052 0
-31409 0
-13154 0
-11752 0
25134 0
11025 0
-29550 0
-30370 0
28815 0
2648 0
27091 0
26461 0
16363 0
-10601 0
-13922 0
-14491 0
-15166 0
-3972 0
-20456 0
-12417 0
-30386 0
-14297 0
-5915 0
22300 0
-7298 0
-17859 0
-4725 0
4034 0
-19895 0
-20696 0
-15800 0
19707 0
-25124 0
-17331 0
25983 0
24797 0
-9016 0
23053 0
-30113 0
-6576 0
18079 0
-12570 0
25337 0
-13063 0
-18770 0
-29588 0
10264 0
-8419 0
24010 0
-10276 0
-11472 0
23608 0
1135 0
-30580 0
26360 0
16578 0
-27344 0
12811 0
-11382 0
1249 0
665 0
6346 0
-9126 0
21205 0
-7574 0
5304 0
-6490 0
-3492 0
21471 0
22483 0
-23706 0
-5730 0
-21912 0
31658 0
22960 0
26815 0
-24198 0
18333 0
-8271 0
11657 0
24484 0
9800 0
-20808 0
23994 0
-29996 0
-12613 0
-22138 0
-22326 0
22970 0
-15328 0
-14677 0
-24599 0
18832 0
6130 0
-10482 0
-32767 0
-18290 0
9059 0
-12770 0
-24889 0
-28684 0
-16081 0
5037 0
-6155 0
6810 0
29100 0
31679 0
18021 0
12776 0
-21753 0
6360 0
13369 0
-16854 0
-19951 0
30707 0
23424 0
23616 0
-24612 0
-10376 0
29830 0
23335 0
-13521 0
8970 0
16225 0
-2958 0
1272 0
-31499 0
-7287 0
-21084 0
-21406 0
-11370 0
-6046 0
5883 0
9177 0
23541 0
397 0
5286 0
8621 0
-20975 0
-14690 0
1763 0
-29935 0
20301 0
-27838 0
-15250 0
5576 0
10720 0
7968 0
-23001 0
29042 0
-22791 0
-12223 0
4766 0
13206 0
4820 0
16527 0
-13916 0
3024 0
12287 0
-5832 0
-25893 0
7887 0
-3436 0
-5583 0
2948 0
8132 0
-28157 0
3797 0
290 0
-29943 0
-23045 0
22152 0
20916 0
-13413 0
-4705 0
-12871 0
-22934 0
-27836 0
26054 0
-8601 0
-4210 0
-25408 0
9870 0
-9773 0
-14445 0
-23199 0
32149 0
-21696 0
-7671 0
25910 0
14376 0
-1519 0
-751 0
31137 0
13154 0
14262 0
-31202 0
-9190 0
-12339 0
26172 0
10099 0
4981 0
16037 0
37 0
-8281 0
23593 0
-11102 0
16469 0
-25064 0
28301 0
-30129 0
-28894 0
28245 0
-23387 0
29578 0
-19567 0
11339 0
-32767 0
29135 0
2733 0
-9514 0
-32040 0
-20475 0
-18464 0
14670 0
-30756 0
23583 0
20079 0
-17904 0
-19680 0
-15313 0
-11996 0
-11763 0
-32412 0
-637 0
22866 0
10091 0
-19336 0
-26417 0
-19048 0
26648 0
-21403 0
27907 0
28218 0
-6295 0
-3232 0
-1651 0
-5040 0
-11737 0
-27474 0
16989 0
-8740 0
-5064 0
-28222 0
-12415 0
967 0
-11094 0
-1106 0
-22898 0
-25243 0
-31676 0
-9017 0
31006 0
2933 0
-13656 0
-14215 0
18783 0
-3366 0
31044 0
-32525 0
-28505 0
27865 0
2018 0
7108 0
26537 0
20487 0
-27064 0
16521 0
-11498 0
24073 0
14671 0
-32767 0
-16169 0
30887 0
12442 0
8835 0
-15841 0
8770 0
-16687 0
19284 0
-23854 0
12020 0
4231 0
12840 0
18644 0
19862 0
6318 0
3501 0
-29440 0
-931 0
-15472 0
-25376 0
7576 0
23463 0
25623 0
-8418 0
-2284 0
-29618 0
-28164 0
-969 0
23921 0
13145 0
-13360 0
20155 0
11150 0
-30165 0
6919 0
-426 0
23528 0
1952 0
2580 0
19305 0
8076 0
-18460 0
-11747 0
3015 0
23842 0
-5199 0
30993 0
14733 0
-28153 0
-24917 0
-12729 0
-27889 0
23723 0
-16969 0
-2646 0
20692 0
19714 0
17860 0
30354 0
5462 0
-10693 0
-25863 0
-10408 0
9779 0
-16519 0
-15379 0
-7644 0
-2294 0
-16862 0
-31315 0
-32767 0
14769 0
12928 0
18272 0
-19485 0
-23355 0
-10993 0
27377 0
8083 0
19680 0
-28434 0
-9498 0
-17120 0
-3654 0
32103 0
19590 0
-8855 0
21060 0
-6831 0
-7721 0
30566 0
13036 0
13867 0
-3895 0
1097 0
23219 0
11603 0
27178 0
27630 0
-24784 0
18961 0
25843 0
-3954 0
18335 0
-1382 0
27983 0
-19843 0
-29416 0
2701 0
-5248 0
-27519 0
-1246 0
24887 0
8327 0
-27647 0
-28580 0
-13399 0
-1 0
27544 0
27029 0
-24559 0
-11999 0
-26326 0
-7798 0
23182 0
3822 0
30491 0
147 0
21159 0
6487 0
4414 0
27414 0
-17034 0
6529 0
30259 0
22149 0
31506 0
-31630 0
25723 0
-2878 0
4548 0
-10683 0
-26125 0
-353 0
6395 0
-23729 0
-22479 0
27585 0
25428 0
-6640 0
-7411 0
29407 0
-5703 0
15314 0
-11900 0
6402 0
-4984 0
-32 0
7993 0
29886 0
-5641 0
-22159 0
20428 0
-3012 0
-23084 0
25169 0
-6527 0
5277 0
-28923 0
1314 0
-30511 0
18919 0
6521 0
-6900 0
-10901 0
-14918 0
-30060 0
-8314 0
-13269 0
-19549 0
-21947 0
-22998 0
13062 0
-25131 0
17756 0
1342 0
5316 0
30353 0
-249 0
12681 0
-16586 0
31418 0
-23416 0
-19221 0
-18610 0
11516 0
-1204 0
15764 0
-10641 0
-24483 0
-17138 0
-28172 0
23894 0
-21385 0
19257 0
-2255 0
18223 0
29688 0
-17303 0
31138 0
3800 0
-12619 0
18505 0
-22524 0
19908 0
26094 0
-16923 0
4639 0
-14181 0
-5943 0
-3845 0
-29118 0
-29660 0
20650 0
-27530 0
6238 0
-6296 0
-26973 0
27171 0
-16198 0
10696 0
-9648 0
-29943 0
-2315 0
-6803 0
-32650 0
-6904 0
20113 0
-12503 0
17323 0
-16958 0
-1108 0
30993 0
30663 0
14335 0
10826 0
30052 0
30041 0
-23906 0
2079 0
6039 0
26947 0
-31942 0
-5726 0
21549 0
-6240 0
-12289 0
-28343 0
1846 0
-22770 0
-23024 0
-21910 0
-32547 0
-29604 0
25719 0
14441 0
21560 0
-17356 0
11187 0
-17662 0
-31608 0
26214 0
-14819 0
31595 0
-25794 0
-18102 0
22434 0
-15522 0
27191 0
-12385 0
-9628 0
-24093 0
9085 0
-23324 0
19597 0
16494 0
2284 0
877 0
27396 0
30718 0
-31289 0
16351 0
29262 0
-10619 0
-25742 0
-29625 0
-11402 0
25114 0
18301 0
19612 0
-4326 0
22956 0
-14191 0
-26860 0
30016 0
11713 0
-3208 0
-9029 0
29147 0
-1977 0
16567 0
23264 0
-23069 0
-16297 0
-1892 0
-15546 0
13514 0
19055 0
-29789 0
-21655 0
-9505 0
-18588 0
9859 0
15571 0
-32767 0
-15553 0
-21915 0
19793 0
14040 0
-2161 0
-5912 0
4230 0
14368 0
14907 0
15350 0
-31648 0
-13234 0
-8455 0
-10330 0
-15331 0
3176 0
-9523 0
-20558 0
-3893 0
-1855 0
3460 0
16076 0
16995 0
-23855 0
-32767 0
3256 0
26651 0
21596 0
29672 0
-12908 0
31950 0
-4142 0
-26250 0
1609 0
-10175 0
-15871 0
2906 0
20431 0
5909 0
-15715 0
-14301 0
139 0
-26725 0
23745 0
-21345 0
-12653 0
24193 0
-6075 0
-29752 0
3862 0
-3035 0
-13267 0
13275 0
-2495 0
12316 0
30314 0
11788 0
-20769 0
-23519 0
22199 0
-24321 0
-27543 0
18816 0
7096 0
-26179 0
-30221 0
28840 0
-22257 0
-19005 0
14615 0
12822 0
8255 0
26355 0
-25207 0
-30522 0
-22161 0
-3531 0
20690 0
4839 0
-11758 0
9344 0
13077 0
2716 0
-24165 0
6206 0
-14188 0
29705 0
-23822 0
-11243 0
13561 0
23661 0
11081 0
6899 0
-18598 0
-31615 0
16175 0
2996 0
-10042 0
-19128 0
3386 0
-23618 0
16843 0
-16484 0
12677 0
25641 0
15365 0
-29419 0
6698 0
-29258 0
10103 0
-2046 0
-5768 0
12734 0
-21954 0
-4470 0
12406 0
-31049 0
23711 0
2945 0
3205 0
15079 0
-1713 0
27801 0
-2781 0
-7104 0
20278 0
-2002 0
-7957 0
-26597 0
25149 0
21146 0
26941 0
-22983 0
-10699 0
-15632 0
-10705 0
-15981 0
30929 0
-23598 0
8070 0
-7345 0
6762 0
-31924 0
21235 0
4618 0
6755 0
13110 0
-17631 0
6953 0
-26035 0
31625 0
7177 0
-26839 0
14779 0
17441 0
-14336 0
31609 0
9498 0
-9299 0
27045 0
-29866 0
-28633 0
-12551 0
-16540 0
-8080 0
-26816 0
24188 0
-21679 0
21602 0
1526 0
14508 0
22244 0
-18053 0
28440 0
-852 0
17230 0
24112 0
-22692 0
19537 0
-2508 0
27093 0
28176 0
26352 0
27448 0
-25738 0
29772 0
-14823 0
-19965 0
-20249 0
30013 0
-12763 0
27848 0
-7065 0
15204 0
24204 0
15036 0
19861 0
5615 0
-15591 0
2386 0
9729 0
15779 0
-16601 0
4370 0
-11596 0
-29269 0
-9138 0
28941 0
13133 0
14561 0
-8165 0
-3330 0
-16995 0
-18164 0
-30614 0
13835 0
-28285 0
-27767 0
-1748 0
8913 0
-32032 0
15259 0
27633 0
1970 0
-8816 0
-25175 0
-29498 0
-15581 0
-590 0
29043 0
27374 0
26373 0
-32014 0
1782 0
-15710 0
-9888 0
-16768 0
-9253 0
10747 0
-32271 0
2727 0
-32124 0
19729 0
-25104 0
27309 0
-1930 0
4324 0
-17923 0
-32767 0
31256 0
-5678 0
-31491 0
19093 0
3269 0
8688 0
8785 0
-20530 0
-2228 0
14174 0
19498 0
24548 0
12155 0
29556 0
12944 0
14492 0
7894 0
1493 0
-3268 0
18189 0
-11253 0
14879 0
3149 0
-13359 0
-2515 0
12172 0
-11614 0
-14466 0
-6893 0
7289 0
23646 0
-17661 0
-24840 0
-8677 0
-19011 0
3574 0
7353 0
-7278 0
20575 0
2107 0
-23448 0
30537 0
-21711 0
-6624 0
21259 0
-12856 0
-17436 0
-18119 0
15148 0
30765 0
-3035 0
4532 0
16829 0
-10891 0
-32605 0
-6468 0
10692 0
-5462 0
27747 0
-330 0
-27239 0
18491 0
-25424 0
-20677 0
7007 0
-4437 0
-27425 0
-31096 0
28107 0
27990 0
23508 0
-14355 0
-7263 0
18242 0
-8826 0
-32767 0
24843 0
4254 0
21121 0
-24187 0
-27602 0
-11671 0
8723 0
-24743 0
5683 0
25976 0
-2287 0
19076 0
30991 0
7243 0
27023 0
-29652 0
-32165 0
11879 0
15523 0
9202 0
-1989 0
-125 0
-19065 0
-29256 0
-8811 0
3746 0
1758 0
-12729 0
-30635 0
-32767 0
7478 0
16993 0
-9337 0
4200 0
-30989 0
-30691 0
-32767 0
-32387 0
-31546 0
-28806 0
19112 0
9719 0
-16091 0
24816 0
4526 0
16346 0
12754 0
16828 0
17786 0
-25840 0
-19644 0
2055 0
-13666 0
16033 0
13527 0
-4890 0
22637 0
-18988 0
13118 0
26115 0
10151 0
-27297 0
-12604 0
-24035 0
-9186 0
-25100 0
-5935 0
26594 0
-8398 0
-12344 0
-10663 0
-26063 0
27980 0
-24964 0
18818 0
-23441 0
13287 0
-21691 0
15548 0
22267 0
10183 0
4408 0
-31659 0
-23211 0
15975 0
-13511 0
30766 0
-15095 0
12299 0
-29298 0
16266 0
23238 0
2147 0
8660 0
5649 0
29729 0
18724 0
-426 0
-9589 0
-19498 0
4328 0
4252 0
-878 0
-1364 0
-2141 0
14282 0
-18245 0
-2797 0
-27282 0
-25385 0
-12834 0
-12998 0
-23967 0
-9361 0
5113 0
-9220 0
-11106 0
-23005 0
-32767 0
-23219 0
-20134 0
5048 0
10683 0
13266 0
-24533 0
-20474 0
-31960 0
2325 0
-1001 0
-14066 0
-30523 0
-27847 0
-11749 0
-27217 0
-24727 0
5516 0
29617 0
-3181 0
12500 0
-26306 0
15811 0
1052 0
28875 0
30043 0
-29843 0
6718 0
5015 0
-12640 0
12360 0
-6614 0
-13304 0
-10359 0
13869 0
18639 0
-16114 0
14327 0
-24711 0
6874 0
-12660 0
3423 0
23792 0
-17566 0
-21303 0
-30570 0
4227 0
-24160 0
14887 0
4390 0
-29179 0
29910 0
-25989 0
4411 0
7816 0
-17090 0
10647 0
-8104 0
-24885 0
4122 0
13851 0
7212 0
26375 0
-28558 0
-4240 0
30057 0
25241 0
21885 0
-7832 0
18054 0
-6619 0
29087 0
27124 0
14906 0
2642 0
13754 0
31033 0
6616 0
29644 0
-2142 0
18464 0
-16589 0
1372 0
29574 0
21112 0
19476 0
-32063 0
25989 0
-14984 0
-15235 0
29285 0
4569 0
30784 0
21874 0
19362 0
-9443 0
15696 0
-3122 0
7595 0
13326 0
-7228 0
3609 0
-19078 0
28286 0
32227 0
17289 0
-23099 0
-18065 0
-16124 0
1712 0
-32767 0
18595 0
-5152 0
12200 0
-27103 0
-31256 0
-29309 0
-21237 0
-23269 0
-29075 0
-1983 0
-19611 0
-24662 0
-1626 0
-16852 0
11548 0
8675 0
-8091 0
17587 0
-18783 0
3093 0
-10864 0
25184 0
19122 0
851 0
29963 0
-5509 0
12959 0
26275 0
27133 0
-30070 0
14461 0
-12675 0
-21929 0
18516 0
-9354 0
-18454 0
7816 0
-23568 0
-8938 0
-5028 0
-28118 0
-12142 0
27831 0
-1883 0
2596 0
28559 0
-10284 0
8471 0
-3491 0
8216 0
-12465 0
-28590 0
-18475 0
-15617 0
-26081 0
-24663 0
20515 0
13635 0
7359 0
24015 0
15007 0
-15049 0
17357 0
-8103 0
11174 0
-29626 0
1544 0
14421 0
43 0
9393 0
-1339 0
1032 0
-27330 0
-11218 0
-14417 0
-10432 0
-16604 0
-7262 0
6845 0
22736 0
-25735 0
-3133 0
6750 0
17207 0
-25938 0
13034 0
-32334 0
-10314 0
1265 0
11677 0
14659 0
-4536 0
3493 0
-30983 0
-21800 0
-29130 0
-18956 0
7800 0
-13731 0
24002 0
-16128 0
23509 0
-24662 0
-26560 0
11569 0
17827 0
919 0
-2631 0
-18303 0
7397 0
22125 0
-2416 0
26696 0
-18815 0
18558 0
11446 0
3284 0
-7986 0
-1380 0
18113 0
2614 0
-32767 0
26456 0
8627 0
6756 0
-12639 0
-10641 0
6683 0
14312 0
7981 0
-27312 0
-1171 0
-9586 0
15211 0
7310 0
20259 0
19985 0
19152 0
-12148 0
28834 0
28218 0
18747 0
-6475 0
11774 0
-31703 0
-23938 0
4850 0
-23270 0
24639 0
26382 0
-21454 0
8149 0
9084 0
2264 0
-2137 0
26681 0
-20293 0
8980 0
151 0
8182 0
-32767 0
-15083 0
-2421 0
-17866 0
-32767 0
29936 0
-12908 0
-29659 0
-30171 0
-13909 0
-24684 0
-23746 0
6228 0
31702 0
13696 0
-8471 0
-22807 0
16956 0
-13573 0
11553 0
-2551 0
-18667 0
21194 0
-31068 0
15024 0
-7435 0
-27700 0
-31392 0
-23811 0
-20603 0
-9814 0
-25733 0
29148 0
28333 0
8855 0
31001 0
26807 0
21138 0
-8691 0
1359 0
-7890 0
21748 0
4020 0
-7990 0
18882 0
-24290 0
-30020 0
1417 0
-30975 0
-2447 0
-18955 0
19211 0
-4778 0
8999 0
21762 0
-18776 0
-25586 0
-3651 0
-24592 0
4195 0
3969 0
55 0
16202 0
-10335 0
28951 0
25071 0
3425 0
16069 0
-10959 0
8616 0
17648 0
18926 0
-31380 0
-32613 0
21375 0
21622 0
-8230 0
-26463 0
8216 0
-7683 0
-13698 0
-31267 0
-18318 0
5517 0
13258 0
30861 0
20566 0
8674 0
-30038 0
23843 0
-4775 0
11769 0
24846 0
-10838 0
10280 0
135 0
-20870 0
-26832 0
28578 0
-11360 0
-32325 0
16036 0
-6318 0
17694 0
29235 0
-22885 0
-16442 0
14860 0
18956 0
-19081 0
-25036 0
8475 0
-14046 0
30274 0
-26610 0
-2974 0
6067 0
-27203 0
-7283 0
-30276 0
2288 0
18504 0
-32235 0
-24826 0
-4121 0
14995 0
16585 0
-30998 0
-22081 0
-7793 0
11867 0
-1176 0
22688 0
5889 0
-1279 0
-1664 0
20166 0
16461 0
-29489 0
20085 0
-19684 0
-22342 0
13323 0
-11135 0
-7500 0
4719 0
-1703 0
26382 0
-31384 0
24480 0
14884 0
11315 0
18291 0
7383 0
-18537 0
31837 0
13406 0
20041 0
17377 0
30713 0
-31725 0
26119 0
15821 0
-8863 0
-10030 0
28827 0
12974 0
-30641 0
-3705 0
-26043 0
-10425 0
-25978 0
8771 0
-3819 0
-30970 0
31401 0
-13142 0
-5050 0
12692 0
26069 0
-31653 0
-29853 0
-17675 0
-712 0
14882 0
-7471 0
11944 0
-7510 0
28797 0
28663 0
30659 0
-22066 0
-8641 0
575 0
30528 0
-19085 0
-28876 0
31122 0
7622 0
-9851 0
13753 0
-17811 0
19139 0
-30633 0
28853 0
-13577 0
13183 0
-32631 0
-32767 0
1431 0
-25647 0
2886 0
-881 0
-13911 0
19330 0
20536 0
-27549 0
20777 0
-28895 0
4976 0
-28238 0
27269 0
-31530 0
6563 0
5192 0
25196 0
-3978 0
-1392 0
30990 0
11823 0
-27156 0
30235 0
-24975 0
29362 0
-17843 0
-3020 0
7439 0
-16852 0
32155 0
-6501 0
13962 0
-9394 0
-20568 0
-22435 0
6885 0
22870 0
13020 0
21244 0
-948 0
28752 0
-8516 0
2695 0
31069 0
-24438 0
15885 0
2028 0
8558 0
-27065 0
14660 0
14273 0
-2236 0
-10117 0
4853 0
16794 0
27387 0
-11370 0
-547 0
22186 0
-21250 0
-2222 0
24536 0
21084 0
-2921 0
-29977 0
-26958 0
-8174 0
-11502 0
-26774 0
-24789 0
3138 0
-32767 0
8390 0
1089 0
14655 0
-669 0
-1660 0
-29134 0
4500 0
26560 0
-12860 0
22241 0
28761 0
22311 0
-22143 0
-26313 0
6479 0
19533 0
2636 0
1072 0
-19462 0
-9159 0
11878 0
-3665 0
10448 0
12946 0
-10742 0
-23057 0
-9729 0
23475 0
-19014 0
-29930 0
31173 0
-755 0
25031 0
27131 0
776 0
11904 0
31547 0
21588 0
-13629 0
-29183 0
15297 0
-32022 0
2184 0
-30151 0
12516 0
11008 0
-10139 0
9099 0
375 0
-16754 0
31160 0
-912 0
23114 0
5003 0
30128 0
28508 0
-13422 0
-8998 0
15220 0
1664 0
-21006 0
17643 0
-20263 0
-7864 0
-16469 0
-6934 0
-21981 0
23041 0
-816 0
-10383 0
-10674 0
-18982 0
27936 0
-554 0
1296 0
14715 0
31054 0
-18011 0
-28716 0
6761 0
-8610 0
-11917 0
17295 0
15374 0
-4822 0
-15895 0
14048 0
549 0
-10212 0
29014 0
-26700 0
-7777 0
-13749 0
1834 0
2995 0
-27897 0
-5581 0
26331 0
-6026 0
-16437 0
-21168 0
16440 0
6871 0
-8252 0
-2670 0
-22029 0
-24860 0
9395 0
-11632 0
-20868 0
-16922 0
5795 0
-16414 0
14347 0
114 0
30146 0
28150 0
21264 0
-18734 0
-12558 0
19665 0
26923 0
21279 0
8994 0
12009 0
-24395 0
30912 0
29292 0
-2511 0
-2584 0
-14927 0
-3201 0
10362 0
21294 0
-5542 0
-17412 0
-9730 0
-11809 0
-18360 0
-4510 0
-32000 0
-9835 0
-3480 0
4795 0
