2963 0
1381 0
1245 0
1144 0
2640 0
2834 0
2839 0
232 0
2469 0
525 0
724 0
223 0
1587 0
3275 0
2251 0
1266 0
1450 0
2693 0
338 0
77 0
2708 0
1479 0
95 0
478 0
3468 0
884 0
488 0
1157 0
1737 0
3445 0
927 0
2630 0
579 0
2522 0
1296 0
3078 0
2463 0
702 0
137 0
2313 0
146 0
307 0
2373 0
1484 0
1834 0
328 0
1538 0
900 0
3505 0
1246 0
1837 0
183 0
2056 0
2647 0
2094 0
1817 0
922 0
1772 0
1637 0
2273 0
920 0
323 0
2088 0
259 0
2888 0
1838 0
3253 0
1369 0
1173 0
548 0
768 0
452 0
3486 0
772 0
1884 0
1455 0
334 0
654 0
1058 0
270 0
259 0
1414 0
408 0
46 0
2479 0
2445 0
999 0
1397 0
2777 0
2493 0
819 0
645 0
2858 0
633 0
18 0
847 0
2131 0
19 0
341 0
567 0
598 0
57 0
761 0
1351 0
2085 0
774 0
1368 0
353 0
1952 0
913 0
1864 0
1406 0
428 0
1096 0
189 0
265 0
4 0
1226 0
1540 0
663 0
2475 0
384 0
1287 0
564 0
2196 0
19 0
908 0
1275 0
731 0
2391 0
904 0
21 0
910 0
605 0
1360 0
202 0
377 0
3771 0
2125 0
181 0
1258 0
1961 0
183 0
1910 0
325 0
408 0
224 0
47 0
251 0
1726 0
2054 0
1589 0
1330 0
1615 0
2487 0
1230 0
1429 0
2670 0
233 0
770 0
1604 0
291 0
1293 0
336 0
1979 0
705 0
2503 0
2441 0
398 0
1189 0
2386 0
1474 0
349 0
1250 0
274 0
477 0
4 0
1984 0
1315 0
1001 0
1119 0
481 0
3028 0
1000 0
509 0
246 0
1748 0
1662 0
308 0
2699 0
2508 0
31 0
445 0
382 0
1222 0
2166 0
547 0
136 0
2707 0
1540 0
3195 0
1381 0
17 0
997 0
3053 0
2873 0
324 0
821 0
42 0
3651 0
224 0
415 0
368 0
2565 0
846 0
139 0
1106 0
1346 0
1315 0
935 0
276 0
414 0
2803 0
1483 0
1491 0
1480 0
938 0
777 0
3211 0
290 0
636 0
1017 0
1136 0
1155 0
3972 0
1125 0
2813 0
3924 0
1082 0
1957 0
1969 0
2789 0
1057 0
2744 0
1620 0
3178 0
733 0
1029 0
2582 0
350 0
2699 0
1067 0
1077 0
1047 0
1503 0
2076 0
1664 0
338 0
2427 0
1394 0
2491 0
132 0
1700 0
175 0
347 0
1111 0
3141 0
608 0
514 0
1095 0
233 0
1152 0
1477 0
341 0
881 0
92 0
1038 0
789 0
1717 0
3102 0
2191 0
2234 0
354 0
1402 0
2115 0
1715 0
216 0
364 0
1447 0
1410 0
2616 0
367 0
1067 0
12 0
1000 0
505 0
1812 0
2127 0
516 0
102 0
1405 0
263 0
207 0
400 0
670 0
1415 0
1109 0
1723 0
2986 0
174 0
1063 0
2426 0
2894 0
3302 0
1085 0
1274 0
281 0
314 0
943 0
3136 0
1810 0
916 0
1635 0
1737 0
2187 0
399 0
255 0
366 0
2617 0
1196 0
2062 0
93 0
2044 0
886 0
2192 0
711 0
300 0
1771 0
2490 0
1540 0
445 0
222 0
661 0
267 0
1867 0
330 0
3675 0
377 0
1029 0
86 0
2770 0
3117 0
3533 0
543 0
1074 0
65 0
1666 0
1562 0
1266 0
1363 0
2189 0
1876 0
1073 0
1538 0
1242 0
845 0
2752 0
776 0
2235 0
2404 0
662 0
3042 0
1544 0
3052 0
177 0
149 0
1658 0
1578 0
1718 0
1717 0
208 0
3763 0
1105 0
288 0
1164 0
2164 0
2306 0
1295 0
2921 0
556 0
1543 0
417 0
1552 0
1452 0
2350 0
1995 0
1496 0
1526 0
2098 0
3956 0
1542 0
833 0
2406 0
1785 0
2178 0
933 0
128 0
1672 0
2052 0
3441 0
1482 0
848 0
3331 0
877 0
2949 0
1188 0
698 0
1398 0
1332 0
662 0
3130 0
1288 0
2004 0
2717 0
549 0
1444 0
806 0
3218 0
1548 0
1789 0
612 0
153 0
3305 0
427 0
997 0
2495 0
1135 0
1550 0
744 0
1253 0
1094 0
1200 0
1559 0
3482 0
1496 0
963 0
3081 0
1737 0
472 0
1315 0
510 0
1554 0
2700 0
60 0
3560 0
1008 0
1047 0
1445 0
1863 0
414 0
2408 0
605 0
345 0
3429 0
14 0
457 0
457 0
1968 0
5 0
1472 0
2641 0
1653 0
1932 0
349 0
625 0
664 0
2903 0
2888 0
484 0
1044 0
680 0
1208 0
1426 0
100 0
226 0
901 0
2156 0
710 0
2548 0
1884 0
2680 0
3433 0
39 0
155 0
2043 0
2445 0
3114 0
2810 0
848 0
2080 0
1642 0
1109 0
883 0
2734 0
860 0
1158 0
1124 0
2941 0
1184 0
795 0
324 0
1189 0
337 0
2965 0
1852 0
509 0
2510 0
804 0
3645 0
71 0
179 0
1632 0
464 0
2222 0
2195 0
778 0
632 0
38 0
2579 0
1810 0
1152 0
2230 0
2071 0
501 0
1377 0
1153 0
265 0
2992 0
2233 0
1175 0
2204 0
1044 0
1878 0
1275 0
1943 0
2561 0
2624 0
1717 0
2324 0
3330 0
815 0
1308 0
604 0
3319 0
1827 0
1238 0
221 0
1312 0
2672 0
1934 0
1934 0
762 0
2749 0
2142 0
200 0
1132 0
746 0
455 0
2264 0
2085 0
2720 0
1083 0
2559 0
1023 0
1848 0
363 0
109 0
1513 0
1336 0
2016 0
1655 0
591 0
232 0
1884 0
1799 0
1785 0
1971 0
2031 0
245 0
2778 0
1991 0
1400 0
178 0
850 0
2694 0
2437 0
920 0
2253 0
1648 0
82 0
195 0
1757 0
1065 0
240 0
384 0
48 0
2405 0
1678 0
319 0
2898 0
1410 0
1242 0
3638 0
2182 0
1011 0
1387 0
546 0
321 0
2949 0
2065 0
1640 0
1352 0
1178 0
2909 0
2289 0
951 0
2060 0
595 0
896 0
605 0
452 0
849 0
2523 0
643 0
632 0
1754 0
8 0
543 0
1839 0
1386 0
281 0
1594 0
112 0
590 0
46 0
628 0
905 0
3789 0
992 0
1847 0
3250 0
537 0
2716 0
1649 0
595 0
78 0
3411 0
2829 0
777 0
1939 0
1659 0
503 0
986 0
1760 0
1125 0
1882 0
390 0
3640 0
647 0
908 0
633 0
2181 0
1197 0
459 0
2705 0
2716 0
3750 0
1236 0
2035 0
987 0
2453 0
2558 0
1080 0
1427 0
1486 0
1322 0
2834 0
2497 0
133 0
3130 0
674 0
1071 0
1719 0
1541 0
1465 0
2771 0
1957 0
2882 0
935 0
1576 0
2204 0
502 0
3630 0
254 0
1343 0
3613 0
1546 0
954 0
1203 0
1214 0
3228 0
259 0
1238 0
957 0
368 0
1620 0
3641 0
2366 0
2595 0
1053 0
1889 0
721 0
2614 0
117 0
3274 0
237 0
1235 0
1254 0
3745 0
2418 0
943 0
2065 0
1919 0
2395 0
58 0
393 0
241 0
493 0
463 0
601 0
1413 0
861 0
579 0
1573 0
1398 0
2039 0
573 0
3201 0
73 0
910 0
2038 0
867 0
1900 0
1659 0
1563 0
1462 0
259 0
1088 0
1791 0
192 0
1584 0
1013 0
757 0
1929 0
165 0
36 0
1755 0
1653 0
110 0
986 0
819 0
752 0
2024 0
68 0
514 0
1458 0
1558 0
2459 0
999 0
897 0
2042 0
1089 0
2346 0
3357 0
307 0
656 0
528 0
1462 0
1286 0
946 0
1000 0
1692 0
44 0
161 0
152 0
2983 0
1220 0
127 0
1453 0
1357 0
14 0
59 0
560 0
2138 0
708 0
2287 0
964 0
1073 0
144 0
639 0
677 0
445 0
1266 0
382 0
101 0
1029 0
1322 0
466 0
618 0
1984 0
2694 0
502 0
2475 0
534 0
1679 0
268 0
2302 0
856 0
1419 0
131 0
2716 0
2775 0
2844 0
330 0
2839 0
3868 0
3229 0
2976 0
2089 0
2258 0
924 0
2923 0
684 0
356 0
692 0
1290 0
773 0
2137 0
559 0
2166 0
1283 0
1443 0
2502 0
963 0
3321 0
1714 0
939 0
2275 0
2970 0
2279 0
557 0
2709 0
1255 0
384 0
116 0
497 0
1455 0
853 0
1197 0
1638 0
1207 0
815 0
384 0
1360 0
1522 0
1095 0
2431 0
2478 0
3081 0
1162 0
3045 0
2372 0
47 0
677 0
1359 0
1064 0
1429 0
10 0
1171 0
2657 0
192 0
2504 0
289 0
1977 0
634 0
18 0
2986 0
222 0
1757 0
3314 0
301 0
353 0
2080 0
367 0
1084 0
1509 0
785 0
1653 0
800 0
521 0
1393 0
2713 0
2066 0
1235 0
2021 0
1871 0
1004 0
2008 0
445 0
2078 0
2221 0
259 0
378 0
1768 0
2090 0
2178 0
1891 0
1529 0
586 0
2488 0
2163 0
1340 0
2764 0
2696 0
954 0
396 0
1978 0
462 0
799 0
1471 0
401 0
2842 0
1753 0
2643 0
318 0
2098 0
2656 0
2022 0
2064 0
347 0
3203 0
981 0
903 0
920 0
2152 0
1234 0
909 0
730 0
3464 0
1111 0
1894 0
2246 0
1197 0
283 0
2811 0
1416 0
1901 0
613 0
1644 0
1255 0
2262 0
219 0
2874 0
25 0
624 0
326 0
1268 0
2474 0
509 0
2393 0
330 0
1023 0
408 0
993 0
819 0
2462 0
368 0
3524 0
1662 0
54 0
750 0
620 0
1122 0
1887 0
1091 0
1472 0
2124 0
713 0
2379 0
1186 0
555 0
894 0
2428 0
1857 0
926 0
2132 0
59 0
687 0
2526 0
827 0
1566 0
1640 0
866 0
1636 0
487 0
2816 0
6 0
1904 0
1380 0
2417 0
23 0
967 0
204 0
50 0
1064 0
300 0
866 0
471 0
3633 0
2865 0
93 0
188 0
227 0
798 0
3502 0
2017 0
945 0
796 0
3168 0
1695 0
357 0
236 0
659 0
3612 0
3537 0
2068 0
2869 0
515 0
26 0
1890 0
2770 0
2150 0
2516 0
317 0
1258 0
1759 0
1128 0
1339 0
3278 0
3002 0
314 0
2832 0
3286 0
571 0
2010 0
1252 0
3094 0
1462 0
704 0
74 0
1394 0
346 0
174 0
3184 0
1884 0
492 0
122 0
2663 0
2985 0
2465 0
885 0
2171 0
1173 0
199 0
3226 0
1187 0
658 0
653 0
1616 0
1861 0
1142 0
672 0
1548 0
818 0
299 0
1992 0
1796 0
1310 0
862 0
533 0
211 0
1639 0
2105 0
2824 0
2816 0
338 0
770 0
3131 0
2202 0
3755 0
3150 0
1290 0
1398 0
429 0
1370 0
1564 0
1572 0
375 0
3008 0
2635 0
3049 0
932 0
3162 0
411 0
150 0
2140 0
694 0
1140 0
2078 0
1307 0
2084 0
2456 0
940 0
2204 0
2408 0
1689 0
2863 0
1079 0
1658 0
287 0
411 0
39 0
2177 0
1586 0
526 0
2037 0
379 0
729 0
22 0
28 0
1662 0
2134 0
200 0
629 0
2376 0
2347 0
431 0
96 0
3243 0
2315 0
142 0
1242 0
1040 0
36 0
949 0
2715 0
1353 0
142 0
1072 0
693 0
196 0
3047 0
1314 0
1365 0
1456 0
207 0
1311 0
639 0
3925 0
3231 0
1632 0
2228 0
2612 0
1092 0
608 0
597 0
1750 0
1418 0
12 0
1371 0
2193 0
582 0
396 0
1006 0
121 0
1234 0
1704 0
1897 0
1471 0
412 0
357 0
1433 0
4 0
2031 0
285 0
1965 0
739 0
1819 0
1930 0
375 0
40 0
2958 0
724 0
52 0
232 0
1113 0
284 0
1202 0
1511 0
576 0
1776 0
886 0
1643 0
1738 0
1086 0
1668 0
1201 0
1837 0
556 0
1048 0
3726 0
2536 0
178 0
862 0
280 0
1175 0
1123 0
1015 0
1139 0
222 0
1980 0
191 0
2103 0
168 0
431 0
849 0
1515 0
2099 0
473 0
1795 0
2220 0
31 0
1733 0
2720 0
992 0
1344 0
495 0
1060 0
2471 0
824 0
2026 0
1002 0
1722 0
2260 0
1173 0
1145 0
798 0
3525 0
1704 0
3721 0
1065 0
89 0
1437 0
2000 0
1564 0
1094 0
3671 0
1889 0
69 0
2509 0
2284 0
1901 0
1333 0
1822 0
471 0
1546 0
2537 0
1915 0
2031 0
348 0
2529 0
1557 0
3316 0
366 0
1826 0
277 0
288 0
99 0
427 0
1325 0
690 0
1595 0
257 0
2503 0
538 0
1735 0
276 0
1021 0
1382 0
338 0
1539 0
3215 0
1353 0
112 0
179 0
1270 0
994 0
2327 0
1072 0
1132 0
941 0
3537 0
4 0
320 0
1166 0
318 0
2589 0
1569 0
270 0
2579 0
955 0
108 0
566 0
733 0
399 0
835 0
2014 0
2292 0
3565 0
573 0
1548 0
3323 0
1981 0
1673 0
1055 0
747 0
506 0
175 0
1802 0
289 0
423 0
1125 0
1102 0
115 0
955 0
1088 0
3529 0
2378 0
688 0
355 0
899 0
860 0
876 0
1328 0
997 0
1284 0
1685 0
447 0
1484 0
291 0
2811 0
3208 0
1411 0
1692 0
983 0
125 0
2784 0
143 0
2145 0
72 0
722 0
1420 0
81 0
3621 0
784 0
181 0
1643 0
335 0
194 0
2303 0
3054 0
2510 0
1555 0
1544 0
2211 0
245 0
1841 0
2342 0
1717 0
2480 0
716 0
1467 0
1314 0
2216 0
1185 0
1109 0
635 0
1310 0
838 0
326 0
177 0
1016 0
1184 0
1513 0
133 0
1388 0
959 0
504 0
1466 0
616 0
182 0
1564 0
554 0
1226 0
977 0
3710 0
1311 0
1012 0
1169 0
408 0
967 0
3976 0
1097 0
2748 0
2834 0
502 0
2167 0
620 0
563 0
332 0
2876 0
716 0
1243 0
2468 0
136 0
130 0
3033 0
2576 0
256 0
386 0
254 0
527 0
1022 0
2857 0
1813 0
2180 0
424 0
2609 0
1312 0
3068 0
1470 0
587 0
1079 0
2123 0
988 0
358 0
1719 0
1374 0
352 0
7 0
255 0
678 0
2163 0
935 0
1783 0
707 0
692 0
44 0
1900 0
1592 0
233 0
1864 0
1231 0
1180 0
119 0
927 0
1858 0
2954 0
2767 0
3103 0
151 0
526 0
553 0
450 0
373 0
595 0
1520 0
1546 0
636 0
2062 0
3592 0
1395 0
1625 0
1225 0
189 0
608 0
1320 0
1744 0
615 0
277 0
1221 0
1411 0
1191 0
1756 0
615 0
2255 0
44 0
1414 0
946 0
1198 0
2583 0
841 0
1678 0
2788 0
750 0
319 0
107 0
57 0
2304 0
2180 0
959 0
1259 0
416 0
1509 0
848 0
1718 0
571 0
1003 0
469 0
164 0
452 0
114 0
1895 0
87 0
1342 0
9 0
1284 0
981 0
1307 0
1926 0
1127 0
137 0
886 0
2254 0
2702 0
3602 0
3441 0
477 0
1878 0
551 0
359 0
917 0
14 0
546 0
2949 0
1369 0
76 0
403 0
899 0
217 0
515 0
1850 0
1226 0
880 0
1073 0
2550 0
906 0
2970 0
687 0
2838 0
3038 0
208 0
1075 0
91 0
1087 0
2220 0
186 0
932 0
240 0
2478 0
522 0
1912 0
2628 0
1697 0
2193 0
738 0
413 0
337 0
1674 0
1292 0
2614 0
1503 0
491 0
2274 0
1404 0
590 0
856 0
2971 0
3178 0
459 0
150 0
100 0
1824 0
1515 0
1077 0
1158 0
1702 0
5 0
1080 0
479 0
868 0
532 0
977 0
300 0
1425 0
97 0
1219 0
1593 0
1380 0
531 0
1062 0
364 0
1690 0
1281 0
3045 0
1099 0
1834 0
1085 0
2610 0
1620 0
1248 0
2972 0
2358 0
473 0
1884 0
487 0
658 0
399 0
2812 0
1234 0
3306 0
686 0
455 0
844 0
2038 0
1925 0
2201 0
146 0
459 0
2350 0
2919 0
687 0
2512 0
2682 0
918 0
2554 0
332 0
897 0
2383 0
789 0
2524 0
551 0
20 0
2810 0
4 0
3196 0
1772 0
1793 0
319 0
1449 0
3063 0
1786 0
3462 0
584 0
919 0
2067 0
2988 0
1955 0
676 0
717 0
3448 0
2232 0
1519 0
831 0
1469 0
339 0
1134 0
280 0
874 0
2743 0
1006 0
72 0
413 0
3968 0
2210 0
93 0
757 0
1570 0
1452 0
222 0
1431 0
954 0
904 0
3098 0
1647 0
2363 0
1916 0
801 0
2292 0
1994 0
1782 0
1435 0
1323 0
1912 0
2993 0
2080 0
2707 0
145 0
154 0
2366 0
498 0
280 0
527 0
502 0
1276 0
4 0
1905 0
3003 0
1982 0
771 0
224 0
3036 0
2771 0
1105 0
842 0
1678 0
184 0
3354 0
377 0
497 0
739 0
3370 0
2838 0
675 0
3423 0
2467 0
108 0
2394 0
430 0
1745 0
3339 0
3317 0
563 0
237 0
329 0
3045 0
2102 0
799 0
2051 0
3463 0
1340 0
1150 0
2308 0
1202 0
2170 0
189 0
464 0
1547 0
3051 0
2797 0
335 0
2090 0
1302 0
3361 0
520 0
1379 0
2516 0
1299 0
53 0
1591 0
549 0
154 0
2062 0
606 0
2788 0
734 0
1837 0
94 0
859 0
712 0
236 0
1980 0
131 0
837 0
2118 0
1343 0
1616 0
510 0
2630 0
66 0
260 0
2244 0
1329 0
1151 0
22 0
751 0
2777 0
2446 0
128 0
770 0
799 0
1161 0
3603 0
2227 0
229 0
2296 0
363 0
2833 0
900 0
1039 0
1546 0
2281 0
106 0
229 0
1181 0
2246 0
2925 0
2968 0
1219 0
2599 0
780 0
374 0
99 0
226 0
1491 0
3041 0
3259 0
709 0
3418 0
1561 0
1578 0
311 0
2901 0
1049 0
714 0
2563 0
944 0
2814 0
987 0
53 0
804 0
2758 0
121 0
1115 0
2996 0
131 0
537 0
3071 0
1813 0
1887 0
1402 0
3681 0
627 0
249 0
444 0
80 0
2498 0
2956 0
838 0
2688 0
7 0
1960 0
3182 0
0 0
2091 0
728 0
671 0
2560 0
1143 0
193 0
2388 0
1647 0
121 0
2584 0
740 0
1433 0
2108 0
92 0
2055 0
274 0
902 0
1868 0
232 0
369 0
549 0
3497 0
2982 0
1318 0
21 0
2947 0
1215 0
743 0
206 0
1802 0
63 0
482 0
3100 0
387 0
1079 0
33 0
1723 0
1303 0
1878 0
3117 0
1845 0
98 0
2894 0
3242 0
3799 0
973 0
324 0
2929 0
301 0
3255 0
416 0
2205 0
599 0
651 0
119 0
2019 0
1619 0
380 0
195 0
320 0
459 0
3744 0
266 0
2405 0
771 0
1423 0
2918 0
2778 0
676 0
2824 0
99 0
2423 0
850 0
2122 0
176 0
157 0
2272 0
1409 0
695 0
831 0
353 0
28 0
1670 0
1147 0
451 0
194 0
3937 0
1048 0
3623 0
1285 0
2225 0
2129 0
1391 0
2188 0
1886 0
848 0
825 0
957 0
2826 0
961 0
1934 0
83 0
1083 0
1250 0
2018 0
2907 0
679 0
250 0
2024 0
2863 0
915 0
3222 0
312 0
1060 0
2823 0
1089 0
1144 0
2627 0
1366 0
639 0
2346 0
144 0
848 0
250 0
292 0
1606 0
3036 0
826 0
1457 0
2555 0
2375 0
1120 0
1009 0
212 0
638 0
1795 0
870 0
1077 0
849 0
163 0
2435 0
244 0
862 0
16 0
2420 0
36 0
209 0
1396 0
3182 0
125 0
1011 0
3127 0
2967 0
1 0
531 0
703 0
951 0
256 0
391 0
1975 0
1054 0
611 0
869 0
29 0
3300 0
375 0
551 0
1350 0
176 0
410 0
2684 0
1238 0
1163 0
374 0
2806 0
422 0
1852 0
1867 0
384 0
151 0
2328 0
1860 0
2010 0
1893 0
2117 0
1799 0
551 0
1886 0
500 0
832 0
86 0
661 0
2269 0
1336 0
3185 0
1085 0
1640 0
1099 0
477 0
2206 0
110 0
1862 0
1689 0
1579 0
695 0
1000 0
3052 0
1397 0
831 0
662 0
1538 0
2586 0
3588 0
2007 0
3498 0
625 0
117 0
2669 0
1985 0
1626 0
1522 0
544 0
1235 0
75 0
3183 0
735 0
50 0
749 0
1659 0
2223 0
1433 0
446 0
1701 0
147 0
1360 0
1813 0
2564 0
1919 0
2944 0
3825 0
52 0
532 0
1989 0
697 0
1346 0
2607 0
629 0
500 0
761 0
2486 0
3848 0
1068 0
517 0
2075 0
307 0
2836 0
248 0
193 0
1068 0
872 0
1341 0
886 0
2445 0
3060 0
904 0
1986 0
831 0
1663 0
1226 0
827 0
2664 0
196 0
3141 0
751 0
147 0
1705 0
1479 0
2168 0
1740 0
1576 0
17 0
285 0
2680 0
63 0
204 0
261 0
483 0
818 0
1443 0
837 0
2397 0
1818 0
1220 0
24 0
3365 0
1704 0
355 0
312 0
760 0
998 0
1957 0
24 0
2239 0
3277 0
2441 0
1024 0
734 0
1762 0
2795 0
1592 0
640 0
2157 0
1279 0
1625 0
809 0
1203 0
1929 0
566 0
502 0
839 0
354 0
1224 0
3622 0
2107 0
1562 0
281 0
618 0
2576 0
90 0
186 0
1013 0
949 0
2715 0
490 0
1003 0
1559 0
97 0
2787 0
3029 0
1357 0
1063 0
2425 0
159 0
2677 0
1668 0
394 0
728 0
2837 0
101 0
645 0
232 0
3005 0
1407 0
782 0
2747 0
407 0
1220 0
231 0
95 0
1196 0
3953 0
133 0
1498 0
541 0
2183 0
970 0
409 0
2738 0
2127 0
953 0
297 0
2190 0
1481 0
1000 0
3146 0
1073 0
1979 0
1318 0
2843 0
325 0
3048 0
367 0
3338 0
802 0
1244 0
63 0
2519 0
2298 0
1348 0
3420 0
1925 0
131 0
72 0
1971 0
361 0
1504 0
1720 0
835 0
323 0
41 0
945 0
359 0
1333 0
2004 0
2483 0
105 0
3009 0
969 0
80 0
1171 0
381 0
945 0
61 0
225 0
864 0
3755 0
53 0
589 0
683 0
917 0
2667 0
698 0
642 0
2299 0
1061 0
1113 0
2313 0
268 0
11 0
361 0
84 0
257 0
2271 0
791 0
146 0
67 0
183 0
1409 0
1403 0
641 0
1561 0
2259 0
2861 0
1893 0
982 0
1439 0
1519 0
1721 0
2129 0
1415 0
3909 0
404 0
1235 0
802 0
2605 0
1182 0
944 0
878 0
1132 0
3307 0
1761 0
2019 0
14 0
978 0
3244 0
1325 0
330 0
1058 0
1663 0
438 0
854 0
650 0
1957 0
2933 0
1872 0
319 0
924 0
3567 0
1430 0
1311 0
1182 0
3092 0
444 0
3555 0
1751 0
1407 0
41 0
312 0
1706 0
2888 0
1690 0
1962 0
2858 0
734 0
601 0
3578 0
1137 0
398 0
764 0
119 0
1051 0
1174 0
3029 0
890 0
3646 0
2682 0
1891 0
162 0
3393 0
1997 0
1712 0
935 0
156 0
1013 0
1634 0
2239 0
10 0
1313 0
92 0
464 0
3958 0
2975 0
3134 0
3248 0
1699 0
710 0
91 0
714 0
429 0
205 0
925 0
2012 0
549 0
3024 0
1275 0
1123 0
1810 0
276 0
1103 0
543 0
1431 0
1110 0
56 0
1900 0
1610 0
1503 0
367 0
368 0
1100 0
781 0
735 0
476 0
356 0
2508 0
1213 0
363 0
3212 0
414 0
461 0
1379 0
539 0
1171 0
1073 0
1842 0
2912 0
317 0
1478 0
1499 0
115 0
892 0
44 0
574 0
2524 0
977 0
621 0
37 0
1662 0
536 0
577 0
399 0
3570 0
2453 0
1507 0
1533 0
384 0
1560 0
1073 0
3783 0
2534 0
1460 0
484 0
1848 0
2785 0
505 0
2545 0
2146 0
834 0
3011 0
1833 0
3555 0
1525 0
2026 0
2617 0
577 0
1443 0
1739 0
1286 0
1071 0
1111 0
1312 0
361 0
1515 0
3262 0
1458 0
2556 0
3153 0
178 0
1531 0
222 0
612 0
568 0
1971 0
1322 0
1433 0
685 0
902 0
1951 0
1906 0
907 0
2133 0
436 0
1538 0
190 0
3304 0
753 0
1007 0
720 0
32 0
774 0
169 0
155 0
2280 0
1437 0
997 0
90 0
3590 0
1290 0
2650 0
153 0
124 0
3087 0
1465 0
261 0
2329 0
2113 0
410 0
2102 0
620 0
3364 0
1479 0
124 0
3247 0
749 0
2925 0
2656 0
1232 0
2646 0
2593 0
2964 0
738 0
521 0
785 0
443 0
557 0
670 0
2540 0
2530 0
2170 0
261 0
1917 0
1486 0
1672 0
2723 0
337 0
178 0
523 0
101 0
755 0
1274 0
1004 0
1111 0
2429 0
2101 0
134 0
2207 0
636 0
1386 0
2403 0
102 0
3118 0
2502 0
730 0
405 0
2160 0
1616 0
15 0
382 0
2593 0
1357 0
1455 0
524 0
2570 0
1692 0
1374 0
1068 0
1124 0
2910 0
897 0
788 0
2264 0
1939 0
1216 0
771 0
2955 0
2148 0
175 0
964 0
1558 0
1708 0
1450 0
1790 0
135 0
828 0
1981 0
1707 0
1226 0
1262 0
1629 0
3054 0
1352 0
1761 0
1838 0
160 0
435 0
1612 0
2000 0
3245 0
517 0
1952 0
1676 0
741 0
551 0
394 0
2681 0
688 0
816 0
1364 0
1354 0
2165 0
1489 0
3103 0
269 0
3159 0
197 0
1165 0
756 0
1393 0
312 0
2745 0
942 0
2882 0
156 0
24 0
2518 0
3688 0
2754 0
1689 0
1068 0
371 0
3530 0
253 0
460 0
72 0
3127 0
1419 0
1331 0
1068 0
39 0
527 0
1395 0
1499 0
1645 0
1610 0
2677 0
3253 0
2543 0
1052 0
1455 0
1291 0
3248 0
895 0
889 0
2383 0
839 0
879 0
10 0
2647 0
2343 0
3061 0
2242 0
221 0
502 0
2755 0
2289 0
2327 0
256 0
161 0
3191 0
2980 0
3084 0
1645 0
202 0
580 0
1340 0
3996 0
425 0
2132 0
2655 0
2943 0
2822 0
660 0
1964 0
1894 0
56 0
1238 0
695 0
3342 0
299 0
577 0
3176 0
3104 0
21 0
1690 0
835 0
1288 0
1949 0
819 0
690 0
571 0
411 0
432 0
1920 0
1630 0
2009 0
246 0
2166 0
1692 0
245 0
1641 0
1263 0
321 0
2279 0
848 0
37 0
2698 0
398 0
1210 0
187 0
2783 0
1467 0
1841 0
2183 0
3260 0
532 0
605 0
564 0
2226 0
275 0
1328 0
608 0
200 0
2650 0
2006 0
1172 0
1128 0
3145 0
170 0
319 0
1740 0
1282 0
537 0
408 0
479 0
1396 0
1099 0
1032 0
233 0
281 0
200 0
786 0
504 0
1111 0
2041 0
1431 0
3317 0
3477 0
3620 0
838 0
1876 0
670 0
1200 0
1934 0
1912 0
972 0
480 0
444 0
699 0
2080 0
1022 0
2167 0
584 0
1219 0
1686 0
475 0
1180 0
2173 0
2412 0
935 0
1502 0
1046 0
1344 0
399 0
2373 0
536 0
378 0
2066 0
2836 0
718 0
391 0
1607 0
1800 0
358 0
3518 0
142 0
75 0
60 0
78 0
2684 0
682 0
3269 0
2698 0
1342 0
536 0
1621 0
734 0
695 0
1805 0
3403 0
1208 0
648 0
2133 0
1377 0
1322 0
982 0
540 0
1393 0
768 0
2257 0
31 0
1667 0
730 0
128 0
2387 0
118 0
386 0
52 0
1357 0
459 0
1362 0
626 0
46 0
451 0
1198 0
1929 0
1499 0
587 0
1310 0
2283 0
769 0
99 0
1010 0
635 0
747 0
977 0
1158 0
229 0
1741 0
581 0
2322 0
876 0
1018 0
34 0
915 0
2889 0
424 0
1357 0
474 0
769 0
2327 0
3197 0
1163 0
2646 0
14 0
1880 0
3187 0
997 0
3570 0
1401 0
637 0
171 0
2376 0
55 0
494 0
1227 0
1445 0
11 0
439 0
952 0
83 0
1053 0
1403 0
1922 0
161 0
758 0
2872 0
2370 0
926 0
303 0
609 0
3026 0
3542 0
3391 0
689 0
2944 0
563 0
224 0
15 0
166 0
93 0
2464 0
3578 0
3159 0
1099 0
3037 0
2628 0
2041 0
1747 0
642 0
510 0
277 0
847 0
369 0
1360 0
488 0
1305 0
679 0
420 0
120 0
1359 0
34 0
274 0
682 0
2596 0
2000 0
415 0
658 0
1459 0
1613 0
3190 0
3576 0
550 0
2415 0
2089 0
595 0
3 0
1741 0
1966 0
2329 0
349 0
3250 0
63 0
922 0
1397 0
2444 0
1130 0
1560 0
964 0
2906 0
739 0
2639 0
232 0
520 0
439 0
1252 0
264 0
521 0
1807 0
418 0
2094 0
1016 0
343 0
3497 0
1031 0
538 0
1741 0
996 0
1399 0
594 0
2213 0
3699 0
2291 0
2694 0
708 0
1137 0
348 0
721 0
1650 0
1367 0
867 0
15 0
3457 0
1269 0
291 0
9 0
2011 0
500 0
52 0
3408 0
465 0
2916 0
304 0
79 0
1003 0
1907 0
2076 0
1723 0
3142 0
78 0
407 0
281 0
2509 0
1223 0
2000 0
1251 0
1254 0
2011 0
140 0
1012 0
2392 0
935 0
2087 0
3346 0
932 0
370 0
855 0
1216 0
2538 0
650 0
2030 0
211 0
3119 0
1526 0
2681 0
1352 0
131 0
279 0
16 0
686 0
657 0
1104 0
745 0
1256 0
81 0
2574 0
377 0
886 0
2599 0
1492 0
557 0
458 0
1725 0
2813 0
3217 0
345 0
1010 0
2342 0
317 0
480 0
405 0
766 0
3340 0
1318 0
1299 0
255 0
537 0
1070 0
2323 0
1377 0
1067 0
915 0
993 0
2831 0
201 0
1174 0
2175 0
936 0
527 0
12 0
1976 0
95 0
548 0
363 0
223 0
529 0
621 0
1335 0
301 0
1284 0
51 0
1585 0
202 0
287 0
110 0
819 0
3632 0
2751 0
507 0
534 0
112 0
3266 0
164 0
197 0
2596 0
822 0
1624 0
1315 0
476 0
1724 0
3454 0
1952 0
1660 0
517 0
2616 0
1498 0
618 0
1924 0
3938 0
2262 0
2559 0
2787 0
973 0
1542 0
47 0
2419 0
1923 0
1503 0
1448 0
2024 0
980 0
3249 0
2436 0
1567 0
1496 0
137 0
1670 0
545 0
2803 0
408 0
1184 0
3479 0
61 0
99 0
1597 0
1383 0
379 0
3134 0
1867 0
808 0
2430 0
2966 0
1052 0
2259 0
2211 0
2509 0
250 0
494 0
519 0
2653 0
476 0
1652 0
2779 0
920 0
1406 0
912 0
3198 0
1840 0
187 0
2563 0
1173 0
785 0
1067 0
1186 0
629 0
451 0
69 0
389 0
2693 0
1999 0
1802 0
1092 0
119 0
230 0
2741 0
1679 0
616 0
2087 0
391 0
707 0
20 0
640 0
1400 0
2837 0
1158 0
2689 0
636 0
771 0
149 0
669 0
2271 0
241 0
1416 0
1430 0
3679 0
383 0
3360 0
1272 0
1725 0
444 0
1499 0
1734 0
724 0
897 0
556 0
2472 0
1960 0
2113 0
3152 0
1112 0
769 0
1518 0
1580 0
2331 0
999 0
1232 0
1419 0
156 0
2124 0
1653 0
208 0
97 0
1126 0
715 0
384 0
2698 0
663 0
2724 0
2884 0
2344 0
1019 0
1277 0
2586 0
1524 0
2738 0
1863 0
1819 0
818 0
1295 0
1184 0
1581 0
1957 0
644 0
866 0
2305 0
1611 0
809 0
2092 0
2980 0
2966 0
1282 0
1637 0
1136 0
211 0
858 0
2620 0
703 0
750 0
102 0
675 0
1783 0
235 0
2552 0
749 0
1048 0
2860 0
1475 0
610 0
617 0
430 0
676 0
1038 0
414 0
383 0
527 0
51 0
2821 0
1624 0
573 0
2852 0
1022 0
511 0
1169 0
1790 0
2659 0
944 0
137 0
79 0
1659 0
1096 0
1527 0
675 0
57 0
1020 0
1373 0
3118 0
3559 0
2870 0
2393 0
1432 0
394 0
1174 0
2255 0
1848 0
2562 0
2223 0
1447 0
1455 0
64 0
1276 0
2328 0
2622 0
3503 0
351 0
191 0
1452 0
1040 0
618 0
173 0
85 0
2847 0
1074 0
419 0
1692 0
368 0
3895 0
3535 0
267 0
2613 0
2117 0
1422 0
1848 0
2006 0
1156 0
1148 0
2071 0
1555 0
543 0
2345 0
490 0
63 0
1919 0
961 0
999 0
270 0
68 0
1695 0
1655 0
1408 0
0 0
296 0
337 0
1024 0
429 0
597 0
1894 0
3062 0
1576 0
2068 0
316 0
2285 0
735 0
1321 0
1274 0
1869 0
234 0
2093 0
1898 0
1630 0
2420 0
1359 0
1025 0
1134 0
404 0
2501 0
1092 0
839 0
1682 0
434 0
151 0
1465 0
3045 0
2384 0
479 0
158 0
2465 0
352 0
103 0
1093 0
3441 0
52 0
3431 0
1447 0
922 0
530 0
70 0
863 0
566 0
868 0
2821 0
3901 0
307 0
583 0
8 0
814 0
2795 0
777 0
911 0
698 0
852 0
48 0
1013 0
690 0
324 0
2870 0
712 0
216 0
2417 0
810 0
1347 0
986 0
1643 0
2728 0
1647 0
220 0
679 0
16 0
2058 0
2350 0
1492 0
135 0
1315 0
2127 0
2620 0
229 0
2292 0
2148 0
489 0
2327 0
2503 0
632 0
690 0
465 0
2633 0
832 0
772 0
1972 0
1153 0
236 0
835 0
848 0
1548 0
86 0
3885 0
1405 0
3771 0
312 0
769 0
663 0
727 0
1521 0
245 0
2686 0
3648 0
1857 0
2117 0
1413 0
3329 0
1837 0
2210 0
1887 0
1495 0
1188 0
1150 0
2114 0
162 0
3439 0
2096 0
1274 0
3203 0
1410 0
2302 0
526 0
1759 0
1516 0
386 0
194 0
2085 0
1984 0
221 0
1704 0
2654 0
1173 0
1247 0
1891 0
2526 0
217 0
581 0
1810 0
1933 0
1004 0
1276 0
411 0
434 0
217 0
2024 0
2967 0
421 0
2714 0
1598 0
503 0
215 0
415 0
791 0
1735 0
32 0
2615 0
1566 0
744 0
326 0
1643 0
297 0
1526 0
2581 0
2789 0
2404 0
901 0
3657 0
2323 0
1655 0
1046 0
3136 0
388 0
657 0
1220 0
392 0
828 0
1758 0
1352 0
1709 0
914 0
2310 0
427 0
1240 0
438 0
2008 0
1599 0
1935 0
852 0
203 0
706 0
506 0
1565 0
420 0
415 0
199 0
332 0
197 0
979 0
2695 0
2820 0
1322 0
1323 0
2897 0
865 0
860 0
629 0
859 0
921 0
3239 0
911 0
1862 0
1777 0
1109 0
3395 0
1516 0
957 0
3076 0
2695 0
205 0
2204 0
54 0
2168 0
2494 0
298 0
3346 0
3164 0
1800 0
2478 0
1542 0
830 0
1915 0
1894 0
716 0
313 0
1987 0
561 0
1089 0
1694 0
968 0
401 0
2255 0
1744 0
166 0
1128 0
1922 0
261 0
3132 0
21 0
3474 0
3311 0
237 0
1221 0
1141 0
393 0
2518 0
3123 0
226 0
2225 0
657 0
2439 0
423 0
1112 0
263 0
2452 0
1534 0
1632 0
239 0
393 0
1391 0
408 0
299 0
1437 0
846 0
2155 0
1032 0
499 0
857 0
315 0
2916 0
775 0
1554 0
2164 0
1908 0
364 0
1308 0
756 0
630 0
11 0
2363 0
2532 0
502 0
3413 0
3528 0
1741 0
893 0
1088 0
584 0
2654 0
1406 0
1105 0
725 0
271 0
957 0
3392 0
1537 0
1202 0
36 0
2368 0
520 0
234 0
3814 0
949 0
577 0
3783 0
3995 0
3548 0
1267 0
1996 0
580 0
1609 0
2238 0
309 0
1693 0
558 0
2321 0
1654 0
1283 0
1560 0
1133 0
727 0
1035 0
1318 0
3068 0
2367 0
1675 0
1958 0
603 0
2848 0
1636 0
1834 0
1552 0
2048 0
283 0
720 0
0 0
1183 0
555 0
95 0
252 0
297 0
3120 0
1572 0
1117 0
653 0
1373 0
2849 0
683 0
1350 0
2506 0
343 0
110 0
3428 0
1453 0
742 0
345 0
1577 0
184 0
3624 0
892 0
641 0
774 0
1242 0
1748 0
1843 0
911 0
480 0
2143 0
2648 0
543 0
601 0
3632 0
603 0
991 0
960 0
567 0
954 0
3311 0
515 0
2788 0
964 0
812 0
1915 0
345 0
879 0
215 0
2021 0
186 0
2487 0
3301 0
1851 0
623 0
2786 0
1127 0
337 0
964 0
503 0
2370 0
2213 0
2205 0
266 0
2376 0
629 0
3373 0
2602 0
2893 0
233 0
150 0
1496 0
958 0
2213 0
401 0
2442 0
121 0
673 0
3299 0
1860 0
1569 0
1116 0
1029 0
1064 0
613 0
1503 0
220 0
1233 0
383 0
1041 0
2256 0
1937 0
2616 0
972 0
1928 0
1866 0
998 0
245 0
57 0
114 0
143 0
1387 0
1289 0
893 0
2856 0
376 0
2165 0
1644 0
210 0
1474 0
489 0
2672 0
2317 0
989 0
1963 0
2953 0
1498 0
167 0
314 0
939 0
287 0
2337 0
463 0
120 0
379 0
3359 0
897 0
1277 0
850 0
1012 0
131 0
966 0
2547 0
1466 0
3579 0
756 0
1486 0
658 0
2894 0
2629 0
1033 0
214 0
2484 0
71 0
1037 0
250 0
2218 0
1561 0
3692 0
1723 0
831 0
1764 0
1044 0
1644 0
266 0
2318 0
1930 0
914 0
2923 0
1174 0
3201 0
1159 0
3403 0
1033 0
184 0
555 0
984 0
3021 0
191 0
291 0
544 0
1139 0
2332 0
441 0
539 0
21 0
1277 0
480 0
1317 0
1091 0
2380 0
2724 0
976 0
1079 0
945 0
2237 0
704 0
2623 0
1099 0
544 0
1485 0
1337 0
31 0
3339 0
1405 0
737 0
2226 0
2002 0
1872 0
2370 0
1074 0
3273 0
357 0
857 0
338 0
2327 0
462 0
1889 0
2707 0
959 0
132 0
107 0
193 0
2072 0
2408 0
1717 0
885 0
160 0
3312 0
1913 0
1429 0
937 0
1728 0
2224 0
3853 0
2030 0
1093 0
1674 0
410 0
1250 0
1148 0
462 0
1590 0
616 0
3273 0
2156 0
74 0
919 0
924 0
3597 0
1027 0
86 0
2370 0
1005 0
1216 0
2211 0
3659 0
1682 0
4064 0
193 0
57 0
1724 0
2581 0
2611 0
636 0
3423 0
701 0
444 0
159 0
1492 0
3069 0
2177 0
362 0
2091 0
797 0
1159 0
913 0
1680 0
66 0
1012 0
351 0
2038 0
268 0
1885 0
227 0
659 0
2114 0
15 0
2603 0
263 0
312 0
3317 0
1007 0
3046 0
407 0
188 0
31 0
192 0
577 0
1592 0
2841 0
2753 0
824 0
186 0
1092 0
405 0
1320 0
1328 0
1201 0
2362 0
41 0
3143 0
111 0
2751 0
1688 0
1926 0
287 0
1428 0
1189 0
61 0
61 0
677 0
3616 0
1072 0
260 0
2257 0
930 0
814 0
2732 0
87 0
1319 0
16 0
176 0
2198 0
897 0
1061 0
1974 0
588 0
121 0
1261 0
919 0
281 0
389 0
682 0
738 0
2107 0
873 0
319 0
1226 0
1439 0
776 0
1845 0
29 0
2710 0
1517 0
2472 0
1176 0
1515 0
3714 0
270 0
347 0
1310 0
678 0
1201 0
511 0
1176 0
420 0
