11852 0
5525 0
4980 0
4578 0
10560 0
11339 0
11359 0
931 0
9876 0
2102 0
2898 0
892 0
6350 0
13101 0
9006 0
5064 0
5803 0
10775 0
1354 0
308 0
10832 0
5916 0
383 0
1912 0
13874 0
3536 0
1952 0
4628 0
6950 0
13780 0
3710 0
10520 0
2317 0
10088 0
5186 0
12313 0
9855 0
2809 0
549 0
9255 0
586 0
1230 0
9492 0
5937 0
7338 0
1312 0
6153 0
3600 0
14022 0
4984 0
7351 0
732 0
8226 0
10590 0
8379 0
7269 0
3689 0
7091 0
6549 0
9095 0
3680 0
1292 0
8354 0
1039 0
11555 0
7355 0
13015 0
5479 0
4693 0
2193 0
3073 0
1810 0
13946 0
3089 0
7539 0
5820 0
1337 0
2616 0
4233 0
1080 0
1038 0
5659 0
1635 0
186 0
9916 0
9781 0
3997 0
5588 0
11108 0
9975 0
3276 0
2580 0
11435 0
2532 0
72 0
3391 0
8524 0
76 0
1365 0
2269 0
2394 0
230 0
3045 0
5407 0
8341 0
3098 0
5475 0
1412 0
7811 0
3653 0
7457 0
5627 0
1713 0
4386 0
758 0
1060 0
16 0
4905 0
6162 0
2653 0
9901 0
1537 0
5150 0
2257 0
8787 0
77 0
3632 0
5101 0
2924 0
9564 0
3616 0
84 0
3640 0
2422 0
5441 0
809 0
1511 0
15086 0
8502 0
725 0
5032 0
7844 0
734 0
7643 0
1300 0
1635 0
897 0
190 0
1004 0
6907 0
8219 0
6357 0
5322 0
6463 0
9948 0
4921 0
5717 0
10682 0
935 0
3081 0
6418 0
1165 0
5173 0
1345 0
7917 0
2821 0
10014 0
9766 0
1593 0
4759 0
9545 0
5899 0
1398 0
5001 0
1099 0
1909 0
19 0
7939 0
5260 0
4006 0
4479 0
1926 0
12114 0
4002 0
2036 0
985 0
6993 0
6651 0
1232 0
10799 0
10033 0
125 0
1782 0
1530 0
4891 0
8666 0
2188 0
547 0
10831 0
6162 0
12781 0
5527 0
68 0
3988 0
12213 0
11493 0
1296 0
3286 0
169 0
14604 0
899 0
1660 0
1473 0
10262 0
3384 0
557 0
4425 0
5384 0
5260 0
3740 0
1105 0
1656 0
11215 0
5933 0
5967 0
5923 0
3752 0
3109 0
12847 0
1160 0
2545 0
4070 0
4544 0
4622 0
15890 0
4501 0
11255 0
15697 0
4331 0
7831 0
7879 0
11158 0
4228 0
10976 0
6483 0
12713 0
2932 0
4116 0
10329 0
1402 0
10798 0
4270 0
4311 0
4189 0
6012 0
8306 0
6658 0
1354 0
9709 0
5579 0
9965 0
530 0
6802 0
703 0
1391 0
4445 0
12567 0
2435 0
2057 0
4382 0
933 0
4608 0
5910 0
1364 0
3524 0
369 0
4152 0
3158 0
6869 0
12408 0
8764 0
8938 0
1417 0
5610 0
8461 0
6861 0
867 0
1457 0
5791 0
5641 0
10467 0
1469 0
4271 0
49 0
4003 0
2022 0
7248 0
8510 0
2066 0
411 0
5620 0
1055 0
828 0
1601 0
2683 0
5661 0
4439 0
6892 0
11947 0
698 0
4252 0
9707 0
11579 0
13208 0
4340 0
5099 0
1126 0
1259 0
3775 0
12545 0
7243 0
3665 0
6543 0
6949 0
8751 0
1599 0
1023 0
1464 0
10470 0
4785 0
8251 0
374 0
8176 0
3544 0
8771 0
2846 0
1202 0
7084 0
9962 0
6160 0
1781 0
889 0
2647 0
1071 0
7469 0
1322 0
14700 0
1511 0
4119 0
347 0
11083 0
12468 0
14133 0
2175 0
4297 0
261 0
6666 0
6250 0
5065 0
5455 0
8759 0
7504 0
4292 0
6152 0
4970 0
3381 0
11008 0
3104 0
8942 0
9618 0
2648 0
12171 0
6178 0
12210 0
709 0
596 0
6632 0
6313 0
6875 0
6868 0
835 0
15055 0
4423 0
1155 0
4656 0
8659 0
9227 0
5183 0
11686 0
2225 0
6172 0
1668 0
6208 0
5808 0
9400 0
7980 0
5986 0
6106 0
8394 0
15825 0
6171 0
3335 0
9624 0
7142 0
8714 0
3734 0
513 0
6690 0
8211 0
13765 0
5931 0
3392 0
13324 0
3509 0
11796 0
4755 0
2795 0
5594 0
5328 0
2649 0
12522 0
5152 0
8018 0
10868 0
2199 0
5777 0
3227 0
12873 0
6195 0
7158 0
2448 0
615 0
13223 0
1710 0
3990 0
9980 0
4541 0
6202 0
2976 0
5015 0
4376 0
4800 0
6239 0
13931 0
5984 0
3853 0
12326 0
6950 0
1891 0
5260 0
2040 0
6218 0
10802 0
243 0
14243 0
4035 0
4190 0
5780 0
7455 0
1657 0
9632 0
2420 0
1381 0
13716 0
58 0
1830 0
1828 0
7874 0
22 0
5890 0
10565 0
6614 0
7728 0
1399 0
2500 0
2657 0
11615 0
11552 0
1938 0
4179 0
2720 0
4834 0
5707 0
400 0
905 0
3607 0
8625 0
2841 0
10195 0
7539 0
10723 0
13735 0
159 0
622 0
8172 0
9781 0
12458 0
11241 0
3395 0
8323 0
6569 0
4436 0
3534 0
10939 0
3443 0
4632 0
4498 0
11766 0
4738 0
3180 0
1296 0
4757 0
1349 0
11862 0
7409 0
2038 0
10041 0
3217 0
14581 0
284 0
716 0
6528 0
1858 0
8889 0
8783 0
3113 0
2531 0
154 0
10316 0
7240 0
4610 0
8922 0
8286 0
2006 0
5510 0
4614 0
1061 0
11969 0
8935 0
4701 0
8819 0
4177 0
7512 0
5101 0
7774 0
10245 0
10497 0
6870 0
9298 0
13322 0
3260 0
5235 0
2417 0
13278 0
7311 0
4952 0
886 0
5251 0
10691 0
7738 0
7739 0
3048 0
10997 0
8570 0
800 0
4531 0
2987 0
1823 0
9059 0
8341 0
10880 0
4335 0
10237 0
4093 0
7395 0
1452 0
439 0
6053 0
5346 0
8066 0
6621 0
2366 0
928 0
7538 0
7196 0
7141 0
7887 0
8127 0
980 0
11114 0
7965 0
5600 0
714 0
3400 0
10776 0
9749 0
3682 0
9015 0
6593 0
328 0
782 0
7029 0
4263 0
963 0
1536 0
193 0
9621 0
6715 0
1276 0
11595 0
5640 0
4970 0
14554 0
8731 0
4046 0
5550 0
2187 0
1286 0
11796 0
8263 0
6561 0
5409 0
4713 0
11639 0
9158 0
3805 0
8243 0
2383 0
3587 0
2420 0
1808 0
3399 0
10093 0
2573 0
2528 0
7018 0
35 0
2173 0
7356 0
5544 0
1124 0
6376 0
450 0
2360 0
187 0
2512 0
3621 0
15159 0
3970 0
7391 0
13003 0
2149 0
10866 0
6597 0
2383 0
314 0
13644 0
11317 0
3109 0
7759 0
6638 0
2014 0
3947 0
7042 0
4502 0
7528 0
1560 0
14560 0
2591 0
3632 0
2534 0
8724 0
4788 0
1838 0
10821 0
10864 0
15000 0
4947 0
8140 0
3950 0
9813 0
10234 0
4323 0
5708 0
5945 0
5289 0
11338 0
9990 0
532 0
12523 0
2696 0
4287 0
6877 0
6166 0
5861 0
11087 0
7830 0
11529 0
3743 0
6305 0
8816 0
2009 0
14523 0
1018 0
5374 0
14453 0
6187 0
3818 0
4814 0
4859 0
12912 0
1037 0
4954 0
3831 0
1474 0
6480 0
14564 0
9465 0
10383 0
4213 0
7558 0
2887 0
10459 0
470 0
13098 0
949 0
4940 0
5018 0
14983 0
9675 0
3775 0
8260 0
7677 0
9581 0
235 0
1574 0
967 0
1973 0
1852 0
2405 0
5653 0
3446 0
2317 0
6293 0
5592 0
8157 0
2292 0
12807 0
294 0
3640 0
8155 0
3470 0
7603 0
6639 0
6254 0
5851 0
1036 0
4353 0
7164 0
770 0
6337 0
4055 0
3031 0
7717 0
662 0
146 0
7023 0
6612 0
442 0
3944 0
3278 0
3010 0
8098 0
275 0
2056 0
5832 0
6235 0
9837 0
3996 0
3591 0
8171 0
4356 0
9387 0
13428 0
1229 0
2625 0
2114 0
5848 0
5146 0
3784 0
4001 0
6770 0
179 0
645 0
609 0
11934 0
4883 0
510 0
5815 0
5428 0
57 0
239 0
2243 0
8555 0
2833 0
9148 0
3857 0
4293 0
577 0
2557 0
2711 0
1783 0
5067 0
1531 0
406 0
4119 0
5288 0
1864 0
2475 0
7939 0
10779 0
2009 0
9902 0
2136 0
6719 0
1074 0
9211 0
3427 0
5676 0
524 0
10864 0
11102 0
11377 0
1323 0
11359 0
15472 0
12919 0
11906 0
8357 0
9035 0
3699 0
11692 0
2736 0
1425 0
2771 0
5163 0
3092 0
8548 0
2238 0
8667 0
5134 0
5774 0
10009 0
3855 0
13284 0
6857 0
3758 0
9103 0
11882 0
9117 0
2229 0
10836 0
5023 0
1538 0
466 0
1989 0
5820 0
3415 0
4791 0
6553 0
4829 0
3263 0
1536 0
5442 0
6090 0
4381 0
9724 0
9913 0
12326 0
4649 0
12183 0
9489 0
189 0
2710 0
5438 0
4258 0
5716 0
43 0
4685 0
10629 0
770 0
10019 0
1157 0
7908 0
2537 0
75 0
11944 0
888 0
7029 0
13258 0
1204 0
1414 0
8320 0
1470 0
4337 0
6039 0
3141 0
6613 0
3202 0
2087 0
5572 0
10852 0
8265 0
4942 0
8084 0
7484 0
4018 0
8035 0
1781 0
8312 0
8886 0
1036 0
1513 0
7072 0
8361 0
8713 0
7566 0
6117 0
2344 0
9952 0
8653 0
5362 0
11056 0
10786 0
3816 0
1586 0
7915 0
1850 0
3199 0
5887 0
1605 0
11368 0
7015 0
10573 0
1275 0
8395 0
10625 0
8091 0
8259 0
1388 0
12812 0
3924 0
3615 0
3681 0
8610 0
4938 0
3637 0
2922 0
13858 0
4444 0
7579 0
8985 0
4788 0
1134 0
11246 0
5665 0
7605 0
2453 0
6577 0
5020 0
9048 0
877 0
11499 0
103 0
2499 0
1307 0
5075 0
9898 0
2039 0
9573 0
1320 0
4092 0
1632 0
3975 0
3277 0
9848 0
1472 0
14096 0
6651 0
218 0
3000 0
2481 0
4489 0
7550 0
4367 0
5891 0
8498 0
2852 0
9518 0
4746 0
2222 0
3579 0
9713 0
7428 0
3705 0
8528 0
239 0
2751 0
10105 0
3311 0
6264 0
6560 0
3467 0
6544 0
1950 0
11264 0
24 0
7618 0
5520 0
9671 0
92 0
3870 0
816 0
201 0
4257 0
1202 0
3466 0
1885 0
14535 0
11462 0
372 0
753 0
910 0
3193 0
14009 0
8068 0
3780 0
3186 0
12674 0
6783 0
1431 0
947 0
2638 0
14448 0
14148 0
8273 0
11477 0
2060 0
105 0
7563 0
11082 0
8601 0
10064 0
1271 0
5032 0
7036 0
4512 0
5359 0
13115 0
12010 0
1259 0
11330 0
13144 0
2287 0
8043 0
5008 0
12379 0
5850 0
2817 0
297 0
5576 0
1385 0
697 0
12739 0
7536 0
1968 0
488 0
10653 0
11941 0
9862 0
3541 0
8684 0
4694 0
799 0
12904 0
4748 0
2632 0
2615 0
6464 0
7445 0
4569 0
2688 0
6193 0
3272 0
1198 0
7970 0
7184 0
5240 0
3451 0
2135 0
847 0
6557 0
8421 0
11296 0
11265 0
1353 0
3083 0
12525 0
8810 0
15022 0
12603 0
5162 0
5593 0
1716 0
5482 0
6257 0
6289 0
1502 0
12033 0
10541 0
12198 0
3731 0
12650 0
1647 0
602 0
8562 0
2778 0
4562 0
8315 0
5228 0
8337 0
9827 0
3761 0
8816 0
9634 0
6759 0
11453 0
4319 0
6633 0
1150 0
1646 0
156 0
8710 0
6344 0
2106 0
8148 0
1519 0
2918 0
89 0
113 0
6649 0
8539 0
803 0
2516 0
9507 0
9391 0
1725 0
387 0
12973 0
9261 0
571 0
4970 0
4160 0
147 0
3796 0
10861 0
5415 0
569 0
4290 0
2772 0
784 0
12189 0
5257 0
5463 0
5824 0
828 0
5244 0
2557 0
15702 0
12924 0
6528 0
8913 0
10448 0
4368 0
2435 0
2389 0
7002 0
5674 0
48 0
5485 0
8772 0
2328 0
1584 0
4024 0
486 0
4937 0
6819 0
7591 0
5885 0
1650 0
1431 0
5733 0
16 0
8127 0
1143 0
7862 0
2959 0
7278 0
7723 0
1501 0
161 0
11834 0
2898 0
209 0
931 0
4455 0
1136 0
4811 0
6046 0
2307 0
7107 0
3545 0
6572 0
6952 0
4344 0
6675 0
4805 0
7349 0
2224 0
4193 0
14904 0
10145 0
712 0
3450 0
1122 0
4702 0
4495 0
4060 0
4558 0
891 0
7920 0
764 0
8414 0
672 0
1726 0
3396 0
6060 0
8397 0
1895 0
7182 0
8883 0
126 0
6933 0
10881 0
3971 0
5376 0
1982 0
4243 0
9886 0
3299 0
8104 0
4009 0
6891 0
9043 0
4694 0
4583 0
3195 0
14102 0
6817 0
14886 0
4262 0
357 0
5750 0
8003 0
6256 0
4376 0
14684 0
7556 0
277 0
10036 0
9137 0
7606 0
5334 0
7291 0
1887 0
6187 0
10148 0
7660 0
8126 0
1394 0
10118 0
6228 0
13266 0
1466 0
7306 0
1110 0
1155 0
398 0
1708 0
5302 0
2761 0
6383 0
1031 0
10014 0
2155 0
6940 0
1107 0
4084 0
5529 0
1352 0
6157 0
12861 0
5415 0
450 0
719 0
5081 0
3978 0
9308 0
4291 0
4531 0
3764 0
14148 0
19 0
1280 0
4664 0
1273 0
10357 0
6277 0
1082 0
10318 0
3823 0
434 0
2264 0
2934 0
1597 0
3342 0
8057 0
9168 0
14260 0
2294 0
6194 0
13294 0
7925 0
6693 0
4221 0
2991 0
2027 0
700 0
7211 0
1159 0
1693 0
4500 0
4408 0
463 0
3820 0
4352 0
14118 0
9512 0
2754 0
1422 0
3598 0
3440 0
3507 0
5313 0
3990 0
5139 0
6742 0
1788 0
5936 0
1165 0
11245 0
12835 0
5644 0
6769 0
3935 0
502 0
11139 0
572 0
8583 0
289 0
2888 0
5683 0
327 0
14486 0
3138 0
725 0
6574 0
1343 0
776 0
9213 0
12217 0
10042 0
6221 0
6178 0
8845 0
983 0
7366 0
9368 0
6870 0
9923 0
2866 0
5869 0
5259 0
8867 0
4740 0
4438 0
2542 0
5240 0
3355 0
1304 0
708 0
4067 0
4739 0
6055 0
535 0
5552 0
3839 0
2016 0
5864 0
2466 0
728 0
6257 0
2219 0
4904 0
3909 0
14840 0
5245 0
4048 0
4676 0
1635 0
3868 0
15907 0
4389 0
10995 0
11338 0
2009 0
8671 0
2482 0
2253 0
1330 0
11506 0
2867 0
4974 0
9874 0
547 0
522 0
12132 0
10304 0
1024 0
1547 0
1018 0
2110 0
4088 0
11430 0
7254 0
8721 0
1699 0
10436 0
5251 0
12274 0
5881 0
2351 0
4319 0
8494 0
3954 0
1434 0
6879 0
5497 0
1411 0
31 0
1021 0
2715 0
8655 0
3743 0
7135 0
2831 0
2768 0
179 0
7600 0
6370 0
932 0
7457 0
4924 0
4720 0
476 0
3709 0
7432 0
11819 0
11070 0
12413 0
606 0
2106 0
2214 0
1803 0
1493 0
2383 0
6081 0
6187 0
2546 0
8250 0
14369 0
5580 0
6503 0
4902 0
758 0
2433 0
5283 0
6977 0
2460 0
1111 0
4884 0
5644 0
4767 0
7024 0
2463 0
9021 0
177 0
5658 0
3785 0
4795 0
10335 0
3364 0
6715 0
11152 0
3002 0
1276 0
431 0
230 0
9218 0
8720 0
3837 0
5036 0
1666 0
6036 0
3392 0
6873 0
2287 0
4014 0
1876 0
656 0
1810 0
457 0
7582 0
349 0
5371 0
37 0
5138 0
3924 0
5228 0
7706 0
4511 0
548 0
3545 0
9018 0
10808 0
14411 0
13766 0
1908 0
7512 0
2204 0
1437 0
3671 0
59 0
2186 0
11797 0
5477 0
307 0
1612 0
3599 0
868 0
2061 0
7400 0
4904 0
3523 0
4292 0
10202 0
3624 0
11882 0
2748 0
11354 0
12155 0
834 0
4303 0
366 0
4349 0
8880 0
745 0
3729 0
960 0
9914 0
2091 0
7651 0
10512 0
6790 0
8772 0
2955 0
1652 0
1349 0
6698 0
5168 0
10457 0
6015 0
1965 0
9099 0
5618 0
2361 0
3427 0
11885 0
12713 0
1837 0
602 0
403 0
7297 0
6060 0
4309 0
4635 0
6809 0
23 0
4322 0
1919 0
3472 0
2131 0
3908 0
1201 0
5702 0
389 0
4879 0
6372 0
5522 0
2124 0
4250 0
1457 0
6763 0
5126 0
12183 0
4396 0
7339 0
4343 0
10441 0
6483 0
4992 0
11889 0
9435 0
1893 0
7536 0
1950 0
2632 0
1599 0
11250 0
4939 0
13226 0
2745 0
1823 0
3379 0
8155 0
7701 0
8805 0
587 0
1839 0
9402 0
11679 0
2751 0
10049 0
10729 0
3673 0
10218 0
1328 0
3591 0
9534 0
3158 0
10096 0
2204 0
80 0
11240 0
18 0
12787 0
7091 0
7172 0
1278 0
5798 0
12253 0
7144 0
13850 0
2337 0
3677 0
8268 0
11954 0
7822 0
2704 0
2869 0
13795 0
8931 0
6076 0
3326 0
5877 0
1357 0
4536 0
1120 0
3499 0
10975 0
4025 0
291 0
1655 0
15874 0
8843 0
373 0
3028 0
6282 0
5808 0
891 0
5727 0
3817 0
3618 0
12395 0
6590 0
9454 0
7665 0
3204 0
9169 0
7976 0
7129 0
5743 0
5295 0
7648 0
11973 0
8323 0
10831 0
581 0
617 0
9467 0
1994 0
1121 0
2110 0
2011 0
5105 0
19 0
7620 0
12015 0
7928 0
3084 0
896 0
12146 0
11085 0
4423 0
3369 0
6713 0
738 0
13417 0
1510 0
1990 0
2957 0
13483 0
11352 0
2701 0
13695 0
9870 0
433 0
9578 0
1723 0
6981 0
13359 0
13268 0
2254 0
949 0
1317 0
12180 0
8410 0
3199 0
8207 0
13853 0
5361 0
4600 0
9234 0
4810 0
8681 0
757 0
1858 0
6189 0
12207 0
11189 0
1342 0
8361 0
5209 0
13447 0
2081 0
5517 0
10066 0
5196 0
215 0
6365 0
2198 0
617 0
8250 0
2426 0
11154 0
2936 0
7349 0
376 0
3439 0
2851 0
947 0
7923 0
526 0
3348 0
8473 0
5373 0
6466 0
2042 0
10520 0
265 0
1041 0
8978 0
5317 0
4605 0
90 0
3007 0
11110 0
9785 0
515 0
3081 0
3197 0
4647 0
14415 0
8911 0
919 0
9184 0
1453 0
11332 0
3603 0
4158 0
6187 0
9126 0
424 0
916 0
4725 0
8987 0
11700 0
11874 0
4877 0
10396 0
3123 0
1496 0
397 0
904 0
5966 0
12164 0
13038 0
2837 0
13672 0
6244 0
6313 0
1246 0
11605 0
4199 0
2859 0
10253 0
3778 0
11258 0
3948 0
215 0
3216 0
11034 0
487 0
4462 0
11985 0
525 0
2150 0
12286 0
7254 0
7550 0
5609 0
14725 0
2511 0
997 0
1776 0
323 0
9992 0
11827 0
3353 0
10755 0
31 0
7841 0
12731 0
2 0
8365 0
2914 0
2684 0
10241 0
4574 0
772 0
9554 0
6589 0
485 0
10338 0
2961 0
5732 0
8432 0
368 0
8220 0
1097 0
3608 0
7475 0
929 0
1478 0
2196 0
13988 0
11928 0
5272 0
84 0
11790 0
4861 0
2974 0
824 0
7210 0
253 0
1929 0
12402 0
1548 0
4319 0
134 0
6894 0
5213 0
7515 0
12470 0
7380 0
392 0
11579 0
12969 0
15196 0
3893 0
1298 0
11719 0
1206 0
13023 0
1666 0
8820 0
2399 0
2605 0
477 0
8077 0
6476 0
1520 0
782 0
1281 0
1836 0
14977 0
1067 0
9623 0
3086 0
5692 0
11674 0
11112 0
2706 0
11298 0
397 0
9695 0
3402 0
8488 0
704 0
630 0
9089 0
5639 0
2780 0
3324 0
1415 0
114 0
6682 0
4589 0
1805 0
776 0
15751 0
4193 0
14492 0
5141 0
8900 0
8518 0
5566 0
8754 0
7547 0
3392 0
3302 0
3830 0
11305 0
3844 0
7739 0
333 0
4334 0
5000 0
8074 0
11628 0
2717 0
1002 0
8097 0
11453 0
3663 0
12888 0
1249 0
4242 0
11292 0
4359 0
4579 0
10510 0
5464 0
2559 0
9386 0
579 0
3394 0
1003 0
1171 0
6424 0
12145 0
3307 0
5830 0
10223 0
9501 0
4481 0
4038 0
849 0
2554 0
7181 0
3480 0
4308 0
3397 0
655 0
9742 0
977 0
3450 0
67 0
9681 0
146 0
836 0
5584 0
12728 0
501 0
4047 0
12509 0
11870 0
5 0
2124 0
2813 0
3804 0
1027 0
1567 0
7901 0
4217 0
2445 0
3478 0
117 0
13203 0
1503 0
2206 0
5402 0
705 0
1643 0
10737 0
4952 0
4654 0
1496 0
11227 0
1689 0
7409 0
7468 0
1536 0
605 0
9315 0
7443 0
8041 0
7574 0
8471 0
7199 0
2205 0
7544 0
2001 0
3329 0
344 0
2646 0
9079 0
5345 0
12740 0
4340 0
6561 0
4396 0
1911 0
8826 0
440 0
7448 0
6757 0
6317 0
2781 0
4000 0
12210 0
5588 0
3326 0
2650 0
6155 0
10347 0
14354 0
8029 0
13993 0
2502 0
469 0
10676 0
7942 0
6506 0
6089 0
2177 0
4942 0
302 0
12733 0
2941 0
200 0
2999 0
6639 0
8894 0
5733 0
1784 0
6805 0
588 0
5443 0
7255 0
10257 0
7679 0
11776 0
15301 0
210 0
2128 0
7959 0
2791 0
5386 0
10431 0
2518 0
2003 0
3044 0
9944 0
15393 0
4275 0
2068 0
8300 0
1228 0
11346 0
993 0
775 0
4272 0
3489 0
5365 0
3545 0
9783 0
12241 0
3616 0
7946 0
3325 0
6653 0
4907 0
3309 0
10656 0
784 0
12566 0
3004 0
590 0
6822 0
5918 0
8675 0
6961 0
6305 0
71 0
1141 0
10723 0
252 0
816 0
1045 0
1932 0
3273 0
5773 0
3351 0
9591 0
7274 0
4882 0
97 0
13462 0
6818 0
1422 0
1249 0
3040 0
3993 0
7828 0
97 0
8958 0
13111 0
9765 0
4096 0
2936 0
7051 0
11182 0
6369 0
2561 0
8628 0
5117 0
6502 0
3238 0
4815 0
7719 0
2265 0
2008 0
3356 0
1416 0
4898 0
14491 0
8431 0
6250 0
1124 0
2473 0
10304 0
362 0
746 0
4055 0
3797 0
10860 0
1961 0
4015 0
6239 0
388 0
11148 0
12116 0
5430 0
4254 0
9700 0
636 0
10709 0
6675 0
1578 0
2913 0
11350 0
406 0
2582 0
930 0
12023 0
5628 0
3131 0
10989 0
1628 0
4883 0
927 0
380 0
4787 0
15814 0
532 0
5994 0
2167 0
8733 0
3883 0
1636 0
10953 0
8511 0
3813 0
1188 0
8761 0
5925 0
4002 0
12586 0
4292 0
7917 0
5274 0
11374 0
1303 0
12195 0
1470 0
13355 0
3209 0
4976 0
252 0
10076 0
9195 0
5395 0
13683 0
7700 0
526 0
288 0
7887 0
1447 0
6016 0
6880 0
3343 0
1294 0
165 0
3781 0
1437 0
5333 0
8017 0
9932 0
420 0
12037 0
3878 0
321 0
4686 0
1526 0
3781 0
244 0
902 0
3457 0
15022 0
214 0
2359 0
2733 0
3669 0
10671 0
2792 0
2569 0
9198 0
4245 0
4454 0
9254 0
1073 0
46 0
1446 0
336 0
1030 0
9087 0
3167 0
586 0
270 0
732 0
5639 0
5615 0
2564 0
6245 0
9037 0
11444 0
7574 0
3929 0
5758 0
6077 0
6885 0
8517 0
5661 0
15638 0
1618 0
4941 0
3211 0
10422 0
4730 0
3778 0
3512 0
4531 0
13228 0
7044 0
8076 0
58 0
3912 0
12976 0
5303 0
1320 0
4233 0
6654 0
1753 0
3417 0
2603 0
7828 0
11734 0
7490 0
1277 0
3696 0
14271 0
5722 0
5247 0
4731 0
12370 0
1777 0
14223 0
7007 0
5631 0
166 0
1250 0
6824 0
11555 0
6763 0
7849 0
11434 0
2936 0
2407 0
14312 0
4551 0
1592 0
3056 0
477 0
4207 0
4696 0
12118 0
3563 0
14586 0
10730 0
7565 0
650 0
13574 0
7990 0
6851 0
3743 0
625 0
4054 0
6536 0
8956 0
40 0
5253 0
369 0
1858 0
15835 0
11902 0
12536 0
12995 0
6797 0
2843 0
364 0
2859 0
1717 0
823 0
3703 0
8049 0
2198 0
12099 0
5103 0
4495 0
7242 0
1106 0
4412 0
2172 0
5726 0
4443 0
227 0
7602 0
6442 0
6013 0
1471 0
1473 0
4400 0
3124 0
2940 0
1906 0
1426 0
10034 0
4854 0
1452 0
12850 0
1656 0
1844 0
5518 0
2158 0
4687 0
4294 0
7370 0
11651 0
1271 0
5913 0
5996 0
463 0
3570 0
178 0
2297 0
10097 0
3911 0
2487 0
150 0
6649 0
2145 0
2308 0
1597 0
14283 0
9815 0
6031 0
6134 0
1539 0
6243 0
4295 0
15132 0
10139 0
5841 0
1938 0
7395 0
11140 0
2021 0
10180 0
8584 0
3337 0
12046 0
7333 0
14220 0
6102 0
8105 0
10470 0
2311 0
5774 0
6958 0
5144 0
4284 0
4447 0
5248 0
1445 0
6060 0
13050 0
5834 0
10226 0
12615 0
713 0
6124 0
888 0
2449 0
2273 0
7885 0
5288 0
5733 0
2742 0
3609 0
7807 0
7626 0
3628 0
8532 0
1747 0
6155 0
760 0
13219 0
3015 0
4029 0
2880 0
129 0
3097 0
679 0
622 0
9123 0
5749 0
3989 0
363 0
14362 0
5162 0
10601 0
615 0
497 0
12348 0
5862 0
1045 0
9317 0
8454 0
1642 0
8411 0
2483 0
13456 0
5918 0
497 0
12991 0
2996 0
11700 0
10624 0
4929 0
10587 0
10373 0
11857 0
2955 0
2085 0
3142 0
1774 0
2228 0
2682 0
10162 0
10120 0
8680 0
1046 0
7669 0
5944 0
6688 0
10894 0
1351 0
713 0
2092 0
407 0
3021 0
5098 0
4019 0
4447 0
9719 0
8407 0
538 0
8831 0
2545 0
5546 0
9614 0
411 0
12474 0
10010 0
2921 0
1620 0
8642 0
6465 0
62 0
1530 0
10375 0
5431 0
5820 0
2097 0
10280 0
6769 0
5497 0
4273 0
4498 0
11642 0
3588 0
3154 0
9056 0
7758 0
4864 0
3087 0
11820 0
8593 0
700 0
3857 0
6233 0
6834 0
5802 0
7162 0
542 0
3315 0
7925 0
6829 0
4906 0
5050 0
6517 0
12217 0
5408 0
7044 0
7355 0
641 0
1741 0
6451 0
8000 0
12983 0
2069 0
7810 0
6705 0
2964 0
2207 0
1579 0
10725 0
2754 0
3267 0
5457 0
5417 0
8662 0
5956 0
12413 0
1076 0
12637 0
791 0
4662 0
3024 0
5572 0
1249 0
10981 0
3770 0
11528 0
625 0
99 0
10072 0
14754 0
11018 0
6759 0
4272 0
1484 0
14121 0
1014 0
1841 0
291 0
12509 0
5679 0
5325 0
4273 0
158 0
2111 0
5583 0
5997 0
6583 0
6443 0
10710 0
13014 0
10174 0
4208 0
5822 0
5167 0
12994 0
3582 0
3558 0
9534 0
3358 0
3518 0
43 0
10591 0
9375 0
12244 0
8970 0
886 0
2011 0
11022 0
9158 0
9310 0
1024 0
646 0
12767 0
11921 0
12339 0
6582 0
811 0
2320 0
5363 0
15985 0
1702 0
8531 0
10621 0
11775 0
11291 0
2642 0
7856 0
7577 0
227 0
4952 0
2780 0
13370 0
1196 0
2311 0
12705 0
12419 0
86 0
6761 0
3340 0
5153 0
7798 0
3278 0
2761 0
2285 0
1646 0
1729 0
7683 0
6520 0
8037 0
985 0
8665 0
6771 0
981 0
6565 0
5054 0
1285 0
9118 0
3392 0
148 0
10795 0
1592 0
4842 0
751 0
11132 0
5871 0
7366 0
8735 0
13041 0
2128 0
2421 0
2258 0
8906 0
1102 0
5313 0
2433 0
802 0
10600 0
8026 0
4690 0
4512 0
12580 0
680 0
1276 0
6960 0
5131 0
2149 0
1634 0
1916 0
5586 0
4398 0
4128 0
934 0
1125 0
802 0
3145 0
2016 0
4444 0
8167 0
5727 0
13271 0
13911 0
14480 0
3353 0
7505 0
2681 0
4802 0
7736 0
7651 0
3889 0
1922 0
1778 0
2797 0
8322 0
4090 0
8668 0
2338 0
4878 0
6747 0
1902 0
4722 0
8692 0
9651 0
3742 0
6008 0
4184 0
5376 0
1598 0
9494 0
2147 0
1515 0
8266 0
11346 0
2873 0
1567 0
6428 0
7203 0
1432 0
14073 0
571 0
301 0
241 0
313 0
10736 0
2729 0
13078 0
10792 0
5368 0
2147 0
6485 0
2936 0
2782 0
7222 0
13613 0
4834 0
2593 0
8535 0
5509 0
5290 0
3930 0
2160 0
5574 0
3075 0
9030 0
127 0
6668 0
2920 0
514 0
9550 0
472 0
1546 0
211 0
5429 0
1837 0
5449 0
2507 0
185 0
1804 0
4793 0
7718 0
5996 0
2350 0
5242 0
9134 0
3079 0
399 0
4042 0
2543 0
2988 0
3910 0
4633 0
916 0
6965 0
2325 0
9289 0
3505 0
4075 0
139 0
3662 0
11558 0
1698 0
5430 0
1898 0
3078 0
9310 0
12790 0
4653 0
10587 0
57 0
7522 0
12748 0
3988 0
14283 0
5607 0
2551 0
684 0
9504 0
221 0
1977 0
4909 0
5783 0
44 0
1756 0
3810 0
334 0
4214 0
5614 0
7689 0
646 0
3032 0
11489 0
9480 0
3705 0
1214 0
2436 0
12105 0
14169 0
13567 0
2759 0
11776 0
2255 0
897 0
60 0
667 0
373 0
9857 0
14313 0
12636 0
4396 0
12150 0
10512 0
8166 0
6988 0
2571 0
2043 0
1108 0
3391 0
1477 0
5441 0
1954 0
5221 0
2716 0
1683 0
480 0
5438 0
137 0
1099 0
2731 0
10386 0
8002 0
1660 0
2633 0
5836 0
6455 0
12762 0
14306 0
2203 0
9662 0
8356 0
2381 0
14 0
6966 0
7867 0
9319 0
1396 0
13001 0
254 0
3689 0
5588 0
9779 0
4521 0
6240 0
3858 0
11624 0
2957 0
10557 0
930 0
2080 0
1756 0
5008 0
1058 0
2084 0
7228 0
1672 0
8379 0
4067 0
1374 0
13991 0
4126 0
2154 0
6966 0
3985 0
5598 0
2376 0
8855 0
14799 0
9167 0
10776 0
2832 0
4549 0
1395 0
2886 0
6601 0
5470 0
3469 0
61 0
13831 0
5079 0
1164 0
36 0
8047 0
2003 0
208 0
13635 0
1863 0
11667 0
1216 0
318 0
4013 0
7631 0
8305 0
6895 0
12571 0
314 0
1629 0
1125 0
10039 0
4892 0
8000 0
5006 0
5016 0
8047 0
562 0
4050 0
9570 0
3740 0
8349 0
13385 0
3728 0
1480 0
3421 0
4866 0
10155 0
2603 0
8121 0
847 0
12478 0
6104 0
10725 0
5411 0
525 0
1117 0
67 0
2746 0
2629 0
4418 0
2983 0
5024 0
324 0
10297 0
1510 0
3547 0
10396 0
5969 0
2231 0
1834 0
6900 0
11255 0
12870 0
1383 0
4041 0
9371 0
1269 0
1922 0
1620 0
3064 0
13360 0
5275 0
5197 0
1023 0
2148 0
4283 0
9293 0
5509 0
4270 0
3663 0
3973 0
11326 0
804 0
4699 0
8703 0
3744 0
2110 0
48 0
7906 0
383 0
2194 0
1453 0
892 0
2119 0
2487 0
5341 0
1207 0
5139 0
207 0
6340 0
810 0
1149 0
443 0
3278 0
14529 0
11005 0
2030 0
2136 0
450 0
13065 0
656 0
789 0
10387 0
3288 0
6496 0
5261 0
1907 0
6899 0
13818 0
7808 0
6641 0
2070 0
10465 0
5992 0
2473 0
7697 0
15754 0
9049 0
10238 0
11151 0
3892 0
6171 0
190 0
9676 0
7693 0
6014 0
5795 0
8096 0
3922 0
12997 0
9747 0
6270 0
5985 0
548 0
6680 0
2183 0
11213 0
1634 0
4738 0
13919 0
244 0
398 0
6389 0
5533 0
1516 0
12536 0
7468 0
3235 0
9723 0
11867 0
4208 0
9039 0
8845 0
10036 0
1003 0
1977 0
2076 0
10612 0
1906 0
6611 0
11117 0
3683 0
5625 0
3651 0
12794 0
7363 0
751 0
10253 0
4693 0
3142 0
4270 0
4747 0
2518 0
1807 0
278 0
1556 0
10774 0
7998 0
7210 0
4371 0
476 0
921 0
10967 0
6719 0
2466 0
8349 0
1566 0
2828 0
83 0
2560 0
5601 0
11349 0
4632 0
10758 0
2546 0
3087 0
596 0
2677 0
9085 0
967 0
5666 0
5722 0
14716 0
1534 0
13440 0
5090 0
6902 0
1776 0
5998 0
6938 0
2898 0
3590 0
2227 0
9888 0
7841 0
8455 0
12608 0
4449 0
3078 0
6075 0
6321 0
9326 0
3999 0
4928 0
5677 0
626 0
8499 0
6615 0
834 0
391 0
4504 0
2862 0
1536 0
10794 0
2655 0
10897 0
11539 0
9376 0
4076 0
5110 0
10345 0
6096 0
10953 0
7454 0
7279 0
3275 0
5182 0
4739 0
6326 0
7830 0
2577 0
3464 0
9220 0
6447 0
3239 0
8368 0
11922 0
11867 0
5129 0
6550 0
4544 0
846 0
3433 0
10483 0
2813 0
3000 0
408 0
2702 0
7135 0
940 0
10209 0
2998 0
4194 0
11441 0
5901 0
2442 0
2469 0
1722 0
2706 0
4153 0
1659 0
1533 0
2108 0
204 0
11286 0
6496 0
2293 0
11408 0
4090 0
2046 0
4676 0
7163 0
10638 0
3776 0
549 0
316 0
6636 0
4385 0
6110 0
2700 0
228 0
4081 0
5492 0
12473 0
14237 0
11483 0
9573 0
5728 0
1576 0
4698 0
9022 0
7394 0
10249 0
8893 0
5788 0
5822 0
259 0
5104 0
9314 0
10491 0
14012 0
1406 0
766 0
5809 0
4160 0
2473 0
693 0
343 0
11390 0
4298 0
1676 0
6769 0
1473 0
15581 0
14142 0
1068 0
10453 0
8470 0
5690 0
7394 0
8025 0
4627 0
4595 0
8284 0
6220 0
2174 0
9381 0
1960 0
255 0
7677 0
3847 0
3999 0
1083 0
274 0
6782 0
6621 0
5634 0
3 0
1186 0
1349 0
4097 0
1717 0
2389 0
7576 0
12248 0
6305 0
8274 0
1264 0
9140 0
2941 0
5287 0
5099 0
7479 0
937 0
8372 0
7594 0
6523 0
9683 0
5437 0
4100 0
4539 0
1617 0
10005 0
4368 0
3356 0
6728 0
1737 0
607 0
5860 0
12182 0
9539 0
1918 0
632 0
9862 0
1409 0
413 0
4373 0
13764 0
209 0
13724 0
5789 0
3689 0
2121 0
283 0
3453 0
2266 0
3474 0
11284 0
15605 0
1229 0
2333 0
33 0
3256 0
11180 0
3110 0
3646 0
2792 0
3411 0
194 0
4055 0
2761 0
1296 0
11483 0
2848 0
867 0
9669 0
3240 0
5391 0
3947 0
6575 0
10914 0
6590 0
881 0
2717 0
65 0
8234 0
9400 0
5968 0
543 0
5261 0
8510 0
10482 0
917 0
9170 0
8592 0
1959 0
9311 0
10013 0
2529 0
2761 0
1863 0
10535 0
3329 0
3089 0
7889 0
4614 0
947 0
3342 0
3393 0
6192 0
344 0
15541 0
5623 0
15085 0
1249 0
3078 0
2653 0
2910 0
6085 0
982 0
10745 0
14592 0
7430 0
8468 0
5652 0
13317 0
7350 0
8841 0
7551 0
5982 0
4755 0
4601 0
8457 0
648 0
13757 0
8385 0
5099 0
12812 0
5642 0
9209 0
2104 0
7036 0
6066 0
1545 0
778 0
8342 0
7938 0
887 0
6816 0
10617 0
4693 0
4988 0
7566 0
10106 0
870 0
2325 0
7243 0
7734 0
4017 0
5106 0
1647 0
1736 0
868 0
8097 0
11868 0
1687 0
10857 0
6395 0
2012 0
863 0
1663 0
3164 0
6940 0
128 0
10462 0
6267 0
2978 0
1307 0
6574 0
1188 0
6104 0
10325 0
11158 0
9618 0
3607 0
14630 0
9292 0
6621 0
4186 0
12544 0
1555 0
2629 0
4882 0
1568 0
3313 0
7035 0
5411 0
6839 0
3659 0
9240 0
1708 0
4962 0
1752 0
8032 0
6397 0
7741 0
3408 0
813 0
2825 0
2025 0
6262 0
1682 0
1661 0
797 0
1331 0
791 0
3919 0
10783 0
11281 0
5290 0
5293 0
11589 0
3462 0
3440 0
2519 0
3436 0
3686 0
12958 0
3647 0
7448 0
7109 0
4439 0
13581 0
6065 0
3830 0
12304 0
10780 0
822 0
8816 0
216 0
8674 0
9978 0
1195 0
13386 0
12659 0
7201 0
9914 0
6171 0
3322 0
7661 0
7577 0
2866 0
1252 0
7948 0
2244 0
4359 0
6776 0
3872 0
1606 0
9023 0
6976 0
664 0
4515 0
7688 0
1044 0
12528 0
85 0
13897 0
13245 0
950 0
4885 0
4567 0
1573 0
10074 0
12493 0
906 0
8902 0
2629 0
9756 0
1693 0
4451 0
1055 0
9808 0
6136 0
6531 0
956 0
1575 0
5567 0
1633 0
1198 0
5748 0
3387 0
8620 0
4128 0
1997 0
3429 0
1263 0
11665 0
3102 0
6218 0
8659 0
7633 0
1458 0
5235 0
3024 0
2521 0
45 0
9455 0
10128 0
2008 0
13653 0
14112 0
6967 0
3572 0
4354 0
2337 0
10619 0
5625 0
4420 0
2900 0
1084 0
3831 0
13570 0
6149 0
4811 0
147 0
9473 0
2083 0
938 0
15258 0
3798 0
2310 0
15135 0
15983 0
14193 0
5069 0
7986 0
2322 0
6436 0
8952 0
1237 0
6774 0
2235 0
9284 0
6618 0
5134 0
6243 0
4534 0
2908 0
4140 0
5272 0
12272 0
9468 0
6702 0
7833 0
2414 0
11395 0
6545 0
7337 0
6208 0
8192 0
1132 0
2883 0
3 0
4735 0
2223 0
380 0
1011 0
1188 0
12482 0
6289 0
4470 0
2615 0
5494 0
11399 0
2734 0
5400 0
10027 0
1372 0
441 0
13713 0
5815 0
2968 0
1380 0
6309 0
736 0
14496 0
3569 0
2566 0
3097 0
4969 0
6993 0
7373 0
3647 0
1921 0
8573 0
10592 0
2172 0
2405 0
14530 0
2415 0
3967 0
3842 0
2271 0
3816 0
13246 0
2061 0
11152 0
3857 0
3250 0
7663 0
1380 0
3518 0
861 0
8084 0
745 0
9948 0
13204 0
7407 0
2494 0
11147 0
4511 0
1351 0
3856 0
2014 0
9480 0
8854 0
8822 0
1066 0
9507 0
2517 0
13492 0
10408 0
11575 0
932 0
603 0
5984 0
3835 0
8852 0
1605 0
9771 0
484 0
2695 0
13196 0
7440 0
6278 0
4467 0
4118 0
4259 0
2455 0
6012 0
882 0
4932 0
1535 0
4167 0
9027 0
7749 0
10467 0
3889 0
7713 0
7465 0
3992 0
982 0
231 0
459 0
575 0
5550 0
5157 0
3572 0
11427 0
1507 0
8662 0
6576 0
842 0
5897 0
1956 0
10690 0
9268 0
3959 0
7854 0
11813 0
5994 0
669 0
1256 0
3757 0
1149 0
9348 0
1852 0
480 0
1517 0
13438 0
3588 0
5110 0
3400 0
4049 0
526 0
3865 0
10188 0
5864 0
14319 0
3027 0
5946 0
2635 0
11576 0
10517 0
4133 0
858 0
9936 0
285 0
4150 0
1000 0
8874 0
6244 0
14770 0
6895 0
3324 0
7058 0
4176 0
6576 0
1065 0
9274 0
7722 0
3658 0
11695 0
4697 0
12807 0
4637 0
13613 0
4135 0
738 0
2220 0
3936 0
12086 0
767 0
1164 0
2179 0
4558 0
9329 0
1766 0
2156 0
86 0
5108 0
1922 0
5269 0
4367 0
9522 0
10897 0
3905 0
4318 0
3782 0
8949 0
2817 0
10493 0
4396 0
2177 0
5943 0
5350 0
126 0
13357 0
5621 0
2949 0
8906 0
8011 0
7489 0
9481 0
4296 0
13095 0
1428 0
3431 0
1354 0
9311 0
1850 0
7556 0
10830 0
3837 0
529 0
429 0
773 0
8289 0
9632 0
6871 0
3540 0
641 0
13250 0
7652 0
5716 0
3750 0
6913 0
8898 0
15415 0
8120 0
4372 0
6697 0
1642 0
5002 0
4595 0
1850 0
6361 0
2466 0
13093 0
8627 0
297 0
3676 0
3696 0
14390 0
4110 0
346 0
9483 0
4021 0
4866 0
8846 0
14636 0
6729 0
16256 0
774 0
230 0
6896 0
10327 0
10447 0
2547 0
13693 0
2806 0
1779 0
637 0
5970 0
12277 0
8711 0
1451 0
8367 0
3191 0
4638 0
3652 0
6720 0
264 0
4048 0
1406 0
8152 0
1073 0
7540 0
908 0
2636 0
8456 0
63 0
10415 0
1052 0
1250 0
13269 0
4028 0
12184 0
1628 0
754 0
124 0
771 0
2309 0
6371 0
11365 0
11012 0
3298 0
746 0
4369 0
1622 0
5283 0
5312 0
4805 0
9448 0
167 0
12574 0
447 0
11004 0
6755 0
7707 0
1151 0
5714 0
4759 0
246 0
246 0
2711 0
14464 0
4289 0
1042 0
9031 0
3722 0
3257 0
10931 0
349 0
5278 0
67 0
707 0
8795 0
3590 0
4246 0
7897 0
2352 0
484 0
5047 0
3678 0
1127 0
1556 0
2731 0
2954 0
8430 0
3494 0
1276 0
4907 0
5757 0
3107 0
7383 0
116 0
10842 0
6069 0
9891 0
4707 0
6063 0
14856 0
1082 0
1390 0
5240 0
2712 0
4806 0
2045 0
4707 0
1681 0
