-25565 0
18255 0
27154 0
25823 0
-31719 0
-27442 0
-32748 0
13656 0
-31334 0
13264 0
13509 0
10571 0
21242 0
-27093 0
30374 0
29905 0
-31492 0
-29061 0
22613 0
27963 0
-28171 0
24371 0
7465 0
7657 0
-26660 0
19223 0
27170 0
21442 0
31033 0
-23084 0
20015 0
-29319 0
16980 0
30796 0
-32192 0
-29115 0
-28042 0
23290 0
28772 0
-28785 0
11364 0
32185 0
-31886 0
22302 0
28485 0
14916 0
29164 0
11929 0
-24362 0
25361 0
-30269 0
24027 0
-31795 0
-31051 0
26194 0
31300 0
27007 0
30080 0
-30435 0
27659 0
31697 0
15351 0
28404 0
5847 0
-29612 0
29594 0
-29228 0
24434 0
30301 0
6158 0
27369 0
21359 0
-25081 0
25644 0
27145 0
31682 0
9793 0
28281 0
25242 0
24220 0
21898 0
28667 0
10716 0
31175 0
-31917 0
28036 0
19936 0
29258 0
-27163 0
29566 0
-32577 0
22708 0
-31534 0
31354 0
12506 0
23101 0
29699 0
16309 0
12188 0
25240 0
16540 0
26495 0
19556 0
22692 0
23711 0
15569 0
32145 0
7326 0
29877 0
28469 0
28299 0
25303 0
29983 0
21095 0
11068 0
14602 0
16857 0
26578 0
24930 0
17523 0
-27131 0
30231 0
-32351 0
14353 0
25420 0
31673 0
29529 0
23643 0
20015 0
31779 0
32090 0
23766 0
15408 0
27948 0
31702 0
28066 0
29323 0
-23819 0
26999 0
20475 0
32079 0
27823 0
31199 0
23784 0
11062 0
4896 0
31473 0
10624 0
19525 0
-30220 0
-29121 0
26383 0
32008 0
27028 0
28122 0
14228 0
31594 0
32229 0
18858 0
23776 0
32345 0
30329 0
21220 0
18730 0
22978 0
16117 0
-29832 0
-28638 0
27442 0
31569 0
-28966 0
-31385 0
7261 0
26082 0
31149 0
12636 0
22186 0
-30589 0
15197 0
12977 0
15325 0
19173 0
-31193 0
19187 0
20199 0
12573 0
32417 0
30758 0
16541 0
31194 0
-26831 0
9035 0
22608 0
21015 0
32008 0
32276 0
17106 0
6208 0
-28203 0
-32164 0
-24528 0
-32178 0
18386 0
-32498 0
-29759 0
32732 0
26018 0
30955 0
14760 0
-23948 0
9756 0
6588 0
15803 0
-30936 0
16010 0
21989 0
23962 0
21537 0
25602 0
26982 0
20421 0
24750 0
-31646 0
32723 0
31454 0
19069 0
18356 0
19544 0
-25028 0
21185 0
16841 0
-31752 0
16367 0
23781 0
-21333 0
25569 0
-28764 0
-21167 0
13244 0
26900 0
-32468 0
-26287 0
23993 0
30574 0
22226 0
-26930 0
14531 0
16953 0
-31607 0
6802 0
32020 0
16744 0
24573 0
15530 0
29549 0
29116 0
23894 0
25622 0
-27575 0
16881 0
31201 0
12064 0
-30988 0
30811 0
28676 0
30497 0
-25341 0
13082 0
15529 0
25503 0
23048 0
26013 0
25854 0
20402 0
14112 0
27578 0
30402 0
20842 0
32125 0
-29853 0
24790 0
30078 0
29644 0
21458 0
-31091 0
23344 0
25373 0
9159 0
28027 0
23848 0
32733 0
26898 0
27819 0
10046 0
28568 0
24083 0
25021 0
24748 0
17448 0
17153 0
31275 0
21192 0
22238 0
19255 0
17454 0
23826 0
18350 0
28004 0
-30179 0
17299 0
30398 0
28876 0
-31256 0
-25035 0
13061 0
17837 0
25479 0
22593 0
21730 0
-30633 0
-30370 0
19011 0
27611 0
30430 0
31462 0
7037 0
31772 0
8617 0
31217 0
17976 0
-29385 0
27796 0
30779 0
24834 0
-29643 0
31225 0
27136 0
26799 0
29816 0
26441 0
16988 0
20161 0
18779 0
11345 0
21357 0
20181 0
-24523 0
21057 0
15664 0
6433 0
-29215 0
-28356 0
-25992 0
10906 0
20626 0
2266 0
26398 0
32480 0
25783 0
19189 0
31356 0
-29685 0
22567 0
23883 0
13874 0
26490 0
-28456 0
-32350 0
27821 0
-32755 0
18187 0
-27297 0
23775 0
-30649 0
31446 0
25593 0
28864 0
18498 0
31487 0
21532 0
8114 0
-23032 0
20920 0
16883 0
20841 0
-29266 0
31923 0
18109 0
-28948 0
26189 0
24027 0
24819 0
29068 0
26829 0
-27561 0
22891 0
28992 0
18333 0
30994 0
-21039 0
32386 0
-32348 0
-31107 0
-29722 0
27977 0
26315 0
6432 0
31745 0
31101 0
-25552 0
19980 0
31893 0
-24512 0
19602 0
-27431 0
29301 0
30980 0
32287 0
19460 0
29954 0
-25481 0
28673 0
-31971 0
-30228 0
22748 0
32048 0
25054 0
-26101 0
27691 0
-32454 0
28964 0
28011 0
-25902 0
20292 0
27654 0
-30764 0
16322 0
23223 0
16551 0
28626 0
21328 0
16519 0
23202 0
-25774 0
18996 0
15092 0
-26939 0
22717 0
32353 0
32091 0
32515 0
27249 0
32174 0
24332 0
-24779 0
14212 0
17238 0
19506 0
30264 0
10511 0
27190 0
15106 0
5511 0
-26147 0
21321 0
31210 0
6391 0
-29617 0
31055 0
27128 0
-29523 0
25577 0
-29713 0
10481 0
28844 0
27426 0
-31158 0
-29932 0
8344 0
15756 0
8124 0
18096 0
19150 0
8461 0
26321 0
32572 0
29377 0
16481 0
28325 0
27132 0
30709 0
-26699 0
6748 0
17242 0
23118 0
28180 0
-30412 0
-28198 0
25787 0
32304 0
32382 0
27841 0
21680 0
-29936 0
20154 0
23773 0
15982 0
-27393 0
13227 0
30850 0
13737 0
28948 0
29639 0
-26420 0
23704 0
11411 0
-26962 0
29562 0
-23128 0
3383 0
21456 0
23093 0
15484 0
28066 0
31407 0
29543 0
25366 0
28672 0
29918 0
29660 0
26851 0
27534 0
-30204 0
-32564 0
29080 0
29796 0
14094 0
-27506 0
-27929 0
28991 0
31441 0
29263 0
25060 0
16531 0
31571 0
-28624 0
-32093 0
29344 0
-29468 0
-26852 0
27447 0
31790 0
31956 0
-28010 0
32155 0
29337 0
16595 0
24931 0
29873 0
26092 0
21753 0
-32640 0
-32015 0
-31047 0
12482 0
31867 0
16551 0
26683 0
-32679 0
23555 0
31943 0
28783 0
31457 0
24130 0
24877 0
28617 0
20638 0
27480 0
22212 0
30519 0
20243 0
7609 0
11245 0
-32751 0
32335 0
19898 0
29549 0
23920 0
6119 0
-30869 0
-31335 0
27689 0
6130 0
27887 0
30271 0
29606 0
-32094 0
28819 0
19533 0
13995 0
23945 0
-30347 0
27323 0
28835 0
14214 0
8865 0
-27243 0
25895 0
17928 0
-30603 0
25753 0
-32272 0
-24390 0
-31584 0
20292 0
25901 0
13285 0
6766 0
-25296 0
27370 0
21244 0
19488 0
24922 0
-28452 0
-28153 0
27659 0
28110 0
18269 0
32031 0
29868 0
21707 0
18556 0
-27142 0
32540 0
22874 0
-32352 0
32558 0
15768 0
28642 0
26110 0
29330 0
-31138 0
6597 0
10828 0
16443 0
27807 0
19639 0
-23010 0
24626 0
30567 0
-24879 0
16901 0
-31335 0
31824 0
8889 0
25550 0
-27880 0
32299 0
29909 0
-31216 0
28913 0
32408 0
12446 0
23652 0
23409 0
30914 0
22480 0
-24358 0
14194 0
-31861 0
24369 0
-32084 0
26593 0
30939 0
-30488 0
-30275 0
-23048 0
19270 0
30348 0
17440 0
-31360 0
-30944 0
14136 0
16999 0
17540 0
24826 0
-30440 0
-30452 0
23778 0
-25801 0
11220 0
31588 0
31004 0
30691 0
-32694 0
30676 0
29530 0
-31740 0
20930 0
18700 0
-30959 0
30951 0
-23956 0
6577 0
29132 0
-22483 0
30347 0
13336 0
14990 0
26013 0
-24999 0
5263 0
24697 0
27483 0
28630 0
20021 0
-24890 0
31681 0
-31413 0
12398 0
-32708 0
14989 0
-27513 0
29631 0
-25740 0
32477 0
24651 0
30227 0
-23386 0
27647 0
20695 0
-32202 0
30770 0
29439 0
16307 0
22258 0
13291 0
12737 0
6823 0
28905 0
18169 0
18654 0
7981 0
24626 0
30798 0
29299 0
23905 0
-25498 0
5552 0
10548 0
-32678 0
19321 0
22229 0
21699 0
27169 0
22698 0
26929 0
23127 0
25775 0
26927 0
24785 0
12544 0
21892 0
27296 0
30629 0
30144 0
29363 0
21427 0
21049 0
24555 0
24110 0
23650 0
29134 0
4134 0
15966 0
16470 0
31198 0
31428 0
-32202 0
18992 0
-30721 0
25303 0
-30930 0
-28098 0
28385 0
31444 0
19570 0
28598 0
31011 0
25989 0
30628 0
31399 0
31558 0
11239 0
9497 0
-29150 0
20136 0
15615 0
18623 0
16634 0
21959 0
1894 0
10210 0
24187 0
13066 0
-31432 0
15906 0
31346 0
12552 0
12237 0
17594 0
28433 0
18588 0
17065 0
3421 0
14778 0
28990 0
18549 0
24136 0
21932 0
-30443 0
23835 0
28811 0
21741 0
29397 0
14776 0
-27653 0
30969 0
25612 0
5572 0
-28760 0
-29112 0
-26222 0
31486 0
-28319 0
-22042 0
-26157 0
-28619 0
-28765 0
-29116 0
14340 0
-27521 0
18345 0
10526 0
30550 0
18529 0
30500 0
28352 0
22984 0
30249 0
14580 0
19921 0
-32678 0
29150 0
-27482 0
29034 0
17201 0
-30172 0
-27694 0
28092 0
11557 0
-30907 0
14863 0
26021 0
16694 0
24304 0
32313 0
26475 0
18148 0
30483 0
15305 0
-32749 0
15248 0
-31594 0
-30774 0
21785 0
29285 0
-28234 0
-27695 0
13376 0
-26212 0
-27725 0
18324 0
29508 0
-32403 0
14574 0
28060 0
19779 0
16242 0
31122 0
27762 0
31621 0
27988 0
32085 0
8233 0
27668 0
-26425 0
7848 0
20462 0
-27890 0
5705 0
19497 0
-30078 0
25016 0
19310 0
17464 0
13369 0
30365 0
17597 0
15445 0
30883 0
-30529 0
-29278 0
23133 0
30444 0
21706 0
23495 0
-29856 0
9958 0
30922 0
24958 0
23558 0
15959 0
31811 0
24900 0
25734 0
27893 0
17773 0
14299 0
-28606 0
-31727 0
14919 0
-31380 0
-27078 0
30995 0
17041 0
26988 0
20485 0
24394 0
30608 0
30946 0
-29038 0
-31614 0
32326 0
20843 0
-30027 0
31304 0
25626 0
31541 0
30776 0
-27550 0
12499 0
23836 0
27920 0
25389 0
21467 0
26262 0
13948 0
-23860 0
26228 0
20998 0
30894 0
14285 0
13685 0
-25758 0
28399 0
29661 0
25082 0
18652 0
22825 0
-27860 0
32704 0
-30426 0
18672 0
-32367 0
5360 0
27259 0
30585 0
21202 0
-31546 0
22316 0
31907 0
26940 0
15637 0
30158 0
-29582 0
16563 0
-25596 0
-30684 0
27390 0
25637 0
32690 0
31923 0
24458 0
18579 0
32697 0
-28366 0
-32749 0
26644 0
13670 0
19152 0
29643 0
29408 0
20560 0
12007 0
25762 0
11336 0
28165 0
-29599 0
19257 0
23122 0
32349 0
19103 0
22954 0
11846 0
31920 0
22135 0
-30436 0
27717 0
-29617 0
28155 0
20638 0
8527 0
14157 0
14585 0
25966 0
9564 0
10859 0
-25008 0
-26097 0
19490 0
6660 0
24359 0
17032 0
-24649 0
-28796 0
19539 0
21779 0
-25213 0
21135 0
17453 0
8993 0
20299 0
-22681 0
-26314 0
-32308 0
-30674 0
26729 0
4673 0
21609 0
-29681 0
-31012 0
28800 0
15963 0
25765 0
30226 0
15350 0
25701 0
-28411 0
-28309 0
30881 0
-29811 0
-27752 0
16634 0
-32036 0
30754 0
-29491 0
18788 0
29700 0
6993 0
29495 0
10151 0
12483 0
-25977 0
24645 0
24259 0
12551 0
-30351 0
-31938 0
-30776 0
12119 0
29348 0
20160 0
14171 0
-27946 0
19581 0
14035 0
19272 0
32137 0
21458 0
26788 0
11746 0
27430 0
15344 0
9287 0
27985 0
32140 0
16612 0
26119 0
19826 0
3690 0
21008 0
29010 0
-27626 0
-28231 0
21372 0
15670 0
-26964 0
31474 0
-22302 0
-28736 0
14598 0
25009 0
10312 0
20078 0
23874 0
19799 0
8368 0
-25523 0
-26885 0
-30437 0
26828 0
-26066 0
12251 0
20652 0
26592 0
31181 0
25285 0
31355 0
25209 0
-31959 0
-27372 0
13935 0
29034 0
29414 0
-31597 0
-26299 0
17424 0
28080 0
23183 0
15385 0
13123 0
25553 0
30252 0
26578 0
-31989 0
11665 0
32262 0
-32747 0
16447 0
27536 0
24253 0
5015 0
24267 0
-30333 0
29440 0
7394 0
24815 0
-29463 0
-31285 0
20624 0
24614 0
14278 0
28326 0
31471 0
-27803 0
21824 0
13156 0
19415 0
25832 0
8015 0
-31273 0
23783 0
25095 0
32542 0
27736 0
28937 0
20397 0
-22261 0
-29733 0
-31681 0
-30256 0
-30698 0
19446 0
25443 0
7056 0
27544 0
32636 0
13946 0
24324 0
29860 0
30720 0
20333 0
18046 0
3022 0
22137 0
27066 0
30440 0
24335 0
32639 0
31811 0
24350 0
21986 0
-30147 0
15283 0
30326 0
27425 0
26147 0
26002 0
18880 0
20073 0
-30654 0
27474 0
5828 0
29252 0
16006 0
14196 0
13474 0
16919 0
25109 0
28219 0
21392 0
21139 0
25616 0
27821 0
-31541 0
20476 0
28074 0
30294 0
30353 0
-22597 0
-28955 0
8682 0
21649 0
10931 0
32729 0
15366 0
21812 0
15321 0
12376 0
26514 0
12399 0
26790 0
20786 0
8565 0
22413 0
25345 0
-32171 0
30293 0
-32604 0
29654 0
623 0
22990 0
-31589 0
21353 0
20354 0
27453 0
24478 0
30331 0
31591 0
-29722 0
22139 0
19514 0
-29573 0
23795 0
23554 0
31123 0
-26360 0
29073 0
-23241 0
19804 0
17806 0
-32456 0
25838 0
-32044 0
20665 0
-24456 0
22251 0
5526 0
-31059 0
29162 0
-29787 0
15816 0
24476 0
14883 0
-31237 0
-29776 0
25729 0
-31428 0
29616 0
-30412 0
18338 0
-26158 0
26323 0
-32264 0
26376 0
4044 0
31173 0
15822 0
21147 0
10547 0
-32669 0
14188 0
-29350 0
31868 0
31113 0
20692 0
24700 0
16113 0
4369 0
27906 0
-26337 0
21953 0
6194 0
28977 0
19886 0
-32198 0
-27906 0
18024 0
14835 0
19923 0
-26022 0
18401 0
3856 0
27707 0
19663 0
-27065 0
19921 0
26715 0
-27933 0
23518 0
19413 0
12544 0
28177 0
15074 0
15083 0
25256 0
-28723 0
-23348 0
28674 0
23526 0
-28176 0
32656 0
28710 0
17948 0
11847 0
23306 0
16359 0
21311 0
11353 0
8260 0
15887 0
15307 0
25831 0
22380 0
20978 0
-26452 0
-29724 0
31979 0
32605 0
27454 0
16375 0
27366 0
29069 0
18573 0
15367 0
28696 0
9819 0
26024 0
29633 0
32741 0
-24030 0
31353 0
32163 0
25232 0
15405 0
32353 0
6209 0
28159 0
20676 0
19142 0
17737 0
17659 0
-23995 0
11059 0
2097 0
25372 0
20030 0
29525 0
28030 0
-30691 0
29341 0
-31767 0
-32271 0
-29968 0
4453 0
22981 0
28968 0
27578 0
29115 0
8116 0
17878 0
21092 0
-28417 0
19486 0
15760 0
15238 0
29549 0
22767 0
18047 0
16073 0
24592 0
19983 0
26330 0
21489 0
27995 0
21980 0
6850 0
-31078 0
9368 0
13007 0
24719 0
25047 0
23503 0
14724 0
-24161 0
16223 0
14603 0
20902 0
8913 0
23562 0
-21160 0
24230 0
-27745 0
-31214 0
8451 0
31921 0
16379 0
8231 0
20412 0
-32300 0
20718 0
23063 0
28106 0
19821 0
2077 0
-30304 0
31277 0
19835 0
10552 0
8738 0
14943 0
25516 0
-30287 0
28462 0
30422 0
30779 0
-30231 0
22350 0
-28918 0
20165 0
19415 0
31710 0
25613 0
25135 0
29988 0
-31537 0
22525 0
20378 0
16040 0
24164 0
26023 0
28045 0
17598 0
29210 0
21327 0
25305 0
15742 0
31108 0
25457 0
16778 0
26497 0
15263 0
25163 0
12939 0
23613 0
26824 0
-32642 0
-26452 0
-26382 0
18185 0
23124 0
14511 0
5970 0
4829 0
-32495 0
30672 0
28630 0
25946 0
26329 0
-24105 0
-32001 0
21514 0
26814 0
11903 0
18962 0
21585 0
28496 0
25227 0
28269 0
29541 0
21321 0
27180 0
30666 0
20234 0
-32036 0
23921 0
23997 0
-32363 0
13316 0
-27022 0
9678 0
24698 0
32281 0
9148 0
27992 0
11589 0
22082 0
29835 0
32289 0
23797 0
28318 0
20224 0
32501 0
23334 0
20762 0
31763 0
16334 0
12763 0
20585 0
22083 0
31299 0
21167 0
12537 0
20912 0
4683 0
28531 0
11797 0
27896 0
25889 0
14610 0
11047 0
27034 0
-30675 0
-29957 0
-22453 0
-27667 0
6182 0
-29745 0
11276 0
18913 0
13426 0
14349 0
13452 0
-30093 0
17655 0
26695 0
13572 0
21583 0
7585 0
23254 0
23933 0
15670 0
11292 0
30157 0
-29370 0
12437 0
-29854 0
16156 0
-28057 0
-24817 0
29371 0
-31694 0
7655 0
21724 0
25537 0
3741 0
12924 0
4845 0
-28973 0
16696 0
-32367 0
30906 0
30996 0
-30556 0
29652 0
12862 0
21169 0
26967 0
20009 0
-29055 0
19947 0
11666 0
29183 0
30968 0
27897 0
19058 0
-26568 0
-27001 0
16631 0
11490 0
24381 0
22130 0
19180 0
25046 0
21678 0
28132 0
18053 0
23274 0
29663 0
18947 0
18595 0
22618 0
13294 0
28226 0
12546 0
20468 0
26987 0
24156 0
25772 0
27674 0
11967 0
23088 0
-32088 0
-26840 0
17387 0
24293 0
14331 0
31460 0
27873 0
23865 0
-32234 0
-29506 0
26997 0
24840 0
22586 0
11775 0
15064 0
-28833 0
22957 0
-24279 0
12421 0
31224 0
32601 0
29368 0
25485 0
-29264 0
10949 0
19669 0
-32362 0
-29479 0
13194 0
32744 0
30777 0
26656 0
30154 0
31111 0
23591 0
-27981 0
22132 0
31570 0
25706 0
24498 0
-31649 0
3307 0
-24214 0
-32090 0
-30896 0
17746 0
-32429 0
-27292 0
20170 0
-26395 0
23099 0
-32707 0
-32243 0
-26401 0
24127 0
17046 0
29618 0
-25245 0
-29749 0
28065 0
16259 0
19068 0
15768 0
21420 0
14969 0
29936 0
-32128 0
24494 0
21933 0
31985 0
-21355 0
32638 0
21410 0
25309 0
31979 0
28633 0
13606 0
24023 0
22132 0
28660 0
-28407 0
20036 0
-29101 0
21308 0
20873 0
-31735 0
-30016 0
31836 0
-32662 0
29066 0
22432 0
-28125 0
-30705 0
29894 0
14166 0
7511 0
-28956 0
22248 0
27787 0
32498 0
26882 0
22570 0
12535 0
-31533 0
-29338 0
26901 0
25444 0
-32754 0
-24718 0
-26845 0
31260 0
11222 0
18706 0
22693 0
-25439 0
25947 0
13454 0
18107 0
-26895 0
-26393 0
8348 0
-27478 0
-29583 0
16685 0
28169 0
30257 0
25639 0
-27705 0
-27391 0
17535 0
15864 0
12497 0
-24942 0
26572 0
15680 0
-29559 0
-24863 0
21224 0
13665 0
25914 0
23699 0
26690 0
18971 0
30659 0
-31605 0
-24688 0
-26410 0
31599 0
-28789 0
28646 0
-24369 0
24135 0
15370 0
29968 0
22271 0
28665 0
30902 0
23394 0
6393 0
-30848 0
29938 0
-27445 0
32489 0
-29946 0
10436 0
30919 0
13082 0
15417 0
23588 0
24022 0
12315 0
28589 0
27041 0
19561 0
29096 0
29437 0
28727 0
17858 0
25379 0
30856 0
13168 0
22699 0
11037 0
-27566 0
29737 0
30247 0
9264 0
32704 0
24059 0
-24440 0
27055 0
5140 0
27454 0
20862 0
-26422 0
20028 0
25639 0
20513 0
26225 0
13315 0
15831 0
21187 0
30120 0
32713 0
-32722 0
22882 0
29930 0
17235 0
26121 0
24537 0
5461 0
27623 0
-25835 0
-26076 0
17591 0
-27160 0
24998 0
26332 0
5348 0
-30247 0
-32760 0
15564 0
30798 0
19362 0
-29321 0
17284 0
3998 0
29335 0
-29160 0
24661 0
17048 0
-30717 0
14117 0
32598 0
-25971 0
22006 0
30509 0
25725 0
-23849 0
28110 0
15434 0
8738 0
15328 0
-28328 0
-26199 0
11802 0
-26613 0
19086 0
25803 0
-27723 0
18557 0
27541 0
26191 0
16250 0
29292 0
14418 0
30435 0
31586 0
32212 0
19695 0
-27321 0
12997 0
31937 0
24112 0
29226 0
-28893 0
23673 0
16470 0
32705 0
4440 0
25788 0
28499 0
-26114 0
-29045 0
20828 0
15247 0
-25480 0
19729 0
32096 0
26347 0
27341 0
1492 0
21550 0
-28886 0
12341 0
31228 0
28139 0
22938 0
18608 0
-32161 0
-25990 0
23804 0
23739 0
-27125 0
-25792 0
-23186 0
23155 0
4266 0
-26609 0
21980 0
-28383 0
27380 0
-29530 0
20044 0
26821 0
2031 0
-32053 0
32636 0
7365 0
15234 0
30310 0
21440 0
-22919 0
14249 0
-30781 0
12319 0
23392 0
-31807 0
-32706 0
25361 0
31087 0
9228 0
-32601 0
28996 0
32132 0
12747 0
8970 0
30676 0
24764 0
20742 0
17198 0
4555 0
4287 0
19622 0
21348 0
18158 0
13562 0
-21113 0
15161 0
-24200 0
29202 0
29833 0
24583 0
30105 0
25449 0
25960 0
15382 0
17405 0
29127 0
-26525 0
23868 0
28837 0
15486 0
25523 0
27060 0
23222 0
-29319 0
23502 0
10563 0
26524 0
-29016 0
29859 0
-26541 0
3491 0
19718 0
-29960 0
15055 0
13678 0
-29509 0
32760 0
24256 0
27408 0
24546 0
26536 0
26032 0
22305 0
23314 0
-28583 0
29830 0
24321 0
-26641 0
29253 0
15327 0
18894 0
19878 0
20375 0
30813 0
32736 0
12820 0
17072 0
10722 0
29799 0
8534 0
11039 0
25414 0
31825 0
13795 0
27334 0
16854 0
-30185 0
22803 0
32281 0
-29189 0
-29973 0
2815 0
12118 0
32477 0
22221 0
22263 0
15375 0
26535 0
22919 0
14472 0
27546 0
13713 0
-28308 0
25085 0
27019 0
20132 0
21266 0
28848 0
-26459 0
14591 0
28461 0
16494 0
-28778 0
8249 0
31944 0
-31940 0
17658 0
12555 0
32467 0
-29696 0
-32523 0
-30746 0
31412 0
23436 0
12247 0
25093 0
19772 0
11720 0
14483 0
23792 0
25959 0
25946 0
-24136 0
24730 0
31291 0
23827 0
27992 0
-28961 0
23877 0
25097 0
26689 0
27211 0
20367 0
28056 0
-29526 0
24268 0
20822 0
21860 0
27275 0
29380 0
-24905 0
32767 0
-23968 0
27835 0
18383 0
-28436 0
25201 0
-32756 0
21109 0
7333 0
21777 0
15635 0
-29600 0
20637 0
16636 0
16571 0
31432 0
26043 0
29904 0
8157 0
28609 0
26436 0
32396 0
20802 0
31425 0
24202 0
-31467 0
-21745 0
12382 0
23628 0
-29342 0
29782 0
21976 0
-28806 0
12973 0
22695 0
18764 0
-32697 0
-22813 0
13866 0
16091 0
25626 0
6061 0
-30970 0
10134 0
2909 0
12663 0
32470 0
16185 0
21654 0
29341 0
-30178 0
31823 0
25913 0
9340 0
32309 0
24821 0
32034 0
32649 0
4512 0
-30205 0
31349 0
28905 0
28686 0
23313 0
-31478 0
32540 0
32235 0
28073 0
23328 0
-27571 0
28584 0
18269 0
12694 0
6573 0
24330 0
19782 0
16662 0
29731 0
-30584 0
29827 0
11626 0
-25327 0
-32503 0
24627 0
24676 0
16475 0
24175 0
28282 0
16593 0
24995 0
-27974 0
-31135 0
11571 0
11073 0
21526 0
-29520 0
26526 0
27367 0
26185 0
31767 0
-32593 0
10518 0
24925 0
-30721 0
31407 0
10202 0
22827 0
8251 0
24244 0
-22563 0
-29145 0
30805 0
32638 0
8555 0
29590 0
19964 0
-32583 0
12563 0
28018 0
-32328 0
20722 0
12007 0
20462 0
13518 0
-26683 0
-31076 0
29083 0
29731 0
-28531 0
10443 0
-31404 0
20917 0
6356 0
24300 0
-28016 0
26352 0
10485 0
10149 0
-30872 0
32011 0
18587 0
-31917 0
31468 0
27050 0
12477 0
9031 0
14088 0
-21296 0
23020 0
29635 0
7774 0
-29823 0
11958 0
13480 0
-30262 0
26624 0
13166 0
18051 0
30314 0
32048 0
17543 0
-24657 0
29410 0
31881 0
15744 0
-25688 0
7143 0
-25279 0
4174 0
-24517 0
13925 0
17432 0
21652 0
-32290 0
-29273 0
17205 0
-23332 0
22180 0
18878 0
21555 0
25823 0
23057 0
19971 0
-29984 0
23696 0
22870 0
27989 0
17746 0
8519 0
18909 0
-30597 0
30352 0
3434 0
-30024 0
31087 0
19739 0
26106 0
25378 0
28445 0
32678 0
22191 0
18284 0
-23692 0
31914 0
15124 0
-32086 0
13854 0
-31974 0
16151 0
16683 0
-28652 0
-31892 0
21392 0
30376 0
22955 0
5832 0
5666 0
25591 0
25244 0
32313 0
23058 0
18855 0
18723 0
12197 0
29565 0
29576 0
24943 0
25573 0
-29763 0
31832 0
-30589 0
21043 0
24040 0
24352 0
32619 0
-32748 0
30610 0
-21226 0
17065 0
23636 0
25396 0
30870 0
20662 0
16835 0
26128 0
22133 0
-24540 0
-30830 0
24309 0
27532 0
15061 0
-24982 0
25037 0
5562 0
26784 0
26997 0
15652 0
16489 0
22077 0
-32309 0
-25398 0
-31554 0
21917 0
31072 0
-25795 0
29854 0
17144 0
13019 0
-29866 0
14575 0
-23273 0
21255 0
19994 0
26560 0
20688 0
25864 0
-27169 0
-32289 0
24727 0
-32346 0
15128 0
11079 0
-25561 0
22408 0
26973 0
11502 0
23362 0
13341 0
26329 0
-30043 0
25958 0
-22488 0
-32718 0
31939 0
27032 0
-24978 0
-31665 0
23417 0
23561 0
28303 0
28912 0
19480 0
25147 0
28817 0
20314 0
17551 0
-32741 0
-21029 0
-28734 0
-25297 0
-26728 0
19243 0
15467 0
23829 0
8793 0
17614 0
25250 0
16926 0
32704 0
13569 0
-31106 0
15452 0
17401 0
23571 0
8281 0
28128 0
14931 0
27265 0
18378 0
11779 0
-29764 0
32650 0
24623 0
8954 0
21649 0
24188 0
11195 0
11784 0
23253 0
9571 0
29746 0
15132 0
26176 0
-24768 0
8682 0
15382 0
23592 0
12979 0
19123 0
32107 0
27204 0
-31144 0
23365 0
32321 0
30827 0
3033 0
11500 0
23981 0
23159 0
-26767 0
21873 0
21243 0
29874 0
25169 0
9600 0
32371 0
32246 0
-22682 0
-32016 0
17205 0
27682 0
25527 0
18106 0
17667 0
-23594 0
30135 0
28260 0
27581 0
26794 0
-30435 0
8453 0
31623 0
-31759 0
25557 0
-31084 0
20700 0
-23965 0
20584 0
-30238 0
-28952 0
18387 0
32606 0
-32534 0
19181 0
17768 0
25272 0
21831 0
29770 0
20962 0
-23814 0
26611 0
-31551 0
-30354 0
31208 0
20820 0
4527 0
7370 0
16686 0
31399 0
31776 0
28747 0
20469 0
24274 0
21892 0
-30904 0
27019 0
-30593 0
8684 0
22652 0
22346 0
-27813 0
9635 0
23901 0
13764 0
17877 0
30342 0
21574 0
9789 0
29776 0
26169 0
18805 0
7143 0
-24170 0
22802 0
-30459 0
10865 0
17481 0
-27883 0
31304 0
3101 0
30156 0
-32128 0
26493 0
-32198 0
31252 0
-26666 0
17968 0
21179 0
-29422 0
18023 0
-25639 0
-30083 0
32024 0
-31144 0
30370 0
-30461 0
15334 0
28451 0
-32209 0
29267 0
21721 0
14174 0
-31614 0
28834 0
-31877 0
8217 0
-30621 0
30597 0
18760 0
-27709 0
7291 0
32110 0
22815 0
27388 0
22454 0
19602 0
16603 0
23611 0
-29338 0
-28561 0
14628 0
30343 0
16079 0
31432 0
30285 0
-32667 0
-28667 0
-27884 0
18522 0
10773 0
28876 0
18441 0
1146 0
12576 0
-27105 0
24184 0
31316 0
21467 0
-32658 0
19760 0
30960 0
22235 0
19955 0
-26300 0
10901 0
24452 0
29047 0
24796 0
17022 0
25856 0
-32563 0
31115 0
32679 0
15155 0
23176 0
-32596 0
27188 0
23825 0
27774 0
9588 0
31410 0
-30106 0
28306 0
29055 0
21379 0
-29598 0
-31891 0
31154 0
22783 0
25696 0
26231 0
24509 0
-30724 0
-28074 0
14385 0
30054 0
19700 0
14517 0
22095 0
21104 0
30680 0
9068 0
17995 0
19328 0
31624 0
-31049 0
28784 0
-28881 0
31790 0
-30726 0
12129 0
20093 0
14963 0
22610 0
32175 0
30241 0
30032 0
-25735 0
26418 0
30210 0
-32239 0
-22790 0
32139 0
28740 0
16686 0
7063 0
-23737 0
6258 0
17023 0
14594 0
-26161 0
17873 0
25013 0
16094 0
15856 0
8407 0
17553 0
28098 0
19405 0
23627 0
-29444 0
-26362 0
28809 0
14671 0
18233 0
31436 0
-24165 0
27244 0
29186 0
-30518 0
16595 0
31992 0
2290 0
-27376 0
27980 0
-27172 0
28777 0
4325 0
19147 0
-31314 0
-31256 0
-32712 0
13555 0
6382 0
-27605 0
-30100 0
-30652 0
24015 0
3016 0
16009 0
-31905 0
-20879 0
5291 0
31771 0
31029 0
-29003 0
-27701 0
9514 0
-31373 0
25687 0
18967 0
30616 0
24121 0
-25429 0
3497 0
23975 0
-29073 0
-28894 0
29194 0
-30148 0
16336 0
21683 0
32354 0
11916 0
20526 0
6576 0
12899 0
6211 0
28230 0
-30700 0
30775 0
7336 0
28319 0
29339 0
3028 0
28262 0
29057 0
4623 0
25154 0
9629 0
32349 0
32027 0
-32657 0
13646 0
3793 0
-28566 0
20717 0
29848 0
26198 0
-27588 0
31354 0
21145 0
19690 0
-29914 0
18004 0
16639 0
21215 0
13353 0
31376 0
32757 0
26187 0
31627 0
-29403 0
7069 0
29816 0
19368 0
16371 0
21336 0
8801 0
7984 0
26155 0
29360 0
19947 0
9801 0
29372 0
28230 0
30994 0
14490 0
31671 0
-29978 0
19615 0
-24062 0
-25781 0
-22847 0
18706 0
24660 0
31206 0
17789 0
26136 0
29920 0
21390 0
32253 0
31165 0
8836 0
25598 0
-32513 0
-28934 0
31229 0
19687 0
31084 0
15634 0
24049 0
-31443 0
29103 0
22037 0
28177 0
29725 0
16883 0
15259 0
-27832 0
24140 0
7213 0
26809 0
-31082 0
12780 0
32595 0
-30436 0
26026 0
5341 0
-23893 0
6486 0
26978 0
28787 0
6613 0
30883 0
17789 0
-24898 0
29749 0
14853 0
27093 0
22293 0
15821 0
20602 0
28347 0
-23251 0
-32463 0
21223 0
32225 0
31886 0
30627 0
20042 0
29021 0
28717 0
9223 0
29241 0
11651 0
21403 0
20126 0
8703 0
-31317 0
25819 0
12677 0
17956 0
28415 0
22534 0
22031 0
30839 0
14908 0
27984 0
-31571 0
25054 0
27606 0
9672 0
19320 0
-31335 0
26108 0
26534 0
21862 0
11216 0
27200 0
20192 0
23482 0
32294 0
31107 0
30822 0
29876 0
-31893 0
15180 0
20868 0
25347 0
-30305 0
29455 0
23528 0
28383 0
22788 0
32263 0
-24717 0
19478 0
-26585 0
15947 0
28711 0
-24396 0
16757 0
-23467 0
26313 0
29370 0
15503 0
-29484 0
24904 0
8200 0
21406 0
-31910 0
18579 0
19102 0
15780 0
6235 0
27205 0
20345 0
29410 0
30011 0
-32215 0
-30464 0
-31701 0
20262 0
15935 0
19157 0
-29213 0
-25691 0
-24193 0
18831 0
-28509 0
10395 0
8589 0
12608 0
2787 0
2383 0
28149 0
-25990 0
-24228 0
27354 0
-25811 0
32594 0
30546 0
19440 0
12768 0
24925 0
20011 0
28747 0
7509 0
29869 0
30098 0
23806 0
18933 0
25331 0
15801 0
28183 0
20903 0
8010 0
17910 0
-28199 0
-30801 0
18390 0
14078 0
22596 0
19041 0
-26272 0
-23724 0
26239 0
30631 0
29747 0
21064 0
11441 0
30433 0
24968 0
-32329 0
18227 0
-28551 0
13690 0
20991 0
19604 0
32636 0
22018 0
27317 0
15644 0
-29465 0
31731 0
32192 0
26008 0
22865 0
20608 0
32067 0
13032 0
27439 0
26451 0
29452 0
23568 0
-32232 0
8282 0
-23799 0
19590 0
8202 0
32526 0
26923 0
24826 0
23718 0
-32132 0
-23064 0
-29867 0
30291 0
21303 0
16925 0
23600 0
10194 0
27894 0
18810 0
29314 0
26041 0
-26849 0
31538 0
32445 0
18392 0
31695 0
13609 0
13985 0
-23276 0
15645 0
-29959 0
8413 0
6061 0
15927 0
27281 0
-31773 0
32403 0
-26317 0
17674 0
7074 0
8002 0
-27932 0
29045 0
25494 0
-32300 0
15538 0
-29949 0
13944 0
23775 0
31703 0
11953 0
28435 0
-28531 0
30510 0
26329 0
12052 0
-31553 0
-26761 0
31382 0
23445 0
21437 0
-26235 0
18102 0
31570 0
32088 0
6874 0
29365 0
21859 0
23662 0
22807 0
-32253 0
12959 0
15689 0
19560 0
-31268 0
9670 0
26457 0
-29082 0
31584 0
18926 0
31075 0
28192 0
-29739 0
-26522 0
27385 0
29264 0
31463 0
6685 0
29953 0
14821 0
11503 0
-26438 0
21139 0
31320 0
4359 0
22296 0
28553 0
29952 0
30684 0
-32373 0
21728 0
19835 0
31948 0
20244 0
30153 0
25654 0
22558 0
15551 0
4477 0
28256 0
8875 0
12037 0
13634 0
4407 0
28727 0
20677 0
17097 0
27648 0
24582 0
22109 0
23381 0
15250 0
-32763 0
11383 0
22133 0
-22335 0
31816 0
21009 0
9460 0
5670 0
-29520 0
27008 0
5275 0
-30503 0
26025 0
27962 0
-32234 0
7884 0
21778 0
-26959 0
28191 0
25499 0
-32252 0
32417 0
27884 0
20613 0
27710 0
-21495 0
30278 0
-31349 0
-28549 0
21462 0
27549 0
32477 0
32506 0
27686 0
24956 0
29102 0
-28998 0
30725 0
-25240 0
-31616 0
27889 0
24216 0
29962 0
25683 0
-32224 0
-27538 0
16775 0
13840 0
-23380 0
18649 0
20036 0
29201 0
25910 0
31424 0
-26629 0
27308 0
13092 0
-31513 0
-27708 0
17128 0
29546 0
24940 0
30025 0
11299 0
6674 0
7977 0
-32621 0
6383 0
18812 0
-29674 0
11586 0
23829 0
20528 0
-26623 0
23632 0
23620 0
-27015 0
17244 0
14246 0
23675 0
17866 0
24990 0
24409 0
23656 0
10356 0
31487 0
27595 0
30149 0
26694 0
2430 0
28680 0
-30725 0
-30361 0
27205 0
-30773 0
27983 0
14675 0
11219 0
10833 0
29050 0
-31562 0
23196 0
-32358 0
26367 0
10243 0
8460 0
31053 0
32026 0
31230 0
17073 0
27818 0
-24613 0
29316 0
-28288 0
19511 0
19215 0
15492 0
23794 0
-32113 0
23444 0
18850 0
6259 0
27630 0
25453 0
30336 0
-30089 0
24988 0
30764 0
21998 0
28595 0
-30688 0
13084 0
26040 0
26702 0
30316 0
31668 0
30438 0
11472 0
6863 0
23426 0
9386 0
7112 0
30835 0
24251 0
-26570 0
-30166 0
30446 0
14644 0
26637 0
31708 0
32240 0
30221 0
27656 0
28436 0
19857 0
-31474 0
20640 0
27737 0
-32710 0
7596 0
30386 0
-28493 0
25114 0
15305 0
25458 0
-26642 0
-32501 0
31598 0
27072 0
19109 0
3331 0
32239 0
28846 0
12659 0
11398 0
23761 0
10613 0
25385 0
29750 0
-31336 0
16239 0
13678 0
-28315 0
25740 0
14365 0
17564 0
14228 0
13561 0
26813 0
6177 0
9016 0
28566 0
29574 0
31348 0
24901 0
13188 0
-30139 0
27194 0
25499 0
13416 0
27095 0
-26664 0
27274 0
14631 0
31636 0
19483 0
32180 0
29378 0
11640 0
16212 0
25093 0
20270 0
-27932 0
-25039 0
-29235 0
-29979 0
-31215 0
29647 0
-32742 0
26835 0
-31598 0
30988 0
25746 0
19084 0
-31721 0
23350 0
21656 0
32326 0
-31624 0
-26465 0
6811 0
4811 0
29482 0
19129 0
28420 0
12470 0
11061 0
-32425 0
32632 0
31543 0
18840 0
19269 0
-21863 0
-26555 0
7795 0
-31759 0
32048 0
27122 0
-29643 0
-30117 0
15617 0
18353 0
25525 0
26989 0
13803 0
27128 0
7592 0
29385 0
29514 0
24844 0
26740 0
29468 0
28114 0
27817 0
24625 0
31661 0
7037 0
23942 0
20062 0
19882 0
12058 0
24557 0
-30737 0
-28757 0
30341 0
29135 0
21428 0
26493 0
31207 0
27550 0
14103 0
21830 0
7760 0
-30130 0
-29270 0
22879 0
29752 0
29760 0
21688 0
29450 0
17406 0
-27337 0
23163 0
9745 0
-31959 0
14419 0
23790 0
30009 0
-29074 0
32520 0
19234 0
28561 0
-30302 0
5634 0
27504 0
26253 0
-27132 0
13333 0
-27607 0
27175 0
27130 0
23830 0
30679 0
22140 0
28400 0
18276 0
-27672 0
-22260 0
26148 0
11314 0
26015 0
24123 0
-29851 0
26323 0
30738 0
16560 0
13721 0
4914 0
31319 0
22429 0
20870 0
-31662 0
8456 0
29021 0
-29273 0
9050 0
18077 0
30928 0
23313 0
30670 0
28213 0
18094 0
31452 0
13117 0
-29443 0
29786 0
22149 0
16319 0
26317 0
-32743 0
31493 0
19604 0
-30021 0
-29330 0
12688 0
28652 0
-32323 0
17437 0
15067 0
29163 0
-29151 0
28244 0
27325 0
31767 0
14077 0
30061 0
-32471 0
21381 0
21718 0
16926 0
-22772 0
18270 0
-23797 0
24100 0
28136 0
32487 0
22394 0
30518 0
22595 0
30788 0
-22568 0
30038 0
27437 0
20739 0
-24665 0
-30172 0
31308 0
27284 0
29878 0
25469 0
24642 0
25708 0
2750 0
-24533 0
-29876 0
30807 0
-27169 0
27985 0
26737 0
23902 0
30171 0
32434 0
9078 0
29459 0
29066 0
28021 0
15347 0
23857 0
-28956 0
20590 0
18981 0
-29298 0
29179 0
14375 0
7395 0
20655 0
-30477 0
15494 0
18154 0
9613 0
20874 0
4263 0
23336 0
-25193 0
27492 0
-28348 0
-30817 0
26333 0
9970 0
16168 0
21340 0
20588 0
26337 0
31343 0
27804 0
30076 0
4790 0
18558 0
13033 0
32732 0
30537 0
32072 0
-31921 0
26660 0
-24565 0
28664 0
19513 0
27821 0
-26652 0
22431 0
21465 0
15067 0
13587 0
24875 0
-32141 0
26152 0
27910 0
13459 0
-29000 0
16720 0
21332 0
23636 0
22873 0
29201 0
-32420 0
29690 0
10424 0
14335 0
22342 0
-32473 0
24249 0
15914 0
28420 0
7180 0
20593 0
27156 0
-32644 0
-30578 0
18601 0
18909 0
-26780 0
10627 0
32364 0
21982 0
15275 0
19010 0
-24538 0
27330 0
23077 0
-30401 0
12853 0
-26189 0
31016 0
18200 0
-29871 0
30050 0
15133 0
28383 0
28612 0
30140 0
29731 0
27811 0
-27392 0
-28756 0
-32181 0
27281 0
32536 0
28796 0
29207 0
25323 0
16141 0
10462 0
22107 0
12023 0
30240 0
32203 0
16717 0
16976 0
-30093 0
31358 0
27815 0
32740 0
32235 0
8657 0
-27564 0
15484 0
-26123 0
-24646 0
15527 0
19190 0
14339 0
32546 0
-27456 0
-28780 0
5057 0
-27962 0
32031 0
-28328 0
9663 0
22048 0
14857 0
31655 0
32365 0
19579 0
8251 0
19002 0
18954 0
13347 0
12891 0
18039 0
10133 0
29414 0
25760 0
19392 0
9967 0
21008 0
-26783 0
22368 0
24923 0
24146 0
-30616 0
5791 0
20064 0
-32293 0
11980 0
27876 0
-32350 0
32271 0
8243 0
-25041 0
-26565 0
27640 0
19902 0
-31992 0
25545 0
31416 0
29674 0
25703 0
27121 0
19767 0
32066 0
-26388 0
-31345 0
18497 0
1907 0
-30831 0
9690 0
12543 0
-21606 0
19035 0
10377 0
-23388 0
-20881 0
-23843 0
21896 0
30068 0
17346 0
21528 0
31195 0
19835 0
21171 0
14203 0
29195 0
29837 0
28652 0
26907 0
26129 0
27741 0
14574 0
27710 0
-28678 0
29612 0
25315 0
27685 0
11428 0
-26542 0
20627 0
-31175 0
31477 0
28893 0
9363 0
30869 0
18842 0
21429 0
6311 0
1206 0
14954 0
18424 0
-29285 0
17416 0
25338 0
10315 0
25256 0
-25547 0
20699 0
17376 0
31391 0
32185 0
13756 0
-25218 0
29263 0
25351 0
30080 0
28960 0
16113 0
-24384 0
30617 0
13259 0
14016 0
16507 0
23670 0
21370 0
25504 0
13022 0
29495 0
-28562 0
24283 0
15606 0
-24467 0
26474 0
18554 0
13262 0
25334 0
16039 0
-27669 0
30992 0
-32194 0
20022 0
30319 0
31500 0
14519 0
32030 0
29977 0
24344 0
30180 0
28525 0
-24380 0
20415 0
30026 0
-27349 0
21556 0
16151 0
15884 0
8236 0
-30938 0
-28380 0
28931 0
16272 0
-27458 0
13560 0
-25062 0
-29585 0
-28887 0
19424 0
24694 0
20627 0
11529 0
24920 0
10845 0
31911 0
30504 0
14402 0
-28231 0
-31888 0
25099 0
20772 0
20162 0
24778 0
28311 0
30732 0
3521 0
30025 0
9051 0
14707 0
-31596 0
30203 0
31944 0
15923 0
28830 0
23020 0
14137 0
29753 0
14596 0
9625 0
27053 0
17798 0
19318 0
9929 0
-31958 0
7781 0
30991 0
-31035 0
10406 0
19092 0
5822 0
-27839 0
-30882 0
15607 0
28959 0
-32511 0
29131 0
18112 0
18197 0
23484 0
27403 0
25954 0
12027 0
7988 0
18610 0
-23530 0
11240 0
16066 0
16291 0
27904 0
9297 0
17278 0
28043 0
22726 0
-25884 0
19621 0
-32217 0
24478 0
-32033 0
-31831 0
12449 0
2943 0
-32150 0
9169 0
-31817 0
15215 0
-28034 0
32542 0
-24733 0
28126 0
24459 0
-30635 0
23765 0
21516 0
11937 0
28187 0
-30732 0
28194 0
-26476 0
22622 0
-26857 0
29610 0
-24693 0
22734 0
7654 0
22421 0
20826 0
-27550 0
30746 0
18826 0
19873 0
23968 0
31350 0
24613 0
5997 0
16643 0
30808 0
25669 0
19433 0
20177 0
-28924 0
-26205 0
22928 0
27424 0
15401 0
-29331 0
14786 0
-27936 0
30717 0
24505 0
28051 0
14730 0
20481 0
-26805 0
-31998 0
17084 0
-30681 0
27933 0
24443 0
31020 0
16219 0
-25848 0
7105 0
27942 0
30496 0
-28386 0
25170 0
22436 0
-27686 0
14589 0
23240 0
6114 0
20779 0
-31811 0
27310 0
26317 0
13180 0
4997 0
-25192 0
29176 0
22089 0
19603 0
-30662 0
26538 0
-22729 0
31078 0
12781 0
32024 0
30933 0
27687 0
27223 0
31012 0
-31595 0
13939 0
-25114 0
-30890 0
15376 0
14495 0
30141 0
-23951 0
23315 0
31034 0
-31154 0
32245 0
17268 0
25961 0
-24199 0
18632 0
-20653 0
25420 0
3061 0
24178 0
-31471 0
-30173 0
28454 0
-24621 0
8652 0
25758 0
31569 0
29364 0
-26700 0
-31030 0
8328 0
-28665 0
15776 0
22268 0
23230 0
26835 0
21428 0
29882 0
31840 0
29432 0
9246 0
31119 0
14618 0
11386 0
-32748 0
11267 0
29931 0
25219 0
21514 0
-26140 0
13725 0
-30028 0
-32593 0
8696 0
14804 0
28906 0
27557 0
26200 0
-28901 0
-31867 0
20777 0
3156 0
21295 0
12401 0
16979 0
25120 0
25714 0
-30266 0
31332 0
-28854 0
12435 0
-26825 0
31923 0
-30177 0
30018 0
16769 0
13528 0
16395 0
31339 0
23909 0
-24606 0
15930 0
15598 0
27308 0
21349 0
17565 0
31460 0
10050 0
21520 0
28070 0
15311 0
-29465 0
29495 0
14306 0
23134 0
16063 0
14287 0
30802 0
27501 0
13912 0
27866 0
27433 0
16969 0
26849 0
10347 0
21928 0
26557 0
23649 0
17811 0
21642 0
30595 0
-29959 0
22358 0
-31719 0
23430 0
27042 0
-23528 0
3176 0
15156 0
24240 0
17670 0
14772 0
18753 0
-32478 0
6245 0
