-28071 0
-28071 0
-26359 0
21321 0
17817 0
-20481 0
-32009 0
27706 0
-23895 0
21136 0
26757 0
22975 0
31189 0
-30893 0
11172 0
-20481 0
-20481 0
-20481 0
-23533 0
5955 0
-25724 0
-20481 0
31203 0
6847 0
-24902 0
-20481 0
13981 0
-30284 0
-27731 0
14574 0
-24191 0
22247 0
-20481 0
28772 0
-20481 0
14815 0
-20481 0
26661 0
8900 0
-28158 0
-22150 0
-32608 0
-26141 0
-20481 0
27235 0
-29158 0
-26781 0
19445 0
-26108 0
-31802 0
9906 0
-30246 0
18582 0
-31772 0
-32217 0
-20481 0
22089 0
-26083 0
6492 0
-32452 0
27137 0
-31526 0
-29802 0
23838 0
-25046 0
-30295 0
-32692 0
-20481 0
-21340 0
28609 0
32507 0
-31711 0
-23527 0
-32092 0
-31657 0
-31424 0
-29707 0
18487 0
4782 0
26861 0
-30863 0
-22679 0
23149 0
21276 0
29677 0
7655 0
-23086 0
-32372 0
-20481 0
9053 0
-23613 0
-29109 0
-26550 0
-21437 0
18884 0
22822 0
-28156 0
24141 0
28459 0
14857 0
31480 0
11808 0
-31951 0
-26705 0
7442 0
-32409 0
-32357 0
24818 0
30784 0
-25399 0
-31818 0
-31823 0
-23908 0
26020 0
20874 0
20371 0
23786 0
-29805 0
-32455 0
-31892 0
-24310 0
-22114 0
-27091 0
27820 0
-30334 0
21565 0
-31842 0
7971 0
17966 0
14673 0
21914 0
10043 0
-31838 0
21858 0
-24281 0
-32202 0
-29203 0
-32583 0
-31640 0
-25569 0
-31106 0
-20481 0
-24714 0
-28375 0
14955 0
14546 0
28220 0
20943 0
30054 0
20441 0
-28850 0
-27110 0
-30743 0
7281 0
-20481 0
31089 0
29178 0
-31528 0
-27117 0
24725 0
9152 0
-20884 0
14245 0
-31812 0
-27602 0
10444 0
-29671 0
-32707 0
-20481 0
-30512 0
-20481 0
-21420 0
26889 0
-32193 0
-25917 0
30853 0
-32287 0
-21412 0
-32100 0
18672 0
17238 0
19084 0
28921 0
18662 0
-30590 0
7625 0
-30856 0
-30083 0
-31415 0
20280 0
-20481 0
-31552 0
25458 0
-31366 0
-25059 0
-28265 0
-30386 0
20671 0
-30282 0
-20481 0
20625 0
14564 0
-31268 0
15883 0
17088 0
-32750 0
-26667 0
-27339 0
30813 0
-31604 0
-23160 0
4174 0
14889 0
-25129 0
-20481 0
9320 0
27012 0
-27055 0
31598 0
-28981 0
7800 0
31644 0
22840 0
-31746 0
-27523 0
27861 0
9001 0
13982 0
-27126 0
-32169 0
24112 0
21107 0
-26038 0
26315 0
-31534 0
-31734 0
-30110 0
10535 0
-25574 0
14227 0
-32015 0
-20481 0
16885 0
-30116 0
-20481 0
-31840 0
-25001 0
28220 0
-22419 0
-25132 0
26479 0
16422 0
-32759 0
10225 0
14393 0
15431 0
-20481 0
-31444 0
-32036 0
-20697 0
-30309 0
24536 0
-29532 0
-21713 0
2707 0
-32538 0
23215 0
-29578 0
19320 0
10307 0
26513 0
26571 0
-30076 0
-31633 0
28408 0
-31981 0
-31824 0
9559 0
-31842 0
-20481 0
-31859 0
-32726 0
-26509 0
27363 0
18623 0
-21542 0
16684 0
16509 0
-29616 0
4642 0
10766 0
23207 0
-30563 0
18851 0
-31756 0
-30839 0
-31463 0
3086 0
-29652 0
-32150 0
-25016 0
12184 0
29722 0
-32576 0
18629 0
-27879 0
12682 0
23946 0
12999 0
-24219 0
29016 0
28848 0
6685 0
-32362 0
27923 0
4780 0
22208 0
-31270 0
23115 0
18572 0
-31975 0
24961 0
21235 0
-23371 0
-31603 0
31153 0
-32114 0
29355 0
29692 0
14265 0
-31903 0
-32692 0
-28313 0
-31611 0
25512 0
-24212 0
-30368 0
12445 0
-32444 0
-31819 0
20142 0
27947 0
24732 0
25915 0
14211 0
14030 0
-32213 0
-31939 0
-32124 0
19706 0
-26128 0
-32281 0
-32353 0
30748 0
31533 0
18439 0
24841 0
26761 0
-25549 0
8078 0
29940 0
-29426 0
26398 0
-26420 0
10589 0
-28513 0
-25347 0
-20481 0
26498 0
-31696 0
-29895 0
-22044 0
-32240 0
-30084 0
26508 0
6402 0
27279 0
-23919 0
-23676 0
29737 0
27614 0
-28447 0
-20481 0
-32693 0
21848 0
-20481 0
-32067 0
-29078 0
-20481 0
28177 0
-24436 0
16179 0
-28988 0
-24848 0
-20481 0
-20481 0
10088 0
29742 0
31303 0
-28875 0
-20481 0
6160 0
25521 0
-32149 0
-29195 0
25318 0
19914 0
-29740 0
30112 0
11622 0
-31127 0
-25444 0
25421 0
-30232 0
-20481 0
21114 0
15378 0
31348 0
26293 0
-32100 0
20017 0
-20481 0
6172 0
-30917 0
-20700 0
-28888 0
-20481 0
20054 0
-30186 0
-28246 0
-31592 0
-32311 0
-22387 0
27585 0
13372 0
28150 0
-31957 0
-32354 0
-27686 0
-28873 0
20624 0
24263 0
22828 0
18528 0
21233 0
-31448 0
-28391 0
-28803 0
17189 0
14454 0
6607 0
11298 0
12291 0
-24895 0
28752 0
27199 0
26579 0
20037 0
14603 0
-31067 0
-28154 0
24802 0
20617 0
-24530 0
29988 0
10037 0
28205 0
-30210 0
-29801 0
-30996 0
-32377 0
-20481 0
-27424 0
-30535 0
31659 0
10498 0
18008 0
5179 0
-22880 0
24100 0
19769 0
18722 0
21108 0
26866 0
26113 0
-32094 0
21650 0
14186 0
-29510 0
-20481 0
-20481 0
-32191 0
-29775 0
19207 0
15929 0
-32367 0
-32100 0
-32465 0
16302 0
-25146 0
-21972 0
-32236 0
-29795 0
-32627 0
-32422 0
18032 0
-27734 0
22162 0
-20481 0
-28946 0
-32007 0
-27613 0
-29090 0
-20481 0
-30602 0
23212 0
32088 0
-30041 0
-24181 0
-21504 0
21302 0
-28115 0
10127 0
15752 0
-32226 0
-31864 0
-27611 0
-32098 0
-25818 0
-20481 0
-20481 0
31437 0
-32610 0
-26572 0
30785 0
-26740 0
-27088 0
-23033 0
-20481 0
-20481 0
-31504 0
9580 0
17396 0
10096 0
-32459 0
-32152 0
-32707 0
7320 0
-32586 0
-32276 0
-20481 0
28930 0
-20481 0
31846 0
-20481 0
-30241 0
15964 0
24997 0
-20922 0
-32031 0
-32702 0
19533 0
-32431 0
-32284 0
25067 0
19878 0
25564 0
14197 0
-21443 0
-32678 0
-31934 0
-21648 0
-20481 0
32741 0
-31944 0
14538 0
-31232 0
-31250 0
5389 0
27624 0
12488 0
21389 0
17363 0
31218 0
-29634 0
-32746 0
-21835 0
6766 0
30039 0
28548 0
-20481 0
-27473 0
32417 0
28572 0
16287 0
3004 0
15533 0
-31436 0
-20481 0
30778 0
27945 0
17886 0
26799 0
-31463 0
30211 0
23079 0
30385 0
-20528 0
-28693 0
27057 0
-32309 0
-30342 0
-20481 0
12962 0
-20481 0
-32393 0
27830 0
14363 0
-32061 0
-32550 0
-20481 0
-26176 0
-32595 0
-20481 0
-31424 0
-24541 0
-29317 0
-26237 0
13761 0
-30857 0
11404 0
-31468 0
31123 0
25387 0
13755 0
25871 0
14296 0
32325 0
-27334 0
-23964 0
-30196 0
-21976 0
-30038 0
16952 0
8427 0
11760 0
15170 0
-24848 0
-25676 0
20639 0
-20481 0
28713 0
-28147 0
-31702 0
31371 0
18554 0
-23534 0
-20481 0
29498 0
-25996 0
5407 0
-31613 0
-29994 0
11205 0
12492 0
24700 0
30726 0
-20481 0
30014 0
-30641 0
9305 0
23976 0
-31785 0
-30062 0
-24858 0
-32745 0
-20481 0
-29342 0
11078 0
-29061 0
-20481 0
10872 0
-21023 0
31136 0
-31507 0
-25630 0
12998 0
-32019 0
30200 0
-23809 0
-21644 0
25163 0
-32122 0
-32592 0
-28712 0
-31436 0
-32441 0
7479 0
18388 0
-26816 0
-32336 0
28654 0
-32710 0
-29604 0
30510 0
-27785 0
20472 0
-32177 0
22755 0
-27191 0
-20481 0
-29229 0
29959 0
-28079 0
-22127 0
-30601 0
-29698 0
-32217 0
-20481 0
22073 0
20430 0
-26419 0
-29292 0
-32021 0
-24236 0
-24715 0
-31772 0
-20583 0
-26359 0
-20481 0
-23414 0
21458 0
16574 0
-32294 0
23528 0
29242 0
8966 0
13573 0
12693 0
-32216 0
-28806 0
29613 0
18069 0
31918 0
-32594 0
-23115 0
20640 0
-23596 0
-23062 0
8708 0
-25069 0
-32544 0
24019 0
-32528 0
-32182 0
-20983 0
-29976 0
-27173 0
14556 0
13923 0
-25552 0
-28805 0
11689 0
9527 0
-26338 0
1661 0
30626 0
-32277 0
-30694 0
-31894 0
14477 0
-31128 0
19119 0
27583 0
14907 0
16188 0
-24797 0
-20792 0
20928 0
-31568 0
15823 0
22819 0
-26810 0
-32524 0
-24374 0
3798 0
11873 0
-31836 0
3817 0
-20481 0
-28344 0
5722 0
-31607 0
-31429 0
1741 0
-32756 0
-29814 0
31325 0
10717 0
3927 0
-30518 0
23825 0
9915 0
-31422 0
13100 0
-30549 0
-32204 0
22592 0
29595 0
20285 0
5893 0
14182 0
-30922 0
19475 0
17079 0
13828 0
23917 0
11303 0
-30178 0
22144 0
13162 0
26133 0
26070 0
-24826 0
10376 0
19343 0
-32280 0
-31019 0
-32207 0
22473 0
32540 0
-32685 0
-20481 0
25497 0
20273 0
-31741 0
-20481 0
6996 0
14716 0
-32600 0
-21749 0
-21473 0
-32054 0
7866 0
-31720 0
-32172 0
-31633 0
-25224 0
-27786 0
-22293 0
31812 0
23080 0
-32288 0
-30710 0
-32567 0
13224 0
23569 0
29833 0
5601 0
-20481 0
-25888 0
31129 0
-21005 0
-30303 0
-32461 0
-32389 0
16902 0
-20481 0
-31715 0
-31828 0
30789 0
-28772 0
-31727 0
-32272 0
23090 0
24967 0
28520 0
-20481 0
-32502 0
-26934 0
-20481 0
5556 0
23321 0
-28129 0
-28715 0
-32474 0
-25254 0
-31191 0
-31609 0
-21550 0
-27005 0
21938 0
-25688 0
28092 0
-26418 0
-31979 0
24163 0
31550 0
14610 0
-31282 0
-32569 0
17025 0
-27129 0
-22828 0
-29779 0
-28762 0
30467 0
-24407 0
12768 0
32743 0
-30349 0
18014 0
-20481 0
-25810 0
-23838 0
-20654 0
25201 0
-31996 0
-27048 0
-26825 0
-32551 0
17022 0
26565 0
-31305 0
12485 0
-20481 0
-20585 0
-22637 0
16964 0
-31989 0
-30102 0
-31823 0
-31269 0
-20481 0
-22262 0
-24726 0
19647 0
-30799 0
10623 0
-20481 0
-29371 0
19753 0
8959 0
-20481 0
-23159 0
-32303 0
8665 0
6233 0
-20514 0
27808 0
-22664 0
25486 0
-30086 0
-29143 0
-30958 0
27133 0
-32444 0
-28301 0
-23891 0
23254 0
25822 0
10209 0
-31720 0
25168 0
31475 0
-31941 0
3975 0
22391 0
22025 0
24739 0
-31763 0
-31249 0
-24249 0
-25468 0
-25055 0
-32471 0
27287 0
-21891 0
19676 0
-20873 0
-25971 0
31614 0
-23055 0
-28568 0
22235 0
26313 0
27327 0
-24240 0
-20481 0
-30701 0
-24203 0
13184 0
-29894 0
-24824 0
10730 0
25150 0
25180 0
31220 0
27900 0
13039 0
9873 0
-31063 0
-23572 0
8906 0
32567 0
28051 0
-30147 0
28678 0
-29510 0
-23447 0
19281 0
-32695 0
23351 0
-32000 0
15076 0
-27550 0
22664 0
-29221 0
27032 0
-31732 0
19760 0
27516 0
28249 0
22684 0
8401 0
-31595 0
-31766 0
11113 0
-27139 0
-31922 0
-20505 0
21899 0
26220 0
-31743 0
-29413 0
-29574 0
-31697 0
14303 0
-20481 0
19188 0
-31935 0
26447 0
13108 0
-23270 0
-20481 0
-30989 0
-32545 0
18898 0
22108 0
19470 0
-20481 0
-32605 0
-31743 0
-28071 0
15055 0
-24796 0
17688 0
27328 0
-29108 0
-32493 0
-23714 0
-26794 0
-32082 0
-32482 0
17158 0
-32011 0
-20481 0
-30734 0
-31626 0
22855 0
23144 0
30275 0
4897 0
-22236 0
16593 0
-25119 0
29834 0
-23335 0
-20481 0
-32250 0
-31529 0
28301 0
-32731 0
11465 0
29205 0
-20481 0
30819 0
30029 0
24820 0
13571 0
-31910 0
-28868 0
-27983 0
-32039 0
19292 0
-30884 0
-31706 0
-24440 0
-32322 0
-32441 0
17726 0
19590 0
-32303 0
8900 0
-20481 0
-26953 0
18849 0
-20481 0
-20481 0
-32252 0
6527 0
-29652 0
24526 0
-32611 0
27446 0
-25124 0
8072 0
27093 0
-20908 0
-31762 0
6866 0
31893 0
-27945 0
-30134 0
20375 0
22231 0
24787 0
-32323 0
-31888 0
-31994 0
-27670 0
-20481 0
-25734 0
27749 0
-32148 0
-20481 0
-20481 0
-29731 0
-25912 0
-23459 0
23490 0
28430 0
18052 0
-32361 0
-31261 0
-26610 0
25788 0
-31660 0
-21008 0
-28763 0
15559 0
-32187 0
29267 0
19253 0
-29874 0
-20481 0
-28701 0
22236 0
27328 0
8203 0
21246 0
25914 0
14331 0
23107 0
-21751 0
-29799 0
-26925 0
-32558 0
16700 0
16288 0
23855 0
31725 0
-20481 0
-26144 0
-31421 0
-31520 0
12200 0
-28089 0
-30987 0
7543 0
14144 0
-21422 0
-20481 0
19595 0
20267 0
31014 0
26268 0
-28460 0
20396 0
21804 0
-22607 0
14296 0
10387 0
30915 0
15024 0
19115 0
14616 0
-32576 0
-23388 0
-31711 0
6259 0
26696 0
-31147 0
18782 0
21122 0
-24674 0
-26987 0
19754 0
1115 0
-30642 0
29570 0
-23856 0
-26592 0
26334 0
-32484 0
25129 0
27942 0
26783 0
22634 0
21131 0
30310 0
17998 0
-32013 0
-32674 0
-30543 0
22599 0
-32200 0
-32368 0
-27291 0
12888 0
-32706 0
9746 0
-26006 0
27138 0
28928 0
-31040 0
22940 0
-29645 0
19076 0
23870 0
-29524 0
-29604 0
-28865 0
-25692 0
25641 0
17153 0
-29241 0
-32114 0
-30739 0
-29136 0
-32694 0
29718 0
23361 0
-20481 0
15341 0
-27516 0
20756 0
12930 0
-20938 0
15229 0
29215 0
-20481 0
23312 0
-29481 0
-32302 0
18572 0
-32422 0
-25731 0
-32423 0
-20481 0
-26241 0
-31615 0
-31421 0
29495 0
17165 0
-32299 0
-20481 0
-29338 0
26749 0
29979 0
-31562 0
-20481 0
-30996 0
30633 0
15885 0
-23471 0
-31779 0
-31692 0
-21078 0
-30606 0
27081 0
-20517 0
-20481 0
-23409 0
-28092 0
-20916 0
23923 0
29275 0
31500 0
-29854 0
10600 0
-27720 0
19646 0
-27881 0
-29005 0
18654 0
-28817 0
24802 0
11826 0
16366 0
32274 0
-20481 0
-27230 0
25782 0
23008 0
14756 0
-27804 0
-30001 0
24149 0
-32676 0
21593 0
-26480 0
-22350 0
21655 0
26938 0
9507 0
26746 0
20216 0
-27985 0
-32043 0
-30370 0
-30265 0
26294 0
18932 0
-28454 0
28529 0
11370 0
12216 0
13965 0
27380 0
-24666 0
-20481 0
-31427 0
-20481 0
-22327 0
9913 0
29541 0
-32438 0
-29364 0
29199 0
17555 0
7668 0
29830 0
-31552 0
-31930 0
16622 0
-20481 0
-32542 0
-24590 0
-23494 0
11634 0
-29826 0
21042 0
-32318 0
-23218 0
-31596 0
-24278 0
30586 0
-29693 0
-31577 0
23092 0
-31744 0
-20481 0
-32488 0
-32061 0
-31863 0
24855 0
29584 0
-32641 0
17966 0
-32120 0
7214 0
15733 0
32179 0
-20481 0
9007 0
26018 0
19720 0
-32239 0
22910 0
7969 0
-32472 0
-31814 0
25994 0
22544 0
-29706 0
26683 0
-32269 0
5153 0
-32292 0
30349 0
25994 0
4522 0
-32724 0
-20481 0
29866 0
4104 0
20255 0
-26643 0
-31604 0
25998 0
-31756 0
16875 0
-26070 0
-24744 0
28505 0
-31566 0
19162 0
29421 0
30024 0
6059 0
-29879 0
-28534 0
-24018 0
26115 0
-28203 0
-27269 0
18647 0
23962 0
11989 0
32474 0
26354 0
25358 0
-30258 0
4441 0
-24017 0
-26418 0
16237 0
12752 0
16095 0
22540 0
-21580 0
15767 0
30900 0
-27537 0
18725 0
-30073 0
-32466 0
-25535 0
9543 0
18782 0
20748 0
29903 0
15025 0
8800 0
32021 0
-26444 0
17715 0
-21177 0
-28205 0
-30471 0
21931 0
17575 0
13858 0
28367 0
-32139 0
-31408 0
-24487 0
-29955 0
4874 0
8123 0
-32332 0
23138 0
11758 0
-32626 0
-26898 0
32363 0
26303 0
-25246 0
-20481 0
-31410 0
14025 0
11235 0
22651 0
14422 0
30803 0
-29493 0
-20481 0
-32582 0
-31717 0
26925 0
31958 0
20770 0
10393 0
1142 0
-32650 0
-26722 0
-24596 0
24454 0
22175 0
-31486 0
-20481 0
-32020 0
-23385 0
-31204 0
7484 0
15467 0
-32185 0
22542 0
-31877 0
31825 0
-32579 0
-31722 0
-32205 0
32642 0
-20481 0
28350 0
11326 0
-30118 0
28462 0
-21734 0
-28397 0
15203 0
-32550 0
-30111 0
-31572 0
16402 0
-32604 0
23549 0
10498 0
-20481 0
-30495 0
-30162 0
18699 0
-32108 0
24195 0
20915 0
25020 0
12005 0
20076 0
-32481 0
-25591 0
-29559 0
32275 0
32155 0
16786 0
27359 0
-27801 0
-32443 0
-31479 0
12242 0
24704 0
-32020 0
-20481 0
-31485 0
-31289 0
-32115 0
-25307 0
-31502 0
-31443 0
26714 0
8715 0
24601 0
4453 0
31546 0
-31560 0
-29598 0
13930 0
-32273 0
29037 0
16380 0
24109 0
-25933 0
17282 0
-29049 0
22792 0
-31478 0
-20481 0
-20516 0
-20481 0
11467 0
26414 0
-28046 0
-29421 0
14740 0
-22997 0
24651 0
15174 0
17768 0
32662 0
-32313 0
-25504 0
-31752 0
-31839 0
4613 0
-31047 0
-28164 0
22911 0
26792 0
6957 0
-31447 0
-20481 0
16565 0
18419 0
9101 0
-28885 0
29988 0
-20481 0
-32052 0
-23947 0
27820 0
27567 0
-28792 0
26959 0
22498 0
-31412 0
6454 0
15035 0
9410 0
32580 0
-32381 0
-32681 0
27562 0
13136 0
28342 0
-30773 0
31750 0
-21584 0
2831 0
29449 0
-30490 0
29914 0
15982 0
-31719 0
-32536 0
21355 0
-32034 0
-27936 0
17130 0
7968 0
16955 0
-20481 0
-20481 0
27563 0
26342 0
19264 0
-31843 0
11851 0
-24014 0
-27259 0
-28577 0
-27097 0
-32539 0
-20481 0
24009 0
-20481 0
-32430 0
-24890 0
19344 0
-29302 0
-32293 0
-20481 0
19772 0
-20481 0
29157 0
-30319 0
-25318 0
-32204 0
15066 0
27552 0
31000 0
15861 0
32186 0
25971 0
30979 0
-25897 0
11704 0
-20481 0
-20979 0
29381 0
-32581 0
-20481 0
-20481 0
24876 0
-25783 0
24304 0
-20481 0
-31737 0
13316 0
31611 0
-25938 0
12806 0
-31861 0
-27462 0
18443 0
-31611 0
22803 0
17757 0
-31222 0
-22390 0
-21864 0
7660 0
-29144 0
-20481 0
-20481 0
-22894 0
-31919 0
19223 0
-27989 0
-31509 0
-31560 0
3823 0
24454 0
-20481 0
-31060 0
-20819 0
15691 0
-25995 0
14478 0
-32471 0
3684 0
23031 0
-26657 0
27787 0
-30776 0
7452 0
-32142 0
23853 0
7029 0
-26779 0
-32418 0
5975 0
-27881 0
-31739 0
29070 0
-31774 0
-25232 0
-32004 0
-32476 0
22398 0
10908 0
-20481 0
-31862 0
-25513 0
-27954 0
8323 0
-29413 0
-24186 0
-32611 0
14537 0
15189 0
24140 0
-20481 0
30796 0
-20481 0
8404 0
31070 0
20606 0
-27965 0
-24479 0
14954 0
-32556 0
-20481 0
18748 0
28361 0
-30768 0
16102 0
14676 0
20296 0
11428 0
-28372 0
27374 0
-26179 0
9163 0
27109 0
-27331 0
-32116 0
-27956 0
-20481 0
-32515 0
19776 0
19554 0
-20481 0
21275 0
-23105 0
-29266 0
-21168 0
-20481 0
14020 0
-22628 0
-28301 0
24310 0
-29231 0
-26188 0
-31892 0
-22774 0
8892 0
-29891 0
31246 0
-32168 0
13312 0
-30384 0
18765 0
15814 0
16274 0
14621 0
12461 0
-27339 0
-24301 0
-26609 0
-32575 0
20181 0
-22175 0
27857 0
15976 0
32583 0
-30342 0
-32697 0
-26564 0
-31870 0
-30586 0
-32407 0
-20481 0
-31360 0
29265 0
29813 0
21322 0
-20481 0
-24593 0
20402 0
-32262 0
-32035 0
19323 0
3541 0
-31223 0
-20481 0
-32091 0
-20481 0
-32373 0
-31345 0
-29591 0
26623 0
32556 0
19556 0
28644 0
-27095 0
-32551 0
-26663 0
-25585 0
-31919 0
-31669 0
23476 0
29941 0
-27530 0
-31321 0
-22265 0
-21346 0
21554 0
-21658 0
14047 0
28411 0
-20481 0
-22870 0
-30160 0
-20481 0
26110 0
-27721 0
-22428 0
-31511 0
-32550 0
26725 0
-31791 0
-32353 0
32405 0
7423 0
8480 0
25980 0
-20481 0
28640 0
-29462 0
25324 0
15801 0
-31752 0
29532 0
17145 0
-22993 0
-32712 0
27762 0
-22309 0
24855 0
21285 0
-30864 0
29111 0
-20481 0
-29487 0
32489 0
-22700 0
-27536 0
-30517 0
-29741 0
-31593 0
-22040 0
30124 0
22009 0
-32590 0
-24527 0
-32254 0
-31483 0
31522 0
-32019 0
23404 0
24449 0
-31820 0
-24537 0
28832 0
23028 0
29492 0
27964 0
18887 0
8624 0
-27831 0
8100 0
-24136 0
10083 0
-20481 0
-27872 0
-24892 0
8873 0
-20481 0
-25562 0
27122 0
-23847 0
-26352 0
25710 0
-22174 0
-22996 0
17049 0
6776 0
27998 0
31452 0
3308 0
27641 0
8543 0
-31864 0
-27655 0
-20481 0
-28878 0
31515 0
-24154 0
26221 0
14211 0
-32721 0
30540 0
28289 0
-26071 0
26376 0
-31675 0
-26756 0
-29081 0
15805 0
22732 0
29808 0
17066 0
-32633 0
19068 0
8172 0
23235 0
5913 0
31296 0
21731 0
-20481 0
-27380 0
-26565 0
-27514 0
-22823 0
-32699 0
29490 0
29760 0
-20481 0
-25925 0
-32750 0
31588 0
-24863 0
17447 0
-20965 0
17315 0
-31603 0
1664 0
-23208 0
13431 0
22721 0
21427 0
-30991 0
-32538 0
15618 0
22905 0
-30009 0
18725 0
19881 0
-30381 0
18106 0
-28043 0
-27748 0
-28841 0
-24919 0
20407 0
5790 0
8806 0
-28918 0
15528 0
-32146 0
22325 0
-32139 0
-26311 0
-32504 0
29559 0
26480 0
-31922 0
-32343 0
-25915 0
-31844 0
28687 0
24611 0
23654 0
22084 0
-28795 0
17581 0
-31924 0
25927 0
-24357 0
13538 0
-30443 0
19139 0
27203 0
12256 0
-20481 0
1298 0
-32430 0
14767 0
32610 0
-30247 0
27413 0
22979 0
-29516 0
24247 0
-30201 0
13190 0
-32079 0
-23779 0
-25164 0
2242 0
19917 0
21108 0
32550 0
-20481 0
-31079 0
17517 0
25067 0
23559 0
-23948 0
32737 0
-32755 0
-20759 0
18722 0
-24547 0
-31078 0
31457 0
-29354 0
5172 0
-21194 0
31280 0
16097 0
-27319 0
14170 0
8834 0
30687 0
23931 0
8661 0
-20481 0
-31588 0
-27073 0
21578 0
-27673 0
-31537 0
20190 0
-29856 0
-32597 0
14141 0
-22548 0
24644 0
-20481 0
-30242 0
17998 0
-28522 0
30548 0
8682 0
-20481 0
-20481 0
-32364 0
-20481 0
-32027 0
-21296 0
-32566 0
10661 0
-21775 0
24086 0
28533 0
31582 0
-24433 0
-26547 0
23117 0
27716 0
-32491 0
32160 0
12670 0
-29347 0
24020 0
-23817 0
-20875 0
16866 0
-20481 0
-20481 0
-31505 0
-31888 0
-28277 0
11339 0
-31872 0
-31477 0
11456 0
19521 0
-28952 0
28224 0
4743 0
-26826 0
-32136 0
-25523 0
27086 0
-30632 0
19565 0
-31581 0
-26511 0
12220 0
12409 0
-32574 0
19701 0
-28311 0
-23536 0
-20481 0
-31965 0
13417 0
26862 0
23279 0
23942 0
8991 0
-22898 0
29146 0
31828 0
-26860 0
-22155 0
12935 0
26119 0
-20481 0
-32341 0
-20481 0
12950 0
-31533 0
-27282 0
-21550 0
-29867 0
30555 0
9103 0
19802 0
-31586 0
-29092 0
30216 0
-32190 0
-32171 0
-31525 0
-32665 0
-20481 0
29045 0
-32726 0
-29970 0
28916 0
-31811 0
23683 0
18690 0
12720 0
-20481 0
-22828 0
14159 0
21100 0
-30945 0
-31566 0
-22785 0
-24271 0
-31892 0
-20481 0
31437 0
16669 0
-32044 0
10922 0
30418 0
30793 0
24024 0
30790 0
-31910 0
-20481 0
29849 0
-29085 0
28584 0
30443 0
-26198 0
12989 0
25689 0
23030 0
-32101 0
-24043 0
28913 0
23023 0
31178 0
-25327 0
6369 0
-32582 0
-27603 0
-31408 0
28642 0
28098 0
-31458 0
19851 0
29365 0
-32661 0
31163 0
23373 0
20094 0
30648 0
-29555 0
24690 0
20139 0
-22305 0
14260 0
31550 0
3446 0
21893 0
-26364 0
-20518 0
30021 0
23381 0
32274 0
23756 0
7864 0
-27547 0
-32619 0
30784 0
28741 0
27037 0
-30474 0
-26937 0
-28280 0
-20481 0
22704 0
-32286 0
-26576 0
-26794 0
-23624 0
-26139 0
-28635 0
-27180 0
20940 0
-31072 0
21269 0
-20481 0
-20920 0
-20481 0
-31417 0
-28064 0
-32566 0
-29266 0
18865 0
16754 0
17035 0
-31632 0
25669 0
-27709 0
25652 0
13151 0
24582 0
-21089 0
-20481 0
-31851 0
-31986 0
-32014 0
31742 0
10049 0
-30652 0
30109 0
9604 0
-32605 0
-30891 0
-20481 0
30625 0
30803 0
-26863 0
-32536 0
-20481 0
29009 0
14213 0
-32475 0
-31531 0
-22941 0
28015 0
-26536 0
17145 0
9989 0
29085 0
-32538 0
-24622 0
25042 0
6295 0
-32555 0
21320 0
-31543 0
-28812 0
16744 0
29721 0
31623 0
-31863 0
-20481 0
23975 0
-27176 0
12566 0
-23902 0
-32362 0
-32055 0
-26887 0
-28811 0
32290 0
-22971 0
-29653 0
-20481 0
3828 0
-31782 0
-23294 0
-31977 0
-20481 0
-21744 0
18719 0
16900 0
-20481 0
-32345 0
25913 0
31302 0
-32164 0
-31544 0
30569 0
13780 0
12943 0
8553 0
-28124 0
-28097 0
-29818 0
21280 0
-20481 0
30452 0
23185 0
-28281 0
-26272 0
32087 0
-20481 0
27846 0
-31066 0
-32415 0
-28789 0
-20481 0
-31875 0
-29580 0
-32073 0
21085 0
11362 0
-27155 0
-20481 0
-30721 0
-32041 0
19339 0
15889 0
16439 0
-29442 0
-27071 0
-20481 0
-31859 0
6845 0
13953 0
-23940 0
-29436 0
-32485 0
-31993 0
-24926 0
-30010 0
27453 0
6091 0
-27572 0
-28218 0
17891 0
-27304 0
-20481 0
-20481 0
-31788 0
2349 0
-30667 0
19306 0
-32213 0
30394 0
24251 0
32689 0
11573 0
-31683 0
-26616 0
23590 0
-29207 0
26727 0
23964 0
21683 0
-31345 0
-26482 0
-31881 0
16287 0
26224 0
-29490 0
-27210 0
-20481 0
24644 0
12730 0
28605 0
-31270 0
19376 0
15933 0
20600 0
-26301 0
-21422 0
15711 0
29016 0
-22568 0
23825 0
-31851 0
-31930 0
32102 0
-32671 0
24597 0
-32690 0
26212 0
-29679 0
-24955 0
-32440 0
10851 0
32166 0
-29457 0
28471 0
-22856 0
-27896 0
32216 0
15709 0
-30768 0
23315 0
-32592 0
25473 0
-20481 0
16580 0
-32707 0
-26090 0
14842 0
29326 0
-26027 0
12632 0
-20481 0
-31794 0
22161 0
-31833 0
26648 0
-26701 0
5347 0
-31825 0
-21481 0
13751 0
-20481 0
-20481 0
32127 0
4884 0
25613 0
26825 0
-32473 0
28041 0
25250 0
-25062 0
31016 0
12954 0
19325 0
-20481 0
21393 0
9391 0
4948 0
24459 0
-27753 0
17186 0
11624 0
10539 0
22370 0
-32120 0
4081 0
-28388 0
21935 0
23741 0
-21431 0
-31412 0
24585 0
-24368 0
15906 0
22751 0
-23623 0
-20481 0
22406 0
29018 0
7971 0
-27870 0
32289 0
23136 0
-28717 0
-20481 0
7365 0
12997 0
-29133 0
-27664 0
-20481 0
-23010 0
6928 0
-25014 0
-28267 0
28203 0
-32279 0
-32554 0
-32587 0
-20978 0
-30937 0
-20481 0
-29326 0
-29481 0
-23154 0
22118 0
-20481 0
12091 0
31409 0
11765 0
-32716 0
-20481 0
22830 0
-31522 0
-26041 0
4621 0
-32656 0
12609 0
-29384 0
7045 0
-20481 0
31814 0
-28473 0
-20481 0
15036 0
-20481 0
-22576 0
-32610 0
-25005 0
30954 0
-25607 0
-32250 0
18508 0
7627 0
-26181 0
-32471 0
23755 0
-28571 0
-22027 0
15375 0
-31475 0
-25464 0
26381 0
-32306 0
-23933 0
29295 0
-28158 0
31394 0
17767 0
11430 0
-31700 0
-21057 0
-20481 0
10894 0
30067 0
-20481 0
30392 0
-27094 0
14650 0
-30356 0
-28810 0
20136 0
-28596 0
-32445 0
-24242 0
19510 0
-28131 0
6650 0
-27571 0
20382 0
8022 0
-20481 0
-31423 0
31911 0
15883 0
21768 0
-31617 0
-20481 0
24213 0
19999 0
16042 0
-20481 0
-30055 0
24278 0
13285 0
17947 0
-30815 0
10821 0
10392 0
-32436 0
26155 0
21502 0
12107 0
28989 0
-32690 0
-32612 0
24869 0
-31297 0
15346 0
11112 0
-32142 0
28212 0
-32093 0
-28968 0
-25527 0
-25270 0
-24986 0
28208 0
24223 0
17957 0
-30042 0
-27108 0
-29629 0
30998 0
-21334 0
4055 0
28072 0
12216 0
-20481 0
-31705 0
-25832 0
9623 0
-29522 0
-21729 0
17557 0
20421 0
-24064 0
22467 0
23541 0
14311 0
28230 0
9498 0
21742 0
26056 0
12423 0
28348 0
-31598 0
-20481 0
10365 0
30761 0
-32633 0
-25875 0
22600 0
25310 0
1954 0
-31616 0
-30688 0
-25782 0
-31879 0
-28591 0
-30486 0
-32052 0
9587 0
-32433 0
18739 0
30961 0
-20481 0
-31508 0
21288 0
7172 0
-24743 0
-32155 0
2883 0
-32039 0
21336 0
14429 0
-32182 0
21303 0
-22930 0
-28474 0
-32105 0
5503 0
8794 0
-21647 0
29934 0
32037 0
-26289 0
13842 0
7337 0
22097 0
-26082 0
21047 0
-21848 0
-20481 0
24853 0
14137 0
19052 0
12957 0
-23912 0
-24130 0
15552 0
15052 0
17259 0
9258 0
22643 0
-20481 0
7096 0
25557 0
-30028 0
-31655 0
26312 0
25234 0
-29521 0
32188 0
27172 0
-30753 0
25995 0
26333 0
-27661 0
23655 0
15795 0
-28989 0
18448 0
-23626 0
9807 0
-32004 0
30633 0
-30405 0
9535 0
-20481 0
-29061 0
30180 0
32242 0
23579 0
22442 0
-32126 0
7686 0
5975 0
-28797 0
-31662 0
23087 0
-28498 0
3869 0
9941 0
21584 0
15194 0
27868 0
-32472 0
20013 0
16373 0
28137 0
3987 0
8167 0
27137 0
-32132 0
-24253 0
19906 0
-20481 0
-32433 0
-20481 0
-20481 0
-31732 0
-26678 0
21216 0
-24326 0
-32054 0
23762 0
29074 0
-27408 0
25544 0
27677 0
19218 0
-29532 0
12820 0
19489 0
-25238 0
-28459 0
26606 0
10418 0
10934 0
29914 0
-27939 0
4864 0
18523 0
10763 0
23104 0
-20481 0
30273 0
-31515 0
10064 0
-22645 0
-31746 0
-27190 0
-20481 0
31368 0
-24224 0
-28064 0
-32551 0
2138 0
28978 0
-29248 0
-22623 0
-30678 0
10889 0
-20934 0
21269 0
-25684 0
24157 0
16861 0
-26860 0
-32384 0
-25315 0
-21742 0
-25921 0
-20481 0
21747 0
-29619 0
-32327 0
-21480 0
-32421 0
31110 0
23648 0
17308 0
7837 0
20765 0
26202 0
29962 0
-32501 0
24729 0
-31465 0
15057 0
7884 0
12798 0
-28837 0
29394 0
-22285 0
28373 0
-20962 0
-29634 0
21053 0
31438 0
-30809 0
-32528 0
27693 0
10828 0
16653 0
30827 0
31249 0
29804 0
-28983 0
18912 0
-29900 0
-24070 0
-29283 0
31847 0
-31819 0
30768 0
-27004 0
16649 0
23361 0
-27753 0
-32723 0
-32044 0
-25501 0
-30930 0
26870 0
-26266 0
-32609 0
-20481 0
-29877 0
19229 0
-32006 0
29058 0
29430 0
-27581 0
22061 0
17922 0
-21655 0
17423 0
23782 0
6415 0
18557 0
-32262 0
-31719 0
9065 0
-28529 0
-20481 0
-28408 0
-32659 0
-20481 0
-31540 0
28607 0
-25462 0
-20481 0
-20481 0
25714 0
24016 0
-24690 0
6422 0
21197 0
14215 0
605 0
27210 0
11765 0
-20481 0
-24877 0
-29111 0
7132 0
-20481 0
-32507 0
32207 0
20646 0
-32536 0
9428 0
23250 0
31369 0
7184 0
25437 0
-32523 0
11028 0
10241 0
27555 0
-31444 0
28914 0
15314 0
-29210 0
-29466 0
-32523 0
15999 0
14062 0
-24451 0
-30558 0
-32383 0
-24761 0
15132 0
-32443 0
21973 0
32498 0
-29912 0
7500 0
11679 0
-24611 0
-25259 0
30617 0
20046 0
-26756 0
-31722 0
-32715 0
-29596 0
-24732 0
22584 0
-31801 0
-29264 0
-27238 0
-27238 0
-32688 0
12567 0
21858 0
-31662 0
-23796 0
-31309 0
23429 0
-31691 0
26786 0
-26820 0
25680 0
11388 0
25780 0
6859 0
-32366 0
-23501 0
-20481 0
-20481 0
-31232 0
-32367 0
-28546 0
7363 0
-28762 0
32674 0
-28416 0
13648 0
-25772 0
7175 0
28082 0
-20481 0
-26042 0
-26981 0
-23388 0
24547 0
4527 0
-32649 0
31409 0
-21338 0
-26413 0
11099 0
10374 0
-31865 0
32702 0
-32417 0
-28532 0
28980 0
15342 0
13843 0
29722 0
-31483 0
15256 0
28759 0
30260 0
32586 0
22947 0
11134 0
-23244 0
19750 0
30561 0
10916 0
-27095 0
-20595 0
16580 0
-32753 0
-25376 0
15351 0
27125 0
15011 0
29425 0
21764 0
13469 0
-32430 0
29947 0
22490 0
-30164 0
-32066 0
-31426 0
-21371 0
26533 0
28648 0
15947 0
28182 0
-27197 0
27926 0
-32172 0
19852 0
13279 0
-31632 0
12008 0
-29741 0
-20481 0
-23308 0
5467 0
19776 0
30588 0
27228 0
32084 0
24419 0
-28326 0
-20481 0
20759 0
27085 0
25852 0
-22565 0
-20776 0
30249 0
-26325 0
11602 0
-32692 0
-21108 0
22284 0
-31361 0
-22479 0
27371 0
-31010 0
20028 0
25940 0
32764 0
5745 0
2511 0
13513 0
26440 0
-24717 0
-32056 0
-30316 0
13669 0
24970 0
-30732 0
11890 0
-29856 0
-32371 0
-32019 0
25416 0
-31888 0
-23829 0
20416 0
12338 0
-31512 0
27631 0
32283 0
-29345 0
-26070 0
19652 0
-25107 0
-32308 0
20499 0
-31219 0
-30854 0
-20481 0
-28153 0
31493 0
8954 0
17558 0
10807 0
-31588 0
-31863 0
10005 0
-20481 0
-29605 0
6165 0
15133 0
-27378 0
5092 0
27565 0
24241 0
-32194 0
-30088 0
18330 0
-31013 0
-31900 0
15291 0
26198 0
-26554 0
-31645 0
-20481 0
28099 0
29449 0
-25930 0
-32599 0
-32609 0
-30873 0
18383 0
-32517 0
-25844 0
-31836 0
-26160 0
20930 0
-20481 0
-20481 0
15434 0
-32730 0
-32213 0
-25825 0
15424 0
14651 0
31579 0
-26726 0
21111 0
-29696 0
-30010 0
28448 0
15833 0
-20481 0
-31895 0
-28319 0
23694 0
23690 0
21040 0
9769 0
19374 0
17399 0
27614 0
4217 0
28068 0
23780 0
-31810 0
-21656 0
23251 0
29123 0
26328 0
20242 0
-20481 0
-27679 0
-20481 0
-20481 0
-31469 0
5973 0
11166 0
23338 0
-32652 0
-32584 0
16395 0
-26599 0
20992 0
7252 0
31946 0
24044 0
-24722 0
22751 0
-25476 0
-20481 0
-20481 0
24028 0
-31428 0
30771 0
10674 0
10035 0
10165 0
-24629 0
-32597 0
22214 0
29224 0
-32258 0
-31604 0
-20481 0
-32551 0
-29062 0
-32020 0
7319 0
-28602 0
-29547 0
13978 0
-20481 0
-30561 0
-24252 0
-32299 0
19748 0
13090 0
17897 0
16095 0
8931 0
-28083 0
-22758 0
-32545 0
-32164 0
-31709 0
17275 0
-32549 0
-29767 0
-31621 0
12428 0
-31895 0
-31611 0
-21500 0
-22207 0
-31793 0
-32079 0
18329 0
-31529 0
-32548 0
27300 0
-27413 0
-31967 0
-25257 0
-20481 0
-31883 0
-20481 0
-20481 0
-32326 0
19048 0
29610 0
17562 0
18297 0
22708 0
19841 0
20086 0
-30902 0
27518 0
18800 0
-20481 0
26269 0
-26327 0
-32743 0
-28709 0
3327 0
23145 0
27356 0
-30005 0
26385 0
15193 0
31646 0
-22641 0
-25197 0
-20481 0
25688 0
23433 0
-27247 0
-30652 0
20721 0
27989 0
-32582 0
-20481 0
-30512 0
-29399 0
21718 0
-25138 0
-27433 0
30229 0
7668 0
-32479 0
7644 0
18133 0
-32136 0
-32081 0
4009 0
22725 0
-27966 0
-20481 0
17359 0
-30718 0
-31655 0
-20481 0
8019 0
20859 0
-31301 0
-31428 0
-32733 0
-32475 0
-32612 0
-21139 0
4968 0
24673 0
-31033 0
29038 0
30107 0
2474 0
27022 0
18587 0
-30889 0
-28290 0
-31727 0
31645 0
-20481 0
-28450 0
28144 0
-32274 0
17397 0
-23780 0
-21444 0
-29475 0
28291 0
10619 0
9939 0
28187 0
16123 0
20479 0
-32215 0
28374 0
-25340 0
-28617 0
-30517 0
-27528 0
-29807 0
-31893 0
-24609 0
30267 0
16906 0
27006 0
-32082 0
28702 0
-31743 0
21016 0
-20481 0
15795 0
-31404 0
-23680 0
22714 0
16169 0
-21202 0
-32734 0
25921 0
15887 0
30173 0
-28853 0
-32332 0
-20658 0
-31708 0
20540 0
-22275 0
12822 0
-25242 0
-32586 0
29034 0
-26486 0
23164 0
30110 0
11172 0
-28851 0
-31686 0
23853 0
9969 0
-27634 0
32419 0
30720 0
-31573 0
-20481 0
32131 0
-23349 0
-20481 0
4559 0
-31054 0
8233 0
11336 0
26684 0
29209 0
-29054 0
-32614 0
29474 0
22431 0
32004 0
-25393 0
-22427 0
-20481 0
-20481 0
14306 0
10896 0
9269 0
32667 0
-30047 0
32384 0
-22774 0
25684 0
22891 0
17803 0
-23955 0
19254 0
20067 0
20310 0
9318 0
-32503 0
27059 0
31605 0
18367 0
24563 0
-31916 0
31337 0
17937 0
-31590 0
7529 0
-31921 0
19709 0
32072 0
-32588 0
-26313 0
17819 0
-32594 0
-26137 0
10924 0
25447 0
-23957 0
14678 0
-26247 0
-31423 0
17691 0
-31853 0
-27422 0
-32757 0
6295 0
18987 0
-20979 0
25687 0
24672 0
-22883 0
-26900 0
-20528 0
-32705 0
-25813 0
15155 0
24977 0
12180 0
-20481 0
32316 0
10411 0
-20481 0
17461 0
-31377 0
-32447 0
5731 0
-31010 0
18809 0
-31455 0
22957 0
-26869 0
-29681 0
-23379 0
-27361 0
-29694 0
30390 0
23045 0
-31536 0
-20481 0
-26493 0
-32300 0
28376 0
-20481 0
21270 0
-29161 0
-20481 0
20667 0
-27182 0
-21302 0
-31379 0
-25887 0
20750 0
23083 0
-32647 0
-28929 0
7469 0
14722 0
24437 0
20042 0
22457 0
-20481 0
-23309 0
18717 0
-32485 0
-31674 0
16941 0
21835 0
-32394 0
-26759 0
20085 0
24278 0
-20481 0
-31947 0
28346 0
23143 0
10891 0
-32703 0
-20481 0
-32669 0
-20481 0
-20481 0
-20481 0
-31774 0
-20951 0
15022 0
-20481 0
27371 0
-31723 0
-32525 0
25663 0
-32333 0
25550 0
-31565 0
-20481 0
17072 0
-22025 0
-20481 0
-31534 0
13995 0
15342 0
-32249 0
-32433 0
8687 0
27637 0
21278 0
23147 0
-23575 0
-31212 0
24010 0
13591 0
-32636 0
23696 0
-28533 0
-20481 0
-32545 0
-31851 0
349 0
-31817 0
28128 0
24742 0
-29628 0
16916 0
25155 0
25790 0
-20481 0
-31819 0
32560 0
-24947 0
26770 0
-28207 0
12817 0
-31984 0
5788 0
24091 0
-26686 0
18149 0
27449 0
-32198 0
21439 0
30776 0
-32678 0
11205 0
-32091 0
-31834 0
6068 0
-31853 0
4364 0
-31592 0
25723 0
29735 0
12485 0
-32462 0
-25729 0
25826 0
20070 0
19789 0
32290 0
-23596 0
-21722 0
-31976 0
-30220 0
-31443 0
30107 0
-22882 0
-32436 0
29670 0
11802 0
27594 0
24151 0
17020 0
10143 0
31770 0
-28868 0
-23110 0
-24479 0
-31469 0
29907 0
-31358 0
24198 0
8930 0
15162 0
13900 0
20190 0
8642 0
31910 0
26239 0
27858 0
22345 0
-26339 0
-31646 0
13634 0
28495 0
16262 0
-22649 0
-32552 0
-31990 0
-32112 0
-20572 0
32045 0
25092 0
-32217 0
-32644 0
17696 0
-27454 0
-32543 0
-29038 0
-23535 0
-20481 0
-32195 0
-21628 0
-32574 0
-20481 0
28906 0
-30606 0
-30328 0
-32389 0
10424 0
-30948 0
-32273 0
-20481 0
-32435 0
19986 0
-31508 0
-31488 0
19700 0
-26963 0
-20481 0
21110 0
-26038 0
2507 0
3803 0
-20481 0
-29316 0
22275 0
8288 0
-32140 0
-22917 0
15220 0
-31281 0
16891 0
-31580 0
-32399 0
23162 0
3551 0
-32363 0
-32462 0
14002 0
-32632 0
9352 0
5749 0
-32487 0
18529 0
-23055 0
-31557 0
14989 0
23260 0
-32274 0
19815 0
21506 0
-32613 0
-31226 0
27740 0
7517 0
15803 0
22997 0
24283 0
18835 0
11587 0
29097 0
21084 0
21712 0
31063 0
31844 0
-20481 0
23727 0
-30251 0
32722 0
18852 0
-30405 0
-31682 0
28793 0
27771 0
31900 0
-25202 0
-27185 0
9440 0
26132 0
-26576 0
30522 0
11249 0
12482 0
-26370 0
-30362 0
26331 0
30312 0
-24104 0
25897 0
-26114 0
9339 0
-30751 0
-32383 0
-30602 0
-21557 0
30502 0
-32291 0
11184 0
-29774 0
24626 0
29283 0
8931 0
18232 0
-28318 0
22322 0
-31955 0
-28325 0
-26962 0
17492 0
-32422 0
7364 0
18442 0
17829 0
27518 0
-31366 0
-20481 0
20792 0
23096 0
28417 0
-25889 0
10294 0
9879 0
23358 0
28837 0
15433 0
32156 0
13812 0
16642 0
-28253 0
26712 0
18059 0
-30638 0
-30528 0
-28167 0
-31956 0
-28279 0
17393 0
26053 0
-31880 0
27210 0
-32459 0
20973 0
9005 0
-32018 0
15155 0
-31639 0
-30286 0
12907 0
-32476 0
9169 0
23648 0
-32582 0
5200 0
27036 0
17424 0
2307 0
23845 0
-22029 0
-24177 0
-26764 0
7683 0
-25190 0
25940 0
19770 0
-29748 0
3415 0
-32116 0
16501 0
8595 0
-20481 0
-31438 0
27512 0
-31516 0
10872 0
18419 0
-31420 0
20015 0
26598 0
-24943 0
-27014 0
27306 0
31495 0
-32607 0
20087 0
22975 0
13615 0
32271 0
-31559 0
-31509 0
26099 0
-20481 0
19872 0
-20481 0
-29699 0
12761 0
30443 0
26739 0
-32670 0
-27058 0
31063 0
-26750 0
-28233 0
16525 0
32141 0
-31836 0
-20481 0
26866 0
12346 0
-27221 0
13936 0
-25048 0
24443 0
17642 0
-32128 0
-26718 0
18285 0
-31537 0
19879 0
23796 0
-32084 0
-28714 0
25826 0
12503 0
26039 0
28329 0
-22977 0
15249 0
29541 0
12774 0
16351 0
-24101 0
17087 0
29538 0
-31481 0
-20481 0
-22062 0
-28641 0
28565 0
24161 0
-21076 0
26257 0
-25771 0
29690 0
31956 0
27065 0
32743 0
-23381 0
-29128 0
-28561 0
-32562 0
-20481 0
-20481 0
-20481 0
29607 0
25357 0
-20526 0
27876 0
9955 0
-20481 0
-22807 0
-26511 0
-20481 0
-25262 0
12777 0
24850 0
22541 0
-27802 0
10392 0
-20481 0
23824 0
16771 0
-28734 0
-32532 0
13590 0
-32278 0
-25358 0
12307 0
-31435 0
-32195 0
-23939 0
-25362 0
-28525 0
8179 0
19204 0
-25785 0
-27950 0
-23947 0
-21305 0
-29875 0
-22478 0
7384 0
16857 0
-32537 0
-20481 0
-25544 0
-27034 0
-20481 0
-32003 0
9658 0
16077 0
22759 0
-27337 0
-31833 0
24947 0
26083 0
-20481 0
1376 0
15883 0
22704 0
-26511 0
20889 0
-23570 0
-30257 0
18684 0
7241 0
-24560 0
28543 0
21094 0
-32408 0
30542 0
-32003 0
14171 0
10376 0
-23836 0
31334 0
27381 0
29855 0
-28416 0
25276 0
-30721 0
-26925 0
-26513 0
-24660 0
-29858 0
-24846 0
26806 0
22918 0
30932 0
-32113 0
6484 0
-32472 0
-31999 0
17899 0
-32761 0
-20481 0
-22553 0
18941 0
24451 0
32026 0
16789 0
-26269 0
-32643 0
-31609 0
-22277 0
28653 0
28837 0
31981 0
-20481 0
29280 0
13346 0
-31478 0
22893 0
27879 0
-30678 0
9998 0
24381 0
-20481 0
30393 0
-28875 0
25599 0
3910 0
30664 0
-26282 0
12925 0
-27650 0
30944 0
-22021 0
-24478 0
26932 0
-28704 0
-27117 0
24734 0
-28499 0
-28620 0
16138 0
-31149 0
-31697 0
-32714 0
-29293 0
-28655 0
16825 0
-26945 0
-32441 0
27324 0
8615 0
22361 0
29146 0
-20481 0
-20481 0
18130 0
-31611 0
-27413 0
-20926 0
12493 0
-31161 0
-28912 0
6997 0
11201 0
14597 0
32270 0
