8388607.0 0.0
8388450.0 -51472.0
8387976.0 -102941.0
8387187.0 -154407.0
8386082.0 -205867.0
8384660.0 -257319.0
8382924.0 -308761.0
8380871.0 -360192.0
8378504.0 -411609.0
8375820.0 -463011.0
8372822.0 -514396.0
8369508.0 -565761.0
8365879.0 -617104.0
8361935.0 -668425.0
8357676.0 -719720.0
8353102.0 -770988.0
8348215.0 -822227.0
8343012.0 -873436.0
8337496.0 -924611.0
8331666.0 -975751.0
8325522.0 -1026855.0
8319064.0 -1077920.0
8312294.0 -1128945.0
8305210.0 -1179927.0
8297814.0 -1230864.0
8290105.0 -1281756.0
8282085.0 -1332599.0
8273752.0 -1383392.0
8265108.0 -1434132.0
8256153.0 -1484819.0
8246887.0 -1535450.0
8237310.0 -1586023.0
8227423.0 -1636536.0
8217227.0 -1686988.0
8206721.0 -1737376.0
8195906.0 -1787699.0
8184783.0 -1837954.0
8173351.0 -1888141.0
8161612.0 -1938256.0
8149565.0 -1988298.0
8137212.0 -2038265.0
8124552.0 -2088156.0
8111587.0 -2137968.0
8098316.0 -2187700.0
8084740.0 -2237349.0
8070859.0 -2286914.0
8056675.0 -2336392.0
8042188.0 -2385783.0
8027397.0 -2435084.0
8012305.0 -2484294.0
7996911.0 -2533410.0
7981215.0 -2582430.0
7965220.0 -2631353.0
7948924.0 -2680177.0
7932329.0 -2728901.0
7915436.0 -2777521.0
7898244.0 -2826037.0
7880755.0 -2874446.0
7862970.0 -2922748.0
7844888.0 -2970939.0
7826511.0 -3019018.0
7807839.0 -3066984.0
7788874.0 -3114834.0
7769615.0 -3162567.0
7750063.0 -3210181.0
7730220.0 -3257674.0
7710086.0 -3305045.0
7689661.0 -3352291.0
7668947.0 -3399411.0
7647945.0 -3446402.0
7626654.0 -3493264.0
7605076.0 -3539995.0
7583212.0 -3586592.0
7561062.0 -3633054.0
7538628.0 -3679380.0
7515910.0 -3725567.0
7492909.0 -3771613.0
7469625.0 -3817518.0
7446061.0 -3863279.0
7422216.0 -3908894.0
7398092.0 -3954362.0
7373689.0 -3999682.0
7349009.0 -4044851.0
7324052.0 -4089867.0
7298819.0 -4134730.0
7273311.0 -4179437.0
7247530.0 -4223986.0
7221475.0 -4268377.0
7195149.0 -4312606.0
7168552.0 -4356674.0
7141685.0 -4400577.0
7114549.0 -4444315.0
7087145.0 -4487885.0
7059475.0 -4531287.0
7031538.0 -4574518.0
7003337.0 -4617576.0
6974873.0 -4660461.0
6946145.0 -4703170.0
6917156.0 -4745702.0
6887907.0 -4788056.0
6858399.0 -4830229.0
6828632.0 -4872221.0
6798608.0 -4914029.0
6768328.0 -4955652.0
6737793.0 -4997088.0
6707005.0 -5038336.0
6675964.0 -5079395.0
6644672.0 -5120262.0
6613129.0 -5160937.0
6581338.0 -5201417.0
6549299.0 -5241701.0
6517013.0 -5281788.0
6484482.0 -5321677.0
6451706.0 -5361364.0
6418688.0 -5400850.0
6385428.0 -5440133.0
6351928.0 -5479211.0
6318189.0 -5518082.0
6284212.0 -5556746.0
6249998.0 -5595201.0
6215549.0 -5633445.0
6180865.0 -5671477.0
6145949.0 -5709295.0
6110802.0 -5746898.0
6075425.0 -5784285.0
6039819.0 -5821455.0
6003985.0 -5858405.0
5967926.0 -5895134.0
5931642.0 -5931642.0
5895134.0 -5967926.0
5858405.0 -6003985.0
5821455.0 -6039819.0
5784285.0 -6075425.0
5746898.0 -6110802.0
5709295.0 -6145949.0
5671477.0 -6180865.0
5633445.0 -6215549.0
5595201.0 -6249998.0
5556746.0 -6284212.0
5518082.0 -6318189.0
5479211.0 -6351928.0
5440133.0 -6385428.0
5400850.0 -6418688.0
5361364.0 -6451706.0
5321677.0 -6484482.0
5281788.0 -6517013.0
5241701.0 -6549299.0
5201417.0 -6581338.0
5160937.0 -6613129.0
5120262.0 -6644672.0
5079395.0 -6675964.0
5038336.0 -6707005.0
4997088.0 -6737793.0
4955652.0 -6768328.0
4914029.0 -6798608.0
4872221.0 -6828632.0
4830229.0 -6858399.0
4788056.0 -6887907.0
4745702.0 -6917156.0
4703170.0 -6946145.0
4660461.0 -6974873.0
4617576.0 -7003337.0
4574518.0 -7031538.0
4531287.0 -7059475.0
4487885.0 -7087145.0
4444315.0 -7114549.0
4400577.0 -7141685.0
4356674.0 -7168552.0
4312606.0 -7195149.0
4268377.0 -7221475.0
4223986.0 -7247530.0
4179437.0 -7273311.0
4134730.0 -7298819.0
4089867.0 -7324052.0
4044851.0 -7349009.0
3999682.0 -7373689.0
3954362.0 -7398092.0
3908894.0 -7422216.0
3863279.0 -7446061.0
3817518.0 -7469625.0
3771613.0 -7492909.0
3725567.0 -7515910.0
3679380.0 -7538628.0
3633054.0 -7561062.0
3586592.0 -7583212.0
3539995.0 -7605076.0
3493264.0 -7626654.0
3446402.0 -7647945.0
3399411.0 -7668947.0
3352291.0 -7689661.0
3305045.0 -7710086.0
3257674.0 -7730220.0
3210181.0 -7750063.0
3162567.0 -7769615.0
3114834.0 -7788874.0
3066984.0 -7807839.0
3019018.0 -7826511.0
2970939.0 -7844888.0
2922748.0 -7862970.0
2874446.0 -7880755.0
2826037.0 -7898244.0
2777521.0 -7915436.0
2728901.0 -7932329.0
2680177.0 -7948924.0
2631353.0 -7965220.0
2582430.0 -7981215.0
2533410.0 -7996911.0
2484294.0 -8012305.0
2435084.0 -8027397.0
2385783.0 -8042188.0
2336392.0 -8056675.0
2286914.0 -8070859.0
2237349.0 -8084740.0
2187700.0 -8098316.0
2137968.0 -8111587.0
2088156.0 -8124552.0
2038265.0 -8137212.0
1988298.0 -8149565.0
1938256.0 -8161612.0
1888141.0 -8173351.0
1837954.0 -8184783.0
1787699.0 -8195906.0
1737376.0 -8206721.0
1686988.0 -8217227.0
1636536.0 -8227423.0
1586023.0 -8237310.0
1535450.0 -8246887.0
1484819.0 -8256153.0
1434132.0 -8265108.0
1383392.0 -8273752.0
1332599.0 -8282085.0
1281756.0 -8290105.0
1230864.0 -8297814.0
1179927.0 -8305210.0
1128945.0 -8312294.0
1077920.0 -8319064.0
1026855.0 -8325522.0
975751.0 -8331666.0
924611.0 -8337496.0
873436.0 -8343012.0
822227.0 -8348215.0
770988.0 -8353102.0
719720.0 -8357676.0
668425.0 -8361935.0
617104.0 -8365879.0
565761.0 -8369508.0
514396.0 -8372822.0
463011.0 -8375820.0
411609.0 -8378504.0
360192.0 -8380871.0
308761.0 -8382924.0
257319.0 -8384660.0
205867.0 -8386082.0
154407.0 -8387187.0
102941.0 -8387976.0
51472.0 -8388450.0
0.0 -8388607.0
-51472.0 -8388450.0
-102941.0 -8387976.0
-154407.0 -8387187.0
-205867.0 -8386082.0
-257319.0 -8384660.0
-308761.0 -8382924.0
-360192.0 -8380871.0
-411609.0 -8378504.0
-463011.0 -8375820.0
-514396.0 -8372822.0
-565761.0 -8369508.0
-617104.0 -8365879.0
-668425.0 -8361935.0
-719720.0 -8357676.0
-770988.0 -8353102.0
-822227.0 -8348215.0
-873436.0 -8343012.0
-924611.0 -8337496.0
-975751.0 -8331666.0
-1026855.0 -8325522.0
-1077920.0 -8319064.0
-1128945.0 -8312294.0
-1179927.0 -8305210.0
-1230864.0 -8297814.0
-1281756.0 -8290105.0
-1332599.0 -8282085.0
-1383392.0 -8273752.0
-1434132.0 -8265108.0
-1484819.0 -8256153.0
-1535450.0 -8246887.0
-1586023.0 -8237310.0
-1636536.0 -8227423.0
-1686988.0 -8217227.0
-1737376.0 -8206721.0
-1787699.0 -8195906.0
-1837954.0 -8184783.0
-1888141.0 -8173351.0
-1938256.0 -8161612.0
-1988298.0 -8149565.0
-2038265.0 -8137212.0
-2088156.0 -8124552.0
-2137968.0 -8111587.0
-2187700.0 -8098316.0
-2237349.0 -8084740.0
-2286914.0 -8070859.0
-2336392.0 -8056675.0
-2385783.0 -8042188.0
-2435084.0 -8027397.0
-2484294.0 -8012305.0
-2533410.0 -7996911.0
-2582430.0 -7981215.0
-2631353.0 -7965220.0
-2680177.0 -7948924.0
-2728901.0 -7932329.0
-2777521.0 -7915436.0
-2826037.0 -7898244.0
-2874446.0 -7880755.0
-2922748.0 -7862970.0
-2970939.0 -7844888.0
-3019018.0 -7826511.0
-3066984.0 -7807839.0
-3114834.0 -7788874.0
-3162567.0 -7769615.0
-3210181.0 -7750063.0
-3257674.0 -7730220.0
-3305045.0 -7710086.0
-3352291.0 -7689661.0
-3399411.0 -7668947.0
-3446402.0 -7647945.0
-3493264.0 -7626654.0
-3539995.0 -7605076.0
-3586592.0 -7583212.0
-3633054.0 -7561062.0
-3679380.0 -7538628.0
-3725567.0 -7515910.0
-3771613.0 -7492909.0
-3817518.0 -7469625.0
-3863279.0 -7446061.0
-3908894.0 -7422216.0
-3954362.0 -7398092.0
-3999682.0 -7373689.0
-4044851.0 -7349009.0
-4089867.0 -7324052.0
-4134730.0 -7298819.0
-4179437.0 -7273311.0
-4223986.0 -7247530.0
-4268377.0 -7221475.0
-4312606.0 -7195149.0
-4356674.0 -7168552.0
-4400577.0 -7141685.0
-4444315.0 -7114549.0
-4487885.0 -7087145.0
-4531287.0 -7059475.0
-4574518.0 -7031538.0
-4617576.0 -7003337.0
-4660461.0 -6974873.0
-4703170.0 -6946145.0
-4745702.0 -6917156.0
-4788056.0 -6887907.0
-4830229.0 -6858399.0
-4872221.0 -6828632.0
-4914029.0 -6798608.0
-4955652.0 -6768328.0
-4997088.0 -6737793.0
-5038336.0 -6707005.0
-5079395.0 -6675964.0
-5120262.0 -6644672.0
-5160937.0 -6613129.0
-5201417.0 -6581338.0
-5241701.0 -6549299.0
-5281788.0 -6517013.0
-5321677.0 -6484482.0
-5361364.0 -6451706.0
-5400850.0 -6418688.0
-5440133.0 -6385428.0
-5479211.0 -6351928.0
-5518082.0 -6318189.0
-5556746.0 -6284212.0
-5595201.0 -6249998.0
-5633445.0 -6215549.0
-5671477.0 -6180865.0
-5709295.0 -6145949.0
-5746898.0 -6110802.0
-5784285.0 -6075425.0
-5821455.0 -6039819.0
-5858405.0 -6003985.0
-5895134.0 -5967926.0
-5931642.0 -5931642.0
-5967926.0 -5895134.0
-6003985.0 -5858405.0
-6039819.0 -5821455.0
-6075425.0 -5784285.0
-6110802.0 -5746898.0
-6145949.0 -5709295.0
-6180865.0 -5671477.0
-6215549.0 -5633445.0
-6249998.0 -5595201.0
-6284212.0 -5556746.0
-6318189.0 -5518082.0
-6351928.0 -5479211.0
-6385428.0 -5440133.0
-6418688.0 -5400850.0
-6451706.0 -5361364.0
-6484482.0 -5321677.0
-6517013.0 -5281788.0
-6549299.0 -5241701.0
-6581338.0 -5201417.0
-6613129.0 -5160937.0
-6644672.0 -5120262.0
-6675964.0 -5079395.0
-6707005.0 -5038336.0
-6737793.0 -4997088.0
-6768328.0 -4955652.0
-6798608.0 -4914029.0
-6828632.0 -4872221.0
-6858399.0 -4830229.0
-6887907.0 -4788056.0
-6917156.0 -4745702.0
-6946145.0 -4703170.0
-6974873.0 -4660461.0
-7003337.0 -4617576.0
-7031538.0 -4574518.0
-7059475.0 -4531287.0
-7087145.0 -4487885.0
-7114549.0 -4444315.0
-7141685.0 -4400577.0
-7168552.0 -4356674.0
-7195149.0 -4312606.0
-7221475.0 -4268377.0
-7247530.0 -4223986.0
-7273311.0 -4179437.0
-7298819.0 -4134730.0
-7324052.0 -4089867.0
-7349009.0 -4044851.0
-7373689.0 -3999682.0
-7398092.0 -3954362.0
-7422216.0 -3908894.0
-7446061.0 -3863279.0
-7469625.0 -3817518.0
-7492909.0 -3771613.0
-7515910.0 -3725567.0
-7538628.0 -3679380.0
-7561062.0 -3633054.0
-7583212.0 -3586592.0
-7605076.0 -3539995.0
-7626654.0 -3493264.0
-7647945.0 -3446402.0
-7668947.0 -3399411.0
-7689661.0 -3352291.0
-7710086.0 -3305045.0
-7730220.0 -3257674.0
-7750063.0 -3210181.0
-7769615.0 -3162567.0
-7788874.0 -3114834.0
-7807839.0 -3066984.0
-7826511.0 -3019018.0
-7844888.0 -2970939.0
-7862970.0 -2922748.0
-7880755.0 -2874446.0
-7898244.0 -2826037.0
-7915436.0 -2777521.0
-7932329.0 -2728901.0
-7948924.0 -2680177.0
-7965220.0 -2631353.0
-7981215.0 -2582430.0
-7996911.0 -2533410.0
-8012305.0 -2484294.0
-8027397.0 -2435084.0
-8042188.0 -2385783.0
-8056675.0 -2336392.0
-8070859.0 -2286914.0
-8084740.0 -2237349.0
-8098316.0 -2187700.0
-8111587.0 -2137968.0
-8124552.0 -2088156.0
-8137212.0 -2038265.0
-8149565.0 -1988298.0
-8161612.0 -1938256.0
-8173351.0 -1888141.0
-8184783.0 -1837954.0
-8195906.0 -1787699.0
-8206721.0 -1737376.0
-8217227.0 -1686988.0
-8227423.0 -1636536.0
-8237310.0 -1586023.0
-8246887.0 -1535450.0
-8256153.0 -1484819.0
-8265108.0 -1434132.0
-8273752.0 -1383392.0
-8282085.0 -1332599.0
-8290105.0 -1281756.0
-8297814.0 -1230864.0
-8305210.0 -1179927.0
-8312294.0 -1128945.0
-8319064.0 -1077920.0
-8325522.0 -1026855.0
-8331666.0 -975751.0
-8337496.0 -924611.0
-8343012.0 -873436.0
-8348215.0 -822227.0
-8353102.0 -770988.0
-8357676.0 -719720.0
-8361935.0 -668425.0
-8365879.0 -617104.0
-8369508.0 -565761.0
-8372822.0 -514396.0
-8375820.0 -463011.0
-8378504.0 -411609.0
-8380871.0 -360192.0
-8382924.0 -308761.0
-8384660.0 -257319.0
-8386082.0 -205867.0
-8387187.0 -154407.0
-8387976.0 -102941.0
-8388450.0 -51472.0
-8388607.0 0.0
-8388450.0 51472.0
-8387976.0 102941.0
-8387187.0 154407.0
-8386082.0 205867.0
-8384660.0 257319.0
-8382924.0 308761.0
-8380871.0 360192.0
-8378504.0 411609.0
-8375820.0 463011.0
-8372822.0 514396.0
-8369508.0 565761.0
-8365879.0 617104.0
-8361935.0 668425.0
-8357676.0 719720.0
-8353102.0 770988.0
-8348215.0 822227.0
-8343012.0 873436.0
-8337496.0 924611.0
-8331666.0 975751.0
-8325522.0 1026855.0
-8319064.0 1077920.0
-8312294.0 1128945.0
-8305210.0 1179927.0
-8297814.0 1230864.0
-8290105.0 1281756.0
-8282085.0 1332599.0
-8273752.0 1383392.0
-8265108.0 1434132.0
-8256153.0 1484819.0
-8246887.0 1535450.0
-8237310.0 1586023.0
-8227423.0 1636536.0
-8217227.0 1686988.0
-8206721.0 1737376.0
-8195906.0 1787699.0
-8184783.0 1837954.0
-8173351.0 1888141.0
-8161612.0 1938256.0
-8149565.0 1988298.0
-8137212.0 2038265.0
-8124552.0 2088156.0
-8111587.0 2137968.0
-8098316.0 2187700.0
-8084740.0 2237349.0
-8070859.0 2286914.0
-8056675.0 2336392.0
-8042188.0 2385783.0
-8027397.0 2435084.0
-8012305.0 2484294.0
-7996911.0 2533410.0
-7981215.0 2582430.0
-7965220.0 2631353.0
-7948924.0 2680177.0
-7932329.0 2728901.0
-7915436.0 2777521.0
-7898244.0 2826037.0
-7880755.0 2874446.0
-7862970.0 2922748.0
-7844888.0 2970939.0
-7826511.0 3019018.0
-7807839.0 3066984.0
-7788874.0 3114834.0
-7769615.0 3162567.0
-7750063.0 3210181.0
-7730220.0 3257674.0
-7710086.0 3305045.0
-7689661.0 3352291.0
-7668947.0 3399411.0
-7647945.0 3446402.0
-7626654.0 3493264.0
-7605076.0 3539995.0
-7583212.0 3586592.0
-7561062.0 3633054.0
-7538628.0 3679380.0
-7515910.0 3725567.0
-7492909.0 3771613.0
-7469625.0 3817518.0
-7446061.0 3863279.0
-7422216.0 3908894.0
-7398092.0 3954362.0
-7373689.0 3999682.0
-7349009.0 4044851.0
-7324052.0 4089867.0
-7298819.0 4134730.0
-7273311.0 4179437.0
-7247530.0 4223986.0
-7221475.0 4268377.0
-7195149.0 4312606.0
-7168552.0 4356674.0
-7141685.0 4400577.0
-7114549.0 4444315.0
-7087145.0 4487885.0
-7059475.0 4531287.0
-7031538.0 4574518.0
-7003337.0 4617576.0
-6974873.0 4660461.0
-6946145.0 4703170.0
-6917156.0 4745702.0
-6887907.0 4788056.0
-6858399.0 4830229.0
-6828632.0 4872221.0
-6798608.0 4914029.0
-6768328.0 4955652.0
-6737793.0 4997088.0
-6707005.0 5038336.0
-6675964.0 5079395.0
-6644672.0 5120262.0
-6613129.0 5160937.0
-6581338.0 5201417.0
-6549299.0 5241701.0
-6517013.0 5281788.0
-6484482.0 5321677.0
-6451706.0 5361364.0
-6418688.0 5400850.0
-6385428.0 5440133.0
-6351928.0 5479211.0
-6318189.0 5518082.0
-6284212.0 5556746.0
-6249998.0 5595201.0
-6215549.0 5633445.0
-6180865.0 5671477.0
-6145949.0 5709295.0
-6110802.0 5746898.0
-6075425.0 5784285.0
-6039819.0 5821455.0
-6003985.0 5858405.0
-5967926.0 5895134.0
-5931642.0 5931642.0
-5895134.0 5967926.0
-5858405.0 6003985.0
-5821455.0 6039819.0
-5784285.0 6075425.0
-5746898.0 6110802.0
-5709295.0 6145949.0
-5671477.0 6180865.0
-5633445.0 6215549.0
-5595201.0 6249998.0
-5556746.0 6284212.0
-5518082.0 6318189.0
-5479211.0 6351928.0
-5440133.0 6385428.0
-5400850.0 6418688.0
-5361364.0 6451706.0
-5321677.0 6484482.0
-5281788.0 6517013.0
-5241701.0 6549299.0
-5201417.0 6581338.0
-5160937.0 6613129.0
-5120262.0 6644672.0
-5079395.0 6675964.0
-5038336.0 6707005.0
-4997088.0 6737793.0
-4955652.0 6768328.0
-4914029.0 6798608.0
-4872221.0 6828632.0
-4830229.0 6858399.0
-4788056.0 6887907.0
-4745702.0 6917156.0
-4703170.0 6946145.0
-4660461.0 6974873.0
-4617576.0 7003337.0
-4574518.0 7031538.0
-4531287.0 7059475.0
-4487885.0 7087145.0
-4444315.0 7114549.0
-4400577.0 7141685.0
-4356674.0 7168552.0
-4312606.0 7195149.0
-4268377.0 7221475.0
-4223986.0 7247530.0
-4179437.0 7273311.0
-4134730.0 7298819.0
-4089867.0 7324052.0
-4044851.0 7349009.0
-3999682.0 7373689.0
-3954362.0 7398092.0
-3908894.0 7422216.0
-3863279.0 7446061.0
-3817518.0 7469625.0
-3771613.0 7492909.0
-3725567.0 7515910.0
-3679380.0 7538628.0
-3633054.0 7561062.0
-3586592.0 7583212.0
-3539995.0 7605076.0
-3493264.0 7626654.0
-3446402.0 7647945.0
-3399411.0 7668947.0
-3352291.0 7689661.0
-3305045.0 7710086.0
-3257674.0 7730220.0
-3210181.0 7750063.0
-3162567.0 7769615.0
-3114834.0 7788874.0
-3066984.0 7807839.0
-3019018.0 7826511.0
-2970939.0 7844888.0
-2922748.0 7862970.0
-2874446.0 7880755.0
-2826037.0 7898244.0
-2777521.0 7915436.0
-2728901.0 7932329.0
-2680177.0 7948924.0
-2631353.0 7965220.0
-2582430.0 7981215.0
-2533410.0 7996911.0
-2484294.0 8012305.0
-2435084.0 8027397.0
-2385783.0 8042188.0
-2336392.0 8056675.0
-2286914.0 8070859.0
-2237349.0 8084740.0
-2187700.0 8098316.0
-2137968.0 8111587.0
-2088156.0 8124552.0
-2038265.0 8137212.0
-1988298.0 8149565.0
-1938256.0 8161612.0
-1888141.0 8173351.0
-1837954.0 8184783.0
-1787699.0 8195906.0
-1737376.0 8206721.0
-1686988.0 8217227.0
-1636536.0 8227423.0
-1586023.0 8237310.0
-1535450.0 8246887.0
-1484819.0 8256153.0
-1434132.0 8265108.0
-1383392.0 8273752.0
-1332599.0 8282085.0
-1281756.0 8290105.0
-1230864.0 8297814.0
-1179927.0 8305210.0
-1128945.0 8312294.0
-1077920.0 8319064.0
-1026855.0 8325522.0
-975751.0 8331666.0
-924611.0 8337496.0
-873436.0 8343012.0
-822227.0 8348215.0
-770988.0 8353102.0
-719720.0 8357676.0
-668425.0 8361935.0
-617104.0 8365879.0
-565761.0 8369508.0
-514396.0 8372822.0
-463011.0 8375820.0
-411609.0 8378504.0
-360192.0 8380871.0
-308761.0 8382924.0
-257319.0 8384660.0
-205867.0 8386082.0
-154407.0 8387187.0
-102941.0 8387976.0
-51472.0 8388450.0
0.0 8388607.0
51472.0 8388450.0
102941.0 8387976.0
154407.0 8387187.0
205867.0 8386082.0
257319.0 8384660.0
308761.0 8382924.0
360192.0 8380871.0
411609.0 8378504.0
463011.0 8375820.0
514396.0 8372822.0
565761.0 8369508.0
617104.0 8365879.0
668425.0 8361935.0
719720.0 8357676.0
770988.0 8353102.0
822227.0 8348215.0
873436.0 8343012.0
924611.0 8337496.0
975751.0 8331666.0
1026855.0 8325522.0
1077920.0 8319064.0
1128945.0 8312294.0
1179927.0 8305210.0
1230864.0 8297814.0
1281756.0 8290105.0
1332599.0 8282085.0
1383392.0 8273752.0
1434132.0 8265108.0
1484819.0 8256153.0
1535450.0 8246887.0
1586023.0 8237310.0
1636536.0 8227423.0
1686988.0 8217227.0
1737376.0 8206721.0
1787699.0 8195906.0
1837954.0 8184783.0
1888141.0 8173351.0
1938256.0 8161612.0
1988298.0 8149565.0
2038265.0 8137212.0
2088156.0 8124552.0
2137968.0 8111587.0
2187700.0 8098316.0
2237349.0 8084740.0
2286914.0 8070859.0
2336392.0 8056675.0
2385783.0 8042188.0
2435084.0 8027397.0
2484294.0 8012305.0
2533410.0 7996911.0
2582430.0 7981215.0
2631353.0 7965220.0
2680177.0 7948924.0
2728901.0 7932329.0
2777521.0 7915436.0
2826037.0 7898244.0
2874446.0 7880755.0
2922748.0 7862970.0
2970939.0 7844888.0
3019018.0 7826511.0
3066984.0 7807839.0
3114834.0 7788874.0
3162567.0 7769615.0
3210181.0 7750063.0
3257674.0 7730220.0
3305045.0 7710086.0
3352291.0 7689661.0
3399411.0 7668947.0
3446402.0 7647945.0
3493264.0 7626654.0
3539995.0 7605076.0
3586592.0 7583212.0
3633054.0 7561062.0
3679380.0 7538628.0
3725567.0 7515910.0
3771613.0 7492909.0
3817518.0 7469625.0
3863279.0 7446061.0
3908894.0 7422216.0
3954362.0 7398092.0
3999682.0 7373689.0
4044851.0 7349009.0
4089867.0 7324052.0
4134730.0 7298819.0
4179437.0 7273311.0
4223986.0 7247530.0
4268377.0 7221475.0
4312606.0 7195149.0
4356674.0 7168552.0
4400577.0 7141685.0
4444315.0 7114549.0
4487885.0 7087145.0
4531287.0 7059475.0
4574518.0 7031538.0
4617576.0 7003337.0
4660461.0 6974873.0
4703170.0 6946145.0
4745702.0 6917156.0
4788056.0 6887907.0
4830229.0 6858399.0
4872221.0 6828632.0
4914029.0 6798608.0
4955652.0 6768328.0
4997088.0 6737793.0
5038336.0 6707005.0
5079395.0 6675964.0
5120262.0 6644672.0
5160937.0 6613129.0
5201417.0 6581338.0
5241701.0 6549299.0
5281788.0 6517013.0
5321677.0 6484482.0
5361364.0 6451706.0
5400850.0 6418688.0
5440133.0 6385428.0
5479211.0 6351928.0
5518082.0 6318189.0
5556746.0 6284212.0
5595201.0 6249998.0
5633445.0 6215549.0
5671477.0 6180865.0
5709295.0 6145949.0
5746898.0 6110802.0
5784285.0 6075425.0
5821455.0 6039819.0
5858405.0 6003985.0
5895134.0 5967926.0
5931642.0 5931642.0
5967926.0 5895134.0
6003985.0 5858405.0
6039819.0 5821455.0
6075425.0 5784285.0
6110802.0 5746898.0
6145949.0 5709295.0
6180865.0 5671477.0
6215549.0 5633445.0
6249998.0 5595201.0
6284212.0 5556746.0
6318189.0 5518082.0
6351928.0 5479211.0
6385428.0 5440133.0
6418688.0 5400850.0
6451706.0 5361364.0
6484482.0 5321677.0
6517013.0 5281788.0
6549299.0 5241701.0
6581338.0 5201417.0
6613129.0 5160937.0
6644672.0 5120262.0
6675964.0 5079395.0
6707005.0 5038336.0
6737793.0 4997088.0
6768328.0 4955652.0
6798608.0 4914029.0
6828632.0 4872221.0
6858399.0 4830229.0
6887907.0 4788056.0
6917156.0 4745702.0
6946145.0 4703170.0
6974873.0 4660461.0
7003337.0 4617576.0
7031538.0 4574518.0
7059475.0 4531287.0
7087145.0 4487885.0
7114549.0 4444315.0
7141685.0 4400577.0
7168552.0 4356674.0
7195149.0 4312606.0
7221475.0 4268377.0
7247530.0 4223986.0
7273311.0 4179437.0
7298819.0 4134730.0
7324052.0 4089867.0
7349009.0 4044851.0
7373689.0 3999682.0
7398092.0 3954362.0
7422216.0 3908894.0
7446061.0 3863279.0
7469625.0 3817518.0
7492909.0 3771613.0
7515910.0 3725567.0
7538628.0 3679380.0
7561062.0 3633054.0
7583212.0 3586592.0
7605076.0 3539995.0
7626654.0 3493264.0
7647945.0 3446402.0
7668947.0 3399411.0
7689661.0 3352291.0
7710086.0 3305045.0
7730220.0 3257674.0
7750063.0 3210181.0
7769615.0 3162567.0
7788874.0 3114834.0
7807839.0 3066984.0
7826511.0 3019018.0
7844888.0 2970939.0
7862970.0 2922748.0
7880755.0 2874446.0
7898244.0 2826037.0
7915436.0 2777521.0
7932329.0 2728901.0
7948924.0 2680177.0
7965220.0 2631353.0
7981215.0 2582430.0
7996911.0 2533410.0
8012305.0 2484294.0
8027397.0 2435084.0
8042188.0 2385783.0
8056675.0 2336392.0
8070859.0 2286914.0
8084740.0 2237349.0
8098316.0 2187700.0
8111587.0 2137968.0
8124552.0 2088156.0
8137212.0 2038265.0
8149565.0 1988298.0
8161612.0 1938256.0
8173351.0 1888141.0
8184783.0 1837954.0
8195906.0 1787699.0
8206721.0 1737376.0
8217227.0 1686988.0
8227423.0 1636536.0
8237310.0 1586023.0
8246887.0 1535450.0
8256153.0 1484819.0
8265108.0 1434132.0
8273752.0 1383392.0
8282085.0 1332599.0
8290105.0 1281756.0
8297814.0 1230864.0
8305210.0 1179927.0
8312294.0 1128945.0
8319064.0 1077920.0
8325522.0 1026855.0
8331666.0 975751.0
8337496.0 924611.0
8343012.0 873436.0
8348215.0 822227.0
8353102.0 770988.0
8357676.0 719720.0
8361935.0 668425.0
8365879.0 617104.0
8369508.0 565761.0
8372822.0 514396.0
8375820.0 463011.0
8378504.0 411609.0
8380871.0 360192.0
8382924.0 308761.0
8384660.0 257319.0
8386082.0 205867.0
8387187.0 154407.0
8387976.0 102941.0
8388450.0 51472.0
8388607.0 0.0
