-55839 0
-3498 0
15381 0
-15123 0
5458 0
-7898 0
-47208 0
-11561 0
47553 0
16943 0
-17923 0
8564 0
-4318 0
-55165 0
-42432 0
38517 0
-43882 0
50922 0
-19567 0
-27269 0
8659 0
-9259 0
6604 0
-2740 0
56322 0
-24999 0
-22778 0
9960 0
-41424 0
-60327 0
11214 0
-8326 0
-11767 0
-43843 0
42421 0
52177 0
-51297 0
-16970 0
-29733 0
12913 0
10046 0
-34339 0
46594 0
-30577 0
-9491 0
-17213 0
38605 0
16719 0
2985 0
33255 0
46605 0
-22379 0
-45613 0
6127 0
-37118 0
42002 0
18706 0
-12090 0
-19532 0
-39406 0
-23417 0
12444 0
-39622 0
-7573 0
50961 0
-10704 0
-52651 0
32620 0
-38515 0
145 0
-20454 0
24528 0
2402 0
31051 0
-7328 0
-41197 0
12133 0
32859 0
32476 0
26110 0
-23716 0
37612 0
13579 0
30757 0
46922 0
40424 0
-26210 0
15875 0
8943 0
2438 0
-25588 0
27224 0
2919 0
25657 0
12633 0
29037 0
7151 0
-16137 0
14577 0
20134 0
-20730 0
-25977 0
12705 0
8939 0
-882 0
20448 0
-19529 0
-3933 0
40841 0
-34863 0
8904 0
-33740 0
32981 0
27867 0
9363 0
12217 0
16821 0
14958 0
-33773 0
11554 0
-12774 0
-32922 0
21598 0
-9275 0
36583 0
31808 0
-35886 0
-31392 0
-25132 0
-44517 0
-38419 0
-23914 0
20729 0
32188 0
19129 0
-26245 0
25924 0
60608 0
4135 0
18843 0
-20756 0
-7145 0
-29548 0
33732 0
13337 0
-456 0
29455 0
10957 0
-17266 0
-46281 0
15785 0
35601 0
-19854 0
-10576 0
873 0
20478 0
18138 0
-45990 0
16754 0
-16844 0
-16794 0
-27708 0
-7993 0
21084 0
-33046 0
-20837 0
9330 0
-50539 0
30230 0
-39899 0
49976 0
-44085 0
-9497 0
34095 0
-28677 0
-15977 0
22220 0
-46744 0
835 0
18265 0
3437 0
-22545 0
-1175 0
9350 0
15617 0
10357 0
-43043 0
-14247 0
18698 0
44907 0
-52834 0
-9254 0
-18598 0
-17573 0
40569 0
9649 0
-20936 0
7166 0
-8625 0
-18772 0
6696 0
20751 0
-18232 0
-24064 0
-2503 0
47260 0
-23101 0
-36707 0
-15057 0
-60046 0
7733 0
2311 0
-18381 0
48338 0
-21197 0
-22965 0
13477 0
-7692 0
33768 0
-18566 0
-17935 0
-27648 0
-48344 0
-18750 0
-41063 0
-3177 0
9185 0
24985 0
-5917 0
23215 0
-11115 0
-40908 0
22600 0
12651 0
64138 0
15075 0
-51673 0
-64162 0
-1523 0
6130 0
44545 0
-54419 0
-31044 0
445 0
-5025 0
-55017 0
7390 0
-22902 0
47630 0
-8976 0
-45849 0
-22797 0
14533 0
4583 0
14874 0
-7170 0
-6382 0
27993 0
-12869 0
-1758 0
44200 0
10871 0
-18105 0
-32042 0
-31111 0
-38276 0
-56708 0
-7297 0
19130 0
32902 0
24681 0
33678 0
10972 0
-22789 0
-5051 0
28225 0
-21060 0
-13736 0
42601 0
-51415 0
786 0
-42036 0
32124 0
-6892 0
12773 0
-5115 0
-26891 0
-11710 0
36994 0
32089 0
46381 0
29469 0
-18209 0
-9935 0
19562 0
-19533 0
34808 0
35578 0
-12800 0
16229 0
18078 0
18818 0
-23687 0
15653 0
-11417 0
-9436 0
7019 0
37912 0
50648 0
-18521 0
-37840 0
-2492 0
2786 0
-57609 0
-18647 0
-24755 0
-22946 0
24798 0
28071 0
50642 0
17425 0
-10207 0
-37164 0
40734 0
-8453 0
9412 0
-33563 0
-11102 0
2770 0
5504 0
-48388 0
-28452 0
42185 0
-16860 0
-48539 0
24822 0
-24431 0
-8363 0
-42615 0
10857 0
-12980 0
-21718 0
12823 0
8935 0
-933 0
17206 0
59472 0
17657 0
4956 0
5653 0
-51010 0
3306 0
-57308 0
-14329 0
27256 0
2723 0
35883 0
17477 0
-13547 0
-4786 0
-43344 0
-17388 0
-29469 0
32567 0
20116 0
-32407 0
-7780 0
-26202 0
-39459 0
-7236 0
22822 0
-54134 0
-7754 0
50337 0
29851 0
26636 0
38671 0
-26551 0
41878 0
3021 0
-9577 0
-61481 0
27700 0
-18905 0
9185 0
14236 0
44392 0
-4406 0
5086 0
30084 0
-32749 0
-21066 0
13709 0
-12407 0
-13857 0
1081 0
14319 0
26186 0
9040 0
-64418 0
42303 0
39026 0
47597 0
-18483 0
-39443 0
-17914 0
-5277 0
-15253 0
-42582 0
-57494 0
-4193 0
-24260 0
5008 0
25411 0
-53659 0
-37562 0
-24692 0
19317 0
26806 0
-23993 0
-6421 0
16576 0
13160 0
-49668 0
26597 0
-41578 0
30703 0
56102 0
-12176 0
43944 0
-23456 0
29088 0
3737 0
-16444 0
-34637 0
-8372 0
22545 0
-7048 0
9562 0
-16952 0
10621 0
22993 0
6907 0
1658 0
2901 0
-5137 0
54676 0
-4118 0
-28099 0
-41183 0
-36085 0
-36472 0
-46029 0
23785 0
1815 0
3560 0
-23291 0
-4125 0
11157 0
-13412 0
39331 0
9657 0
-1956 0
56772 0
21424 0
34413 0
-1557 0
47799 0
31005 0
-36052 0
7952 0
-8444 0
47565 0
-7333 0
-33220 0
-21447 0
-2784 0
4382 0
3445 0
-4871 0
11615 0
5487 0
26777 0
-9161 0
-27905 0
24457 0
-6466 0
-9905 0
41111 0
-37470 0
44288 0
-1217 0
7028 0
-18331 0
-33425 0
1465 0
-50821 0
7343 0
18149 0
-10760 0
16361 0
-35605 0
13669 0
50062 0
12211 0
-12611 0
4128 0
6613 0
-225 0
23694 0
-16006 0
37160 0
26603 0
7423 0
33440 0
6635 0
52691 0
-22323 0
60964 0
-2744 0
22710 0
5875 0
11303 0
4138 0
43423 0
22538 0
-29796 0
28943 0
1769 0
-11142 0
-16197 0
-39114 0
14337 0
-28459 0
15916 0
-19415 0
-11707 0
53723 0
-50638 0
37163 0
-8214 0
-19865 0
5030 0
-2859 0
-42745 0
9985 0
-47217 0
-39425 0
-11998 0
-55630 0
33153 0
40818 0
-36186 0
-1155 0
13771 0
-37772 0
-14602 0
-32993 0
43304 0
-5499 0
31495 0
38231 0
-3747 0
-46761 0
-10682 0
-21672 0
9526 0
29874 0
-45315 0
-704 0
-45832 0
36371 0
-44726 0
-14712 0
34769 0
31158 0
19650 0
-36595 0
-29968 0
-9527 0
2326 0
-10724 0
9156 0
43930 0
-14338 0
28862 0
-40531 0
-34303 0
7833 0
49145 0
-45914 0
14044 0
-7381 0
20236 0
-727 0
3194 0
25158 0
-40664 0
27975 0
-13256 0
25314 0
18124 0
-17732 0
26668 0
16902 0
-9203 0
-52009 0
35350 0
-15056 0
-49862 0
-11705 0
-41963 0
59499 0
46287 0
-26659 0
12157 0
-17058 0
3690 0
8914 0
-38363 0
29902 0
-26908 0
13670 0
5801 0
50573 0
-19097 0
39192 0
-22441 0
-38309 0
34104 0
17639 0
-10523 0
-52530 0
-26751 0
-27299 0
-43939 0
-32620 0
10878 0
-9613 0
12416 0
-26800 0
44777 0
-7386 0
14397 0
16023 0
22155 0
25549 0
958 0
-31547 0
-41268 0
57611 0
20663 0
-4935 0
42025 0
-2669 0
-24844 0
54731 0
-46614 0
-22913 0
14837 0
12181 0
-35933 0
17608 0
33066 0
30613 0
11670 0
-25211 0
59540 0
18442 0
-40032 0
-28805 0
-45709 0
15344 0
-34156 0
-6045 0
-49610 0
61414 0
6475 0
9099 0
23318 0
-47469 0
-48305 0
19861 0
-24321 0
25141 0
-32906 0
-49829 0
-8697 0
24709 0
-56146 0
15134 0
21942 0
-41327 0
15696 0
42558 0
213 0
-40460 0
-48506 0
-27128 0
26775 0
-11808 0
26431 0
59968 0
8360 0
16403 0
-61592 0
-39986 0
3241 0
-21258 0
33894 0
-57395 0
-6903 0
32471 0
-34189 0
31210 0
2514 0
58936 0
6459 0
-6364 0
928 0
13763 0
-8056 0
52419 0
28574 0
-56708 0
30342 0
-32406 0
38847 0
1082 0
1189 0
-11787 0
12135 0
-11037 0
41856 0
15779 0
18717 0
11115 0
-8298 0
-9386 0
33114 0
-25611 0
10487 0
11107 0
-33539 0
17622 0
-7848 0
18748 0
-56736 0
4890 0
15174 0
-44541 0
-11174 0
-31921 0
3933 0
36411 0
-30956 0
28743 0
12749 0
-6940 0
-25194 0
-8409 0
-1591 0
-15072 0
-6941 0
-31788 0
-29815 0
-39578 0
3706 0
-21823 0
15667 0
29847 0
-16877 0
7845 0
-4616 0
-19564 0
-492 0
16059 0
-5000 0
24343 0
-24784 0
-46793 0
-32651 0
-10047 0
-54297 0
25619 0
25537 0
14814 0
-37695 0
-39851 0
32611 0
-21625 0
-14607 0
31872 0
9788 0
8126 0
51813 0
-7665 0
-14468 0
-3006 0
1950 0
22059 0
-1356 0
-13591 0
34976 0
17360 0
-10225 0
21485 0
21686 0
-11253 0
16176 0
22339 0
24421 0
-25586 0
-13620 0
-4132 0
3943 0
37664 0
21812 0
-28468 0
113 0
6229 0
27352 0
-1805 0
16935 0
12479 0
16657 0
-14344 0
36967 0
-11430 0
4392 0
51342 0
6735 0
-9172 0
-33802 0
-52271 0
1081 0
-4402 0
4770 0
-15759 0
49367 0
-19559 0
53468 0
12188 0
7320 0
-24315 0
25601 0
-23543 0
5537 0
26902 0
-42000 0
527 0
-27715 0
6094 0
-35898 0
1739 0
11630 0
22880 0
11805 0
5903 0
3451 0
-6202 0
-48863 0
21291 0
-28714 0
17510 0
-19828 0
-41917 0
32452 0
5683 0
-40454 0
2314 0
-25445 0
17936 0
-21686 0
-44948 0
-28653 0
-2906 0
11474 0
53812 0
-674 0
6651 0
13389 0
17899 0
23410 0
-20774 0
20305 0
-36968 0
19683 0
-22578 0
44678 0
-26030 0
-44726 0
30014 0
43447 0
-11584 0
27800 0
54936 0
9402 0
29410 0
-1354 0
2736 0
-16315 0
14373 0
27590 0
8438 0
-978 0
-5406 0
-13919 0
-10046 0
10750 0
-40071 0
-49309 0
48522 0
-10905 0
9386 0
1284 0
-30296 0
15524 0
-5782 0
-9215 0
36141 0
25371 0
-12555 0
42417 0
35624 0
-36878 0
38363 0
-25555 0
-8974 0
-50737 0
11442 0
21647 0
-4286 0
-10053 0
22409 0
13473 0
37628 0
-16323 0
-29994 0
40027 0
-33756 0
-51455 0
-44780 0
46007 0
-23075 0
14197 0
2382 0
3857 0
-10089 0
27652 0
-3146 0
-1951 0
-15702 0
34362 0
1954 0
28767 0
-18079 0
-6757 0
59508 0
33785 0
177 0
-7068 0
20430 0
-11133 0
10116 0
37312 0
40416 0
29376 0
-645 0
30389 0
-14621 0
30731 0
-49982 0
18441 0
27546 0
-7246 0
-15202 0
3846 0
-16615 0
-8758 0
19346 0
-22699 0
-29797 0
21277 0
35893 0
10138 0
-13250 0
57728 0
-45532 0
-27772 0
30888 0
27108 0
-21822 0
4222 0
-7507 0
-42418 0
-49763 0
-37778 0
-535 0
-706 0
-14152 0
21591 0
-3081 0
151 0
-2078 0
-36751 0
10798 0
32981 0
-9311 0
11601 0
31794 0
-16352 0
-24804 0
5666 0
-7409 0
46135 0
22178 0
-46644 0
-14327 0
49340 0
27948 0
26903 0
-6690 0
13705 0
3288 0
28070 0
-13902 0
-6485 0
-58777 0
9049 0
18652 0
4965 0
25953 0
-22202 0
-2698 0
-48904 0
10450 0
27355 0
-56947 0
-29969 0
14234 0
-6862 0
-24916 0
-3568 0
358 0
-45067 0
-3770 0
-22094 0
-4858 0
926 0
-6147 0
-46828 0
-1284 0
18188 0
13630 0
-12429 0
3362 0
-33966 0
1209 0
-52839 0
28048 0
-50539 0
-1871 0
-20638 0
-45180 0
19408 0
-2287 0
-26487 0
23361 0
7514 0
38489 0
7034 0
13703 0
5173 0
-4480 0
-19830 0
-11452 0
49342 0
-48632 0
8729 0
-16886 0
-6248 0
27063 0
12373 0
-2404 0
7455 0
7767 0
13388 0
-16412 0
-1123 0
-34532 0
15728 0
-36657 0
7251 0
11384 0
-6934 0
-42889 0
23477 0
-18355 0
23564 0
4943 0
3401 0
-40372 0
-53008 0
52289 0
-18327 0
8219 0
4717 0
-8280 0
-62286 0
-52860 0
-458 0
-33376 0
13257 0
-5716 0
7618 0
-2860 0
-4842 0
-7910 0
53207 0
50569 0
18434 0
-55952 0
-8546 0
19298 0
37730 0
24931 0
-32808 0
9700 0
-33291 0
-12170 0
-12731 0
-19149 0
-5474 0
41873 0
-44581 0
54659 0
-6338 0
11244 0
20595 0
-11682 0
13397 0
36670 0
14634 0
-30265 0
45323 0
8248 0
-25696 0
-32588 0
-16645 0
-10572 0
35036 0
-6420 0
-28671 0
10352 0
4130 0
-3027 0
25494 0
-453 0
10036 0
21625 0
-12509 0
3242 0
-27995 0
38114 0
-8988 0
-29584 0
11875 0
-8704 0
-30684 0
-9387 0
849 0
-10658 0
11510 0
42183 0
-25873 0
-37565 0
14644 0
62916 0
51996 0
44287 0
-47960 0
48771 0
25969 0
29705 0
-10112 0
-9472 0
42162 0
14030 0
32501 0
-41644 0
-34795 0
-23105 0
-7977 0
-1925 0
-9783 0
9501 0
-41295 0
32856 0
-28927 0
-34317 0
-32742 0
21950 0
14902 0
12711 0
9949 0
32605 0
36121 0
36336 0
-15503 0
-19710 0
50008 0
-20954 0
5358 0
-27157 0
-22111 0
11640 0
-278 0
24519 0
19918 0
38343 0
27487 0
-3503 0
35234 0
-18047 0
-44573 0
-8298 0
-38383 0
34186 0
20919 0
61848 0
50503 0
-9929 0
27687 0
-12895 0
40958 0
21414 0
-28408 0
-3184 0
-13937 0
37091 0
-13736 0
37829 0
-21962 0
11267 0
14771 0
-34159 0
11740 0
-33610 0
15064 0
41505 0
-316 0
32217 0
-48124 0
-27808 0
27870 0
30922 0
14638 0
3592 0
24168 0
-15459 0
-12700 0
-28208 0
-12678 0
31217 0
12515 0
-36715 0
-451 0
39069 0
-61096 0
9237 0
-17003 0
42734 0
4375 0
-18614 0
27368 0
-59534 0
1681 0
-6011 0
-7860 0
-41160 0
47376 0
-1310 0
-34221 0
-18187 0
44502 0
-8974 0
-35971 0
45945 0
26479 0
-8341 0
1382 0
-3309 0
-28889 0
44287 0
-28320 0
-5612 0
-30278 0
11979 0
-7504 0
-3376 0
17501 0
11869 0
-49939 0
27019 0
41506 0
-22630 0
-31730 0
-23154 0
-743 0
12540 0
-4378 0
-29731 0
6983 0
27360 0
6757 0
-24387 0
-50984 0
-24277 0
20839 0
10939 0
-57286 0
18436 0
-382 0
35663 0
21892 0
11416 0
-3039 0
-24280 0
-51818 0
14861 0
18437 0
-16276 0
-21575 0
-11480 0
20102 0
35769 0
49930 0
60437 0
32690 0
-32195 0
54092 0
-12412 0
-11775 0
-7244 0
4138 0
26854 0
-14784 0
1692 0
13382 0
-10891 0
-22014 0
21272 0
-26642 0
13570 0
27706 0
-56769 0
-11033 0
-36800 0
-29405 0
-33752 0
21662 0
33505 0
-16522 0
-8686 0
1410 0
11606 0
12755 0
-34829 0
27012 0
-2076 0
-58437 0
40669 0
-15482 0
32120 0
-16285 0
-1966 0
-7210 0
5206 0
21183 0
-12644 0
-2409 0
18233 0
59893 0
-15329 0
-3017 0
8334 0
-17008 0
27778 0
-3079 0
1426 0
-42141 0
19041 0
-18600 0
12850 0
5931 0
-32577 0
3663 0
9925 0
41780 0
267 0
-1986 0
-7575 0
-50022 0
26332 0
-4062 0
-9425 0
-38261 0
15218 0
-15112 0
-14479 0
-15322 0
7943 0
-11061 0
-20286 0
-36754 0
-13054 0
-9556 0
-44407 0
-2954 0
-11368 0
8585 0
28931 0
-31064 0
4541 0
60006 0
-2055 0
-20158 0
-9190 0
-5047 0
14771 0
-721 0
13896 0
-52614 0
-48944 0
11380 0
-43914 0
-20724 0
-2325 0
17420 0
-1822 0
-14267 0
-30622 0
1088 0
-20779 0
-2822 0
-2136 0
-44578 0
21628 0
13260 0
-6448 0
-10196 0
32666 0
50082 0
38746 0
7359 0
-26956 0
-7548 0
9039 0
-52370 0
4562 0
-23530 0
-21992 0
-2576 0
32056 0
-26762 0
44753 0
-30455 0
22849 0
16095 0
25952 0
-19915 0
-39469 0
-23321 0
10957 0
-14958 0
30150 0
16057 0
11665 0
9072 0
-18410 0
-36674 0
-21663 0
-13923 0
-13772 0
30105 0
7298 0
446 0
-54156 0
-5735 0
-16821 0
-18385 0
9529 0
-1156 0
-826 0
-37212 0
15941 0
-13274 0
20217 0
37162 0
2189 0
-20787 0
30162 0
-34846 0
13231 0
23220 0
8063 0
38547 0
29533 0
-30214 0
-37947 0
6627 0
35148 0
-12971 0
24546 0
-46018 0
-24232 0
-32275 0
-24656 0
-19328 0
52874 0
-488 0
7121 0
46452 0
-1020 0
-25121 0
-10619 0
21564 0
-5125 0
9496 0
15137 0
36680 0
-23141 0
-18172 0
29270 0
-2127 0
26617 0
-6050 0
-16047 0
-21733 0
18010 0
30270 0
-30690 0
13148 0
-28504 0
-4749 0
-37011 0
16846 0
-15449 0
36193 0
20563 0
-12006 0
19057 0
11498 0
-49925 0
-3944 0
-55078 0
1068 0
47342 0
-5959 0
-15680 0
-3806 0
-14216 0
-8502 0
-50617 0
-2963 0
-26004 0
-16394 0
13355 0
-5631 0
-26862 0
4093 0
-2496 0
-15924 0
37668 0
50078 0
2823 0
3435 0
9827 0
7149 0
-8333 0
-30831 0
-41374 0
6831 0
11158 0
1275 0
4913 0
-3050 0
2518 0
-10627 0
20356 0
13861 0
44331 0
-14082 0
-12407 0
34825 0
-15754 0
-18133 0
-36560 0
-27298 0
8826 0
-3891 0
-15016 0
-41152 0
-40208 0
32029 0
-11009 0
-7180 0
54936 0
-12497 0
12545 0
-23474 0
31546 0
2874 0
32317 0
10206 0
10751 0
18001 0
30303 0
25346 0
-24629 0
22325 0
-13566 0
-15397 0
14337 0
-11671 0
8057 0
10815 0
10252 0
-29489 0
35112 0
8688 0
-5131 0
-42419 0
-5933 0
-6053 0
34054 0
-20100 0
-44903 0
-37412 0
-31553 0
48250 0
-49265 0
-30311 0
4702 0
26000 0
-15713 0
-17864 0
51590 0
-10712 0
58488 0
5568 0
-34416 0
38516 0
7932 0
4921 0
49001 0
-9629 0
15531 0
-45971 0
4501 0
6431 0
5839 0
1454 0
33084 0
-2348 0
28122 0
-29876 0
-51092 0
-15027 0
-44734 0
-29563 0
-24318 0
3401 0
3266 0
-7036 0
-15938 0
-17048 0
-14870 0
19613 0
54210 0
-29174 0
56603 0
27190 0
24556 0
45136 0
-54972 0
2989 0
-10962 0
34640 0
-2690 0
12830 0
-37282 0
21432 0
3320 0
-12715 0
-28368 0
-16929 0
-22063 0
3687 0
-15342 0
-21279 0
28262 0
602 0
9507 0
20571 0
-18496 0
-41933 0
14468 0
15167 0
-9454 0
-13297 0
20520 0
3477 0
-28547 0
49744 0
30922 0
-26480 0
-46488 0
15525 0
13978 0
-19520 0
-37757 0
-1598 0
-53017 0
-46940 0
124 0
15183 0
6122 0
-12051 0
25739 0
29750 0
36191 0
-30402 0
9750 0
-12570 0
45393 0
-3607 0
37540 0
18505 0
34351 0
-57059 0
-9379 0
-39002 0
15712 0
27132 0
-23986 0
3657 0
-28590 0
-8977 0
11400 0
1784 0
9056 0
1050 0
453 0
-10068 0
17443 0
2089 0
33274 0
-35285 0
-54687 0
-1894 0
-12463 0
13728 0
-9534 0
-56833 0
-37577 0
-20663 0
-48151 0
-58358 0
7406 0
-19560 0
37531 0
31208 0
3218 0
20296 0
-33912 0
19326 0
-8317 0
54305 0
33948 0
15718 0
16367 0
-4786 0
-27777 0
22295 0
-42877 0
29906 0
28181 0
15312 0
-18448 0
7474 0
-13713 0
24480 0
53094 0
-37627 0
-46974 0
9589 0
36938 0
5989 0
-13286 0
33748 0
24944 0
3550 0
6043 0
-14017 0
2032 0
24501 0
-578 0
29191 0
-15516 0
-36700 0
39822 0
-575 0
-22858 0
3162 0
52918 0
3231 0
-29089 0
904 0
-25510 0
31480 0
-59323 0
2913 0
6661 0
2510 0
23405 0
-54414 0
11564 0
-16232 0
28747 0
-1289 0
12361 0
17434 0
-28264 0
42126 0
-613 0
-183 0
30331 0
-1531 0
22375 0
22754 0
-23644 0
-7015 0
-12818 0
55798 0
-4120 0
22535 0
888 0
33922 0
-10251 0
-7180 0
-50278 0
23329 0
20238 0
-43986 0
25366 0
51039 0
-23137 0
-3514 0
22098 0
6893 0
25514 0
5459 0
2126 0
12935 0
27761 0
-6604 0
31367 0
-11137 0
-34207 0
-1363 0
-32505 0
13190 0
4404 0
15894 0
11120 0
-7785 0
2949 0
-53703 0
-19141 0
-36209 0
-3202 0
18561 0
38645 0
-31291 0
10135 0
42255 0
-20398 0
-28698 0
-44288 0
16105 0
-18603 0
-11182 0
17392 0
18483 0
-1056 0
-28397 0
-48923 0
21205 0
-7482 0
-13884 0
-5871 0
-22462 0
32343 0
1090 0
-51927 0
-7234 0
-15057 0
-55885 0
-26715 0
-37301 0
27789 0
-37427 0
1921 0
-24926 0
-2908 0
8857 0
21511 0
27837 0
-32124 0
-25734 0
44585 0
55885 0
-33530 0
22856 0
-7506 0
4660 0
-641 0
29800 0
-5988 0
54532 0
-19266 0
1530 0
-23631 0
48710 0
24244 0
31381 0
-2730 0
-45189 0
-42850 0
-9720 0
-16604 0
-27428 0
24653 0
-61543 0
-11848 0
-47969 0
16725 0
8844 0
-1857 0
-47045 0
-19272 0
-45212 0
9923 0
7169 0
-34950 0
-10045 0
13980 0
7553 0
6492 0
33136 0
14486 0
-22505 0
-758 0
4488 0
-1423 0
-9975 0
-21317 0
-11816 0
-1265 0
20920 0
-1694 0
37781 0
-41723 0
-1323 0
-39176 0
-1571 0
-5949 0
6918 0
-9512 0
35831 0
9054 0
15196 0
8633 0
14737 0
-15546 0
-15210 0
-1164 0
4844 0
-17389 0
8308 0
-37253 0
5741 0
21618 0
-4059 0
63 0
26170 0
50337 0
3505 0
19557 0
8141 0
42124 0
-28735 0
39369 0
23243 0
18899 0
27788 0
-24355 0
-6454 0
-52641 0
-35619 0
9471 0
-53213 0
-3571 0
-21358 0
8901 0
17968 0
-24846 0
-12644 0
38827 0
-1110 0
-22423 0
11869 0
42406 0
-10244 0
1773 0
-25532 0
-44670 0
13467 0
25452 0
-1710 0
397 0
-23680 0
-23175 0
2225 0
3337 0
2825 0
-15669 0
-26147 0
13439 0
-24061 0
-18118 0
-5493 0
-29808 0
18636 0
33633 0
-13449 0
53863 0
-21704 0
-22056 0
6030 0
-22501 0
-31725 0
53862 0
-1112 0
17900 0
-13128 0
-6724 0
4119 0
-42858 0
14923 0
14202 0
-11194 0
-7829 0
-47339 0
-12457 0
46251 0
43160 0
-32955 0
7066 0
-4967 0
15270 0
16248 0
13708 0
17839 0
37450 0
34235 0
-58234 0
-14622 0
41384 0
30999 0
-23692 0
-49365 0
-22886 0
35067 0
-9265 0
11244 0
14110 0
-19056 0
-2779 0
32525 0
13339 0
15898 0
36447 0
42445 0
-58739 0
44330 0
3528 0
-22205 0
17328 0
8845 0
-35608 0
-43040 0
29343 0
-1537 0
-9354 0
-16165 0
1050 0
25785 0
16185 0
9512 0
41613 0
1809 0
-16156 0
3715 0
38528 0
-27465 0
41689 0
29993 0
-44707 0
34242 0
1925 0
-63163 0
-12750 0
-27352 0
16350 0
-34667 0
-29731 0
-50918 0
6911 0
26202 0
24054 0
6276 0
62020 0
-2410 0
19710 0
-3201 0
-3066 0
-49230 0
7900 0
887 0
18133 0
-24619 0
-1635 0
-13606 0
2785 0
1936 0
-38152 0
-36425 0
224 0
16014 0
32573 0
37826 0
-46447 0
-5829 0
-51149 0
24589 0
29938 0
38631 0
8043 0
11658 0
-43156 0
42245 0
27914 0
-20761 0
52579 0
-28017 0
-16432 0
14524 0
9169 0
30058 0
4464 0
-8509 0
-42199 0
17083 0
-38272 0
11797 0
57492 0
-43596 0
-27116 0
21866 0
9273 0
-31052 0
7719 0
-16763 0
411 0
-1720 0
-8624 0
-350 0
-15172 0
-2439 0
-50746 0
10297 0
21605 0
2809 0
-40692 0
43222 0
-1844 0
13351 0
-46404 0
-35372 0
5347 0
15275 0
10643 0
-12313 0
-61532 0
48817 0
15562 0
-34606 0
2004 0
42649 0
-20599 0
-34260 0
-17834 0
-19475 0
-47260 0
24155 0
1103 0
-28733 0
14198 0
-53959 0
-49768 0
-16171 0
-37176 0
11805 0
11557 0
5350 0
29626 0
2304 0
-29399 0
7207 0
-27063 0
3867 0
-8056 0
-49921 0
18896 0
-11401 0
3884 0
27804 0
35099 0
-10391 0
-8175 0
-1054 0
-64115 0
23951 0
-15029 0
2073 0
48300 0
16994 0
16343 0
-5888 0
37723 0
-3062 0
-15378 0
-42154 0
18003 0
-7471 0
57506 0
-36921 0
-43222 0
-1417 0
-55289 0
4067 0
-56460 0
150 0
-4904 0
-18665 0
4283 0
22094 0
6327 0
-12543 0
-2706 0
-5228 0
31949 0
-19799 0
22060 0
-4724 0
19802 0
-3915 0
-19006 0
29548 0
25135 0
-27617 0
8397 0
-5219 0
26181 0
-46802 0
43201 0
-4170 0
-2754 0
37874 0
20302 0
33853 0
-28049 0
-35063 0
-32128 0
23771 0
-23859 0
60698 0
31432 0
-9816 0
-27300 0
18977 0
-47504 0
-9682 0
10903 0
50038 0
-24093 0
-10448 0
-42648 0
24834 0
5729 0
-7714 0
26180 0
27047 0
8370 0
28601 0
19882 0
-19197 0
10550 0
-38622 0
-16154 0
-29431 0
9598 0
48629 0
411 0
16134 0
-11699 0
9376 0
-8731 0
15639 0
-44772 0
17191 0
-64043 0
-13424 0
31247 0
-31016 0
2524 0
8748 0
7366 0
32274 0
-29179 0
5278 0
17525 0
-2400 0
-27635 0
-4917 0
5565 0
-33160 0
-2207 0
34193 0
-9940 0
18720 0
-8105 0
-26634 0
-44683 0
-55929 0
15296 0
-19044 0
-37540 0
-57650 0
39023 0
-3102 0
18934 0
1888 0
-17686 0
-60492 0
30297 0
5151 0
-26186 0
17875 0
-8110 0
7531 0
-43793 0
3590 0
47732 0
19805 0
5096 0
57954 0
-29509 0
29760 0
3540 0
-22289 0
-18852 0
-34116 0
2477 0
32195 0
-61699 0
-3782 0
-12725 0
-25569 0
57987 0
-13597 0
32634 0
-15139 0
-26896 0
-36008 0
1721 0
591 0
28726 0
6705 0
-16721 0
36048 0
-64437 0
52262 0
6588 0
3510 0
-27818 0
-8741 0
-23010 0
-1063 0
20619 0
-23399 0
-7704 0
44276 0
-17392 0
-49720 0
1621 0
-23740 0
-4177 0
10218 0
-35850 0
18732 0
-13163 0
7038 0
11268 0
-47398 0
17066 0
9242 0
-11493 0
-24227 0
13814 0
2975 0
-15987 0
-18964 0
6363 0
-2459 0
-2037 0
-22909 0
6206 0
11342 0
-18609 0
9620 0
-16683 0
25873 0
-22445 0
-37408 0
2687 0
25591 0
-42007 0
40370 0
-3844 0
1921 0
24294 0
17991 0
-12572 0
12706 0
15647 0
-30138 0
-34463 0
12809 0
36410 0
-28653 0
-4085 0
7460 0
-707 0
-36894 0
22065 0
1071 0
-23872 0
374 0
2574 0
13939 0
-30973 0
-36960 0
5102 0
3308 0
4145 0
11623 0
-31398 0
49698 0
29943 0
-59698 0
28755 0
14867 0
8904 0
-13188 0
19117 0
-43681 0
-5754 0
23978 0
-32693 0
8454 0
26518 0
29151 0
-58867 0
-35413 0
-47606 0
-51021 0
-32457 0
29043 0
5935 0
-10521 0
-20664 0
-42644 0
19694 0
14834 0
-14299 0
16154 0
31711 0
-46117 0
-18856 0
13119 0
4433 0
-6543 0
23677 0
1565 0
1535 0
-30768 0
-6677 0
-18104 0
-23373 0
20047 0
10879 0
-41849 0
34836 0
24910 0
6327 0
2137 0
-30484 0
49174 0
-11943 0
-16362 0
53615 0
-17352 0
-258 0
5180 0
-45426 0
-22798 0
-11666 0
35599 0
-55957 0
1934 0
20060 0
443 0
11180 0
8824 0
-7126 0
-40650 0
-48380 0
2106 0
-2819 0
8237 0
32101 0
-26258 0
-25275 0
25621 0
7769 0
-47478 0
-41628 0
45907 0
5864 0
-46477 0
40062 0
27172 0
-52569 0
9491 0
-30506 0
-18108 0
26472 0
15657 0
-26771 0
-6343 0
-13007 0
49699 0
15835 0
13418 0
-42248 0
20533 0
40676 0
-4395 0
-33590 0
-2932 0
-51611 0
23634 0
-13608 0
40408 0
755 0
-1007 0
-9133 0
-52814 0
32294 0
-40778 0
-25137 0
5266 0
1308 0
-40095 0
29074 0
26661 0
8251 0
-15533 0
-17355 0
40959 0
-3954 0
4166 0
31259 0
-533 0
-8553 0
31104 0
5197 0
6897 0
16167 0
-36045 0
4719 0
26554 0
-538 0
42690 0
-46344 0
-16930 0
-37535 0
-30019 0
51544 0
-21453 0
13466 0
-2920 0
-26819 0
22313 0
7735 0
14642 0
53943 0
18006 0
41041 0
28261 0
-7275 0
-17130 0
23868 0
1355 0
-12725 0
-10298 0
4937 0
40784 0
12190 0
-38001 0
-2879 0
33673 0
66 0
13515 0
-26959 0
-7596 0
-30616 0
34362 0
48 0
36630 0
9255 0
27513 0
30384 0
46686 0
61499 0
-46175 0
11602 0
-5642 0
-3408 0
3389 0
-3965 0
20246 0
13940 0
-5685 0
2577 0
33151 0
22055 0
-16133 0
-11418 0
2512 0
37253 0
27820 0
6751 0
50427 0
-55925 0
-41645 0
-3541 0
2539 0
-19687 0
6442 0
-19184 0
-21180 0
-48193 0
8410 0
24076 0
-2194 0
10324 0
40013 0
-5363 0
-4695 0
2157 0
-22667 0
4469 0
10393 0
45493 0
15347 0
7513 0
-3223 0
-50716 0
-50443 0
-6758 0
896 0
20070 0
-21565 0
-797 0
7506 0
-43622 0
2080 0
4744 0
-7754 0
-2568 0
-45777 0
-5543 0
-18457 0
-19426 0
-17865 0
-3816 0
-5021 0
-28021 0
52562 0
-52522 0
-29345 0
-19193 0
-8172 0
8584 0
-12467 0
-3315 0
-25359 0
-9473 0
9196 0
-1664 0
8115 0
19321 0
9911 0
9061 0
-39791 0
12249 0
377 0
11665 0
37541 0
-1244 0
36562 0
-13912 0
-32608 0
-45856 0
29297 0
-376 0
-4978 0
7265 0
-5223 0
10960 0
-2486 0
-54548 0
-26566 0
-25382 0
-14609 0
-12720 0
19934 0
2318 0
25473 0
11548 0
2543 0
-44316 0
-33948 0
-39524 0
1757 0
-8260 0
-26944 0
-259 0
-2583 0
-16500 0
-11458 0
3102 0
34679 0
-19465 0
-26335 0
-11436 0
-31342 0
-26426 0
-36499 0
-18018 0
21672 0
-14969 0
4417 0
5688 0
57359 0
-61199 0
24253 0
-4595 0
25174 0
24446 0
-36500 0
10147 0
27779 0
35617 0
34277 0
12496 0
3098 0
-23820 0
-49261 0
-35321 0
-7167 0
14318 0
18963 0
-12643 0
-11644 0
2928 0
-28392 0
-13318 0
-20310 0
2397 0
-11664 0
-13252 0
-19309 0
9542 0
-37723 0
-49101 0
17069 0
-29070 0
-45623 0
35919 0
-7332 0
3362 0
-5202 0
26301 0
29209 0
-5909 0
44497 0
-22565 0
-5341 0
-81 0
103 0
30852 0
-31037 0
-8853 0
14342 0
-9698 0
-59993 0
22196 0
15388 0
-44144 0
41164 0
18376 0
26273 0
-24161 0
-15300 0
13177 0
-5037 0
11365 0
30176 0
25237 0
7547 0
9092 0
-26645 0
9199 0
17481 0
-37128 0
-18401 0
-8051 0
-25198 0
-14492 0
23924 0
-42354 0
-4376 0
-12705 0
-3667 0
-26573 0
-10378 0
31497 0
25637 0
28449 0
14997 0
32429 0
-10786 0
30807 0
33897 0
-41521 0
-25591 0
42106 0
-39778 0
20842 0
-21113 0
31756 0
3937 0
-32428 0
-9823 0
24113 0
-28176 0
7611 0
57614 0
-7636 0
53591 0
15818 0
9172 0
57945 0
-22570 0
3188 0
12450 0
-33836 0
-16701 0
-49349 0
24407 0
11066 0
9034 0
20254 0
18656 0
22175 0
21300 0
-5484 0
34580 0
5606 0
9446 0
-28557 0
-26498 0
49930 0
8873 0
11512 0
-13203 0
-13676 0
51888 0
-57683 0
58877 0
23660 0
52410 0
-4792 0
-10160 0
12713 0
1087 0
1544 0
40619 0
57464 0
-58039 0
17444 0
-55814 0
-46260 0
41909 0
254 0
-6510 0
20328 0
-21951 0
-34682 0
-3939 0
-38799 0
-33519 0
-31682 0
12822 0
28278 0
14720 0
36871 0
-20595 0
5538 0
-11765 0
51573 0
-14546 0
21296 0
18347 0
30827 0
-27295 0
4764 0
-60048 0
21282 0
4640 0
-41159 0
-15706 0
11467 0
-12886 0
-3810 0
8662 0
20671 0
-1407 0
14135 0
27151 0
-27195 0
6563 0
-29038 0
-11608 0
-5752 0
4691 0
-36906 0
3611 0
-27637 0
26506 0
-16656 0
-20799 0
-14885 0
31086 0
-36425 0
25689 0
34116 0
-24154 0
-10643 0
3726 0
-9421 0
-2604 0
15279 0
17957 0
-33171 0
27877 0
-45767 0
61225 0
-11954 0
43855 0
-14930 0
-5044 0
-20462 0
2580 0
11132 0
-4304 0
-21508 0
-25904 0
-56069 0
40397 0
29825 0
18310 0
-43120 0
-9102 0
-14350 0
-59984 0
-18907 0
50660 0
-5677 0
-6618 0
-21641 0
7195 0
45705 0
-15362 0
55597 0
16967 0
-2964 0
-5470 0
-11424 0
37388 0
35994 0
21972 0
22058 0
15379 0
12680 0
14441 0
-6154 0
-1906 0
39653 0
53764 0
-22122 0
-22998 0
-3021 0
-42499 0
-12397 0
-25525 0
-33755 0
-22921 0
-55611 0
-25919 0
-45272 0
-19665 0
5692 0
26852 0
-21977 0
28469 0
-27408 0
41015 0
17367 0
-22236 0
-18831 0
-47990 0
6273 0
-32665 0
8987 0
-17336 0
-13906 0
34286 0
38134 0
5538 0
-4138 0
-29806 0
-36336 0
-43989 0
-3651 0
25628 0
17656 0
-15773 0
2693 0
-7579 0
19460 0
1765 0
-26056 0
36050 0
-42196 0
-17753 0
40636 0
27972 0
-10182 0
-915 0
18434 0
-19581 0
-1966 0
28989 0
-19244 0
4561 0
39070 0
-8014 0
-15638 0
-16178 0
2232 0
-23960 0
-15081 0
24117 0
-29761 0
-11942 0
21643 0
-32155 0
-16669 0
-30187 0
10387 0
-14757 0
-3708 0
45794 0
-24563 0
4097 0
6458 0
-98 0
28157 0
-6656 0
-7392 0
-31780 0
-11540 0
21464 0
-10645 0
-3206 0
-55931 0
7678 0
8270 0
-28626 0
-46017 0
-37003 0
-15049 0
-7478 0
-63836 0
-6162 0
6893 0
7223 0
-27865 0
-36775 0
-32049 0
45444 0
38236 0
9619 0
38226 0
-16313 0
37590 0
57192 0
-8131 0
37248 0
32806 0
30922 0
8356 0
-37133 0
53037 0
19636 0
-19879 0
-4432 0
18099 0
-19141 0
38848 0
34353 0
28012 0
-55211 0
-7737 0
4794 0
8325 0
5935 0
6349 0
-5358 0
36084 0
2772 0
-9043 0
9322 0
-10896 0
-4264 0
-1303 0
27165 0
6044 0
16398 0
-9553 0
11985 0
4261 0
-33319 0
21931 0
52813 0
23729 0
6406 0
13636 0
24488 0
19325 0
-20343 0
-24143 0
-6854 0
2122 0
38392 0
-40636 0
-16768 0
1281 0
26607 0
5315 0
-19083 0
21657 0
13488 0
24460 0
-19195 0
-11366 0
-14575 0
-15595 0
-48555 0
-11951 0
4105 0
30823 0
2004 0
-7118 0
-35738 0
-8048 0
-32923 0
-24368 0
36697 0
-59382 0
32001 0
54090 0
6300 0
-27875 0
-18600 0
-32335 0
-44145 0
16923 0
-24619 0
-153 0
-40053 0
4445 0
-41917 0
51318 0
14575 0
-36151 0
6047 0
12812 0
-47820 0
2383 0
14272 0
12674 0
-28907 0
43476 0
-13995 0
-9595 0
7549 0
12617 0
-1732 0
-9444 0
44492 0
-28898 0
10284 0
50313 0
-5327 0
3924 0
34822 0
3724 0
-42071 0
-43926 0
8180 0
-38738 0
25500 0
-43131 0
-8693 0
-37121 0
-44227 0
-580 0
36448 0
50238 0
-8439 0
20267 0
-36267 0
54669 0
-458 0
19992 0
10352 0
25733 0
-1148 0
-38248 0
-41952 0
-16878 0
15598 0
24476 0
14445 0
-35127 0
-27634 0
-6999 0
-9136 0
19226 0
6579 0
-34476 0
18510 0
21885 0
-10354 0
6993 0
-17468 0
-8481 0
11618 0
-23822 0
-29115 0
-355 0
8041 0
-17038 0
-50232 0
17991 0
-29080 0
635 0
-37106 0
10991 0
18777 0
13395 0
30924 0
27954 0
-39854 0
14371 0
15618 0
16612 0
15850 0
5905 0
3775 0
-58485 0
5396 0
10549 0
-21220 0
32406 0
-41016 0
-38401 0
-15548 0
44200 0
-37046 0
-26771 0
-43637 0
22767 0
-8707 0
-44927 0
5783 0
56663 0
-8989 0
-6153 0
-38673 0
8787 0
-32748 0
-10910 0
-11662 0
-47603 0
-40155 0
34477 0
-27333 0
15955 0
-943 0
-102 0
9664 0
47562 0
-10005 0
13113 0
-17781 0
15256 0
21815 0
-6533 0
3135 0
-11296 0
17609 0
39044 0
10357 0
-29833 0
-40310 0
31577 0
17743 0
-31364 0
-28595 0
37604 0
7333 0
-18477 0
7031 0
26018 0
22423 0
-9846 0
-8194 0
19181 0
46264 0
-52532 0
-40080 0
7292 0
18584 0
38112 0
36354 0
-36018 0
-91 0
-31360 0
-9400 0
-47639 0
-17578 0
31738 0
-42302 0
16922 0
28301 0
-37394 0
-20236 0
52231 0
12743 0
-14014 0
44140 0
10510 0
24854 0
39319 0
3384 0
45342 0
14919 0
27139 0
-48721 0
-2009 0
-28227 0
33752 0
-55689 0
-12862 0
55111 0
-36020 0
-33586 0
27542 0
31176 0
28184 0
32366 0
-9967 0
52946 0
414 0
23383 0
-5597 0
-25940 0
-16796 0
5644 0
19326 0
22534 0
10149 0
-4960 0
-4478 0
38417 0
-27262 0
17954 0
2623 0
-712 0
-27071 0
-11054 0
159 0
-25281 0
-37836 0
-32280 0
-44407 0
-11531 0
19636 0
36207 0
12970 0
15370 0
-42099 0
-6556 0
15098 0
-34586 0
-44772 0
3047 0
17540 0
48449 0
14373 0
-8281 0
-3481 0
46540 0
-11746 0
-19586 0
-32425 0
-8472 0
-20754 0
-32731 0
11511 0
1586 0
-31720 0
-38915 0
13747 0
5358 0
-17528 0
62194 0
25699 0
60631 0
-21289 0
33524 0
-37130 0
15847 0
-40094 0
-20386 0
-44396 0
-61613 0
40698 0
4742 0
-5937 0
-4856 0
17314 0
-43358 0
7450 0
15344 0
-33183 0
-13701 0
36629 0
3699 0
58652 0
-14400 0
19181 0
-54829 0
14250 0
38451 0
19168 0
-40513 0
42267 0
-11699 0
27708 0
40369 0
-38828 0
-16900 0
33107 0
-50906 0
-27555 0
25968 0
-47900 0
-1584 0
12417 0
-1144 0
29813 0
-15760 0
-21151 0
-25123 0
-5809 0
-23913 0
2143 0
33609 0
-56279 0
30445 0
51806 0
19580 0
-29854 0
-8028 0
-12427 0
26878 0
-29478 0
-26048 0
2938 0
12078 0
-35289 0
1365 0
546 0
10359 0
42640 0
-43750 0
-1584 0
-8189 0
-18545 0
-843 0
-40724 0
27975 0
35148 0
-55191 0
-25154 0
26067 0
-1876 0
16331 0
-17421 0
16055 0
-34527 0
37760 0
18518 0
-49675 0
19709 0
-28632 0
-19694 0
897 0
38856 0
-13516 0
-22022 0
8595 0
7504 0
-25886 0
-18105 0
27194 0
18822 0
26626 0
-9347 0
18814 0
-34016 0
46833 0
4496 0
-25793 0
-26148 0
7869 0
1263 0
-24624 0
26391 0
20403 0
-10140 0
6128 0
-19124 0
32758 0
17811 0
737 0
-2283 0
-40646 0
-24082 0
-2090 0
461 0
16572 0
4729 0
28126 0
41880 0
-2617 0
25123 0
55066 0
2248 0
15487 0
-39676 0
17788 0
21321 0
39946 0
35435 0
-9438 0
12653 0
-284 0
-6688 0
-37869 0
42612 0
6934 0
-19787 0
-48240 0
-13912 0
-28977 0
-22581 0
43430 0
-6308 0
-54135 0
-15633 0
56955 0
-5103 0
-13390 0
-26118 0
2032 0
-29006 0
-11857 0
2743 0
2932 0
-50572 0
26116 0
-11860 0
12495 0
-11207 0
12484 0
44584 0
42249 0
27974 0
9925 0
15459 0
4164 0
-9672 0
10195 0
-25542 0
934 0
6523 0
-32979 0
-14899 0
613 0
23220 0
7627 0
-27797 0
8941 0
-35017 0
46451 0
2035 0
6476 0
-38535 0
5768 0
27955 0
-8210 0
-45563 0
3108 0
-57983 0
56635 0
9691 0
11517 0
-41164 0
29635 0
-2528 0
-38735 0
-15482 0
32197 0
17327 0
38772 0
-2091 0
-19748 0
25263 0
-1576 0
-47783 0
-4527 0
-10433 0
-63284 0
25009 0
-4599 0
-61142 0
-64734 0
-59814 0
29369 0
9263 0
21410 0
30120 0
-7516 0
-17051 0
2905 0
9175 0
4187 0
39771 0
-16608 0
-36101 0
-33748 0
21197 0
-20204 0
-36188 0
3554 0
-4085 0
-7866 0
38353 0
15129 0
-54332 0
3002 0
16209 0
-16461 0
40042 0
11345 0
35916 0
18836 0
-28549 0
9118 0
-1704 0
12679 0
-20504 0
-52129 0
-25294 0
-32790 0
-3569 0
-33573 0
-55473 0
-14548 0
24487 0
-44469 0
-29097 0
-14529 0
-57832 0
-38428 0
-18673 0
26974 0
-13268 0
17401 0
59456 0
-22587 0
-7087 0
6284 0
-23125 0
33046 0
-1249 0
-17299 0
-8699 0
6764 0
-51335 0
-19395 0
19815 0
1269 0
-21040 0
-8736 0
3081 0
-20225 0
21601 0
-1645 0
26355 0
47664 0
10760 0
23006 0
42568 0
16934 0
38187 0
28040 0
2413 0
31484 0
41126 0
-5536 0
-29681 0
34392 0
53196 0
10457 0
13112 0
21459 0
-3081 0
9746 0
50054 0
-40626 0
-13874 0
-13637 0
7586 0
-57821 0
-50008 0
-51806 0
-21056 0
-25750 0
-4766 0
1122 0
-658 0
-7233 0
44844 0
31352 0
7988 0
53946 0
-15071 0
-34066 0
9700 0
-10100 0
-31968 0
-32608 0
16227 0
1251 0
18813 0
5518 0
-3711 0
-46527 0
-41160 0
-3610 0
21532 0
39560 0
2846 0
3609 0
-27544 0
15002 0
8592 0
-25760 0
-25097 0
-26498 0
121 0
-2461 0
4155 0
-8193 0
-18762 0
-8511 0
26874 0
-505 0
-52245 0
-47548 0
-5393 0
8412 0
-615 0
-14453 0
19284 0
-20396 0
30060 0
24818 0
281 0
15268 0
-8828 0
21265 0
-5773 0
15921 0
-22742 0
21533 0
-18793 0
-10219 0
23059 0
40782 0
7542 0
57590 0
12810 0
-19391 0
-18550 0
1907 0
5466 0
17771 0
665 0
6926 0
9669 0
-24382 0
-16966 0
-50465 0
17566 0
-59292 0
-38055 0
-16980 0
45936 0
-30740 0
3921 0
9540 0
3065 0
-15506 0
-34597 0
-54665 0
-29879 0
3953 0
37726 0
58346 0
12985 0
-5993 0
26306 0
11430 0
-53772 0
-29020 0
-20864 0
14971 0
31299 0
-43824 0
-27705 0
8702 0
16795 0
19154 0
29034 0
5648 0
26802 0
-11916 0
-10700 0
13930 0
-17709 0
-20843 0
-49047 0
19313 0
51965 0
-20826 0
19606 0
37153 0
-20 0
-20197 0
2284 0
-43147 0
10256 0
47467 0
-38789 0
34354 0
-43579 0
-5033 0
4202 0
3631 0
-33948 0
-27450 0
-13193 0
-28409 0
32118 0
-52541 0
4612 0
22050 0
5148 0
19040 0
-12490 0
939 0
-8481 0
-18097 0
3554 0
-4464 0
39902 0
30144 0
-10616 0
45781 0
37956 0
-474 0
42478 0
-18355 0
42339 0
-33808 0
-35930 0
-16669 0
-34251 0
18797 0
8180 0
-5046 0
-46990 0
14708 0
5011 0
21825 0
59860 0
-30169 0
31641 0
-47423 0
39282 0
4440 0
1866 0
-1242 0
144 0
-65229 0
-23678 0
2543 0
5957 0
-6475 0
-7580 0
-22724 0
-3723 0
12293 0
21756 0
30136 0
-14795 0
5798 0
12057 0
4957 0
15841 0
7999 0
-29424 0
-15012 0
36428 0
20834 0
20774 0
34302 0
-8015 0
11124 0
-11867 0
12575 0
-4726 0
44719 0
-11379 0
1474 0
22852 0
18701 0
-56397 0
-19138 0
-51025 0
-29280 0
10017 0
14524 0
-30256 0
31598 0
9919 0
51610 0
-47918 0
26550 0
4246 0
-28083 0
8751 0
23932 0
-33261 0
14284 0
-48406 0
30956 0
52700 0
13218 0
53673 0
-42274 0
-16187 0
-27429 0
24062 0
-502 0
-15841 0
30786 0
28655 0
59174 0
-21882 0
17422 0
-2825 0
-27589 0
-22865 0
1598 0
-10661 0
-29118 0
27920 0
16549 0
13581 0
-21417 0
-19989 0
33207 0
-20179 0
15135 0
19340 0
-33939 0
-11377 0
-24364 0
21288 0
-21925 0
-4190 0
-843 0
-24161 0
-14927 0
-31962 0
-10589 0
-1529 0
30798 0
49952 0
-30754 0
47126 0
30811 0
-11848 0
60742 0
-4557 0
-17590 0
32194 0
-22416 0
-21001 0
-22332 0
-41297 0
1853 0
