0 0
89 0
-311 0
-169 0
-653 0
937 0
901 0
-80 0
-1365 0
-704 0
743 0
-698 0
1251 0
2307 0
1545 0
-2610 0
1137 0
-3059 0
-299 0
-72 0
2651 0
-1521 0
103 0
923 0
-4193 0
1080 0
-621 0
1526 0
4705 0
5799 0
1358 0
5552 0
-905 0
4759 0
-2149 0
-5249 0
6920 0
5084 0
6616 0
-7449 0
284 0
612 0
-4839 0
4877 0
6445 0
715 0
-7325 0
-2049 0
8141 0
-2953 0
-4441 0
-451 0
5161 0
-8725 0
6623 0
-4814 0
2485 0
-4860 0
-4564 0
6442 0
-2649 0
944 0
6203 0
2071 0
-8845 0
9869 0
10256 0
-8657 0
3804 0
-1862 0
11077 0
-1529 0
-12953 0
-10772 0
9827 0
5170 0
-1203 0
-2381 0
-3899 0
-11161 0
979 0
-12537 0
-1578 0
181 0
-13353 0
-9747 0
4025 0
5686 0
-16019 0
-11628 0
16860 0
-2735 0
-13798 0
2735 0
-80 0
-12250 0
9471 0
9133 0
-6703 0
-14083 0
2756 0
-268 0
3567 0
-11670 0
-9939 0
-3722 0
18455 0
4124 0
-9612 0
4530 0
9319 0
14158 0
-2174 0
-12205 0
976 0
-9298 0
20 0
-16294 0
14208 0
-11246 0
21876 0
2078 0
-21710 0
-3093 0
-12118 0
-107 0
5073 0
7169 0
13635 0
18061 0
5176 0
121 0
-5273 0
-19919 0
7973 0
20530 0
2239 0
-22481 0
-15836 0
1092 0
-7622 0
17380 0
-1124 0
-14187 0
-8300 0
2894 0
1400 0
-299 0
-1583 0
10942 0
-25646 0
-10167 0
24496 0
18962 0
-16834 0
-8659 0
9349 0
17542 0
1542 0
19050 0
24636 0
-1946 0
-8673 0
-2264 0
13377 0
4785 0
17051 0
16691 0
-23197 0
26153 0
-16495 0
10229 0
2433 0
-8734 0
27048 0
3356 0
-34 0
27310 0
-10081 0
-9129 0
-11072 0
3452 0
-21774 0
-15643 0
3681 0
1785 0
12716 0
25117 0
-14841 0
-21366 0
18443 0
8297 0
-3294 0
19110 0
-9084 0
-25114 0
15449 0
-1024 0
28389 0
-11579 0
-30374 0
-30012 0
17369 0
30361 0
25570 0
-21871 0
-2472 0
28782 0
324 0
29564 0
-9155 0
-5418 0
2839 0
-19814 0
13952 0
21162 0
8584 0
-10462 0
-22619 0
-7290 0
-2157 0
23776 0
21943 0
29991 0
11705 0
-11633 0
-16409 0
-18471 0
31146 0
-2289 0
15999 0
32382 0
-8991 0
-21679 0
-31492 0
8927 0
22341 0
32544 0
10123 0
15577 0
-28649 0
22221 0
8424 0
21882 0
-12932 0
29523 0
5853 0
8219 0
-20635 0
2802 0
24236 0
14249 0
-23150 0
-12959 0
-26897 0
-16612 0
19697 0
-25284 0
-19418 0
12913 0
-19925 0
1060 0
-13595 0
30607 0
28294 0
8876 0
31514 0
12140 0
-4104 0
-8737 0
-22731 0
-9177 0
-22684 0
19951 0
-7007 0
-734 0
-8242 0
-6265 0
-13614 0
24569 0
17339 0
17667 0
-2799 0
17864 0
16672 0
-13506 0
1704 0
2862 0
-11360 0
-11052 0
-20482 0
-25922 0
-8336 0
-97 0
7789 0
-3930 0
-14063 0
-16486 0
16372 0
-16461 0
10833 0
2031 0
21159 0
-18077 0
-5136 0
19827 0
8464 0
-13115 0
-25404 0
16227 0
8042 0
-18320 0
-24428 0
29303 0
8137 0
9537 0
23509 0
-2345 0
-19053 0
-23239 0
13383 0
16161 0
22129 0
-24600 0
-16001 0
-5666 0
28654 0
2654 0
-21434 0
-13588 0
28654 0
671 0
-14607 0
-6312 0
15571 0
-26999 0
-2122 0
-12454 0
19878 0
-20237 0
-3101 0
17288 0
4574 0
-9537 0
-12814 0
-16964 0
-25602 0
-17540 0
6959 0
-5342 0
24176 0
20818 0
23503 0
8262 0
-15388 0
-1808 0
-10901 0
10175 0
-8210 0
-8803 0
14071 0
25901 0
16621 0
-16051 0
-7837 0
5305 0
23262 0
-4823 0
13824 0
20359 0
-13410 0
22676 0
-9357 0
-19520 0
-23425 0
-18958 0
-9828 0
9303 0
-10074 0
10006 0
1210 0
22586 0
-13494 0
1643 0
-13080 0
12171 0
-12888 0
10251 0
-19624 0
-17561 0
8401 0
-2256 0
8338 0
-7748 0
21632 0
-11210 0
-17174 0
-7921 0
10808 0
20942 0
-7831 0
-4201 0
-17714 0
20317 0
10722 0
-4559 0
-622 0
17198 0
15583 0
17701 0
-6949 0
18031 0
15344 0
-4007 0
17009 0
5331 0
-3106 0
-16793 0
-8807 0
15822 0
16834 0
-14242 0
-15316 0
11289 0
-11413 0
15277 0
-3251 0
-12828 0
-6108 0
-14445 0
13670 0
-13283 0
12467 0
9256 0
12276 0
12893 0
-4084 0
-5509 0
2610 0
-4345 0
-8284 0
-4052 0
5196 0
11447 0
4850 0
-3080 0
-9714 0
6997 0
12200 0
11560 0
11884 0
8787 0
7775 0
-8597 0
-10558 0
-3986 0
5023 0
5193 0
4850 0
1059 0
-6295 0
-4464 0
1425 0
-8690 0
-34 0
-1041 0
1452 0
-4294 0
-8282 0
6329 0
5385 0
-3293 0
-7802 0
2401 0
1155 0
-1197 0
-5090 0
-5858 0
802 0
-1682 0
-1062 0
-2866 0
-2813 0
1479 0
309 0
1189 0
3767 0
2381 0
-3041 0
3149 0
-3074 0
-3530 0
-822 0
144 0
1882 0
-2190 0
2539 0
-2742 0
-2140 0
2183 0
-2171 0
1802 0
433 0
-1556 0
337 0
939 0
-484 0
-925 0
238 0
-554 0
31 0
-170 0
0 0
191 0
228 0
-76 0
492 0
197 0
1170 0
24 0
1044 0
-721 0
-228 0
-1200 0
1902 0
-497 0
-2123 0
2631 0
-2023 0
1507 0
-2802 0
-2076 0
-2029 0
515 0
3625 0
-4029 0
311 0
4550 0
-5206 0
1550 0
-4420 0
-4995 0
-2750 0
-2470 0
-3034 0
-4121 0
-4349 0
-2929 0
4074 0
-6525 0
1506 0
7193 0
-1175 0
6610 0
-3727 0
-7268 0
-4368 0
-2864 0
5955 0
4401 0
4649 0
1805 0
-7774 0
-9119 0
-3853 0
-9820 0
-1944 0
1207 0
-9163 0
5716 0
-7582 0
3070 0
-8728 0
2993 0
5491 0
1094 0
7856 0
-9510 0
-7595 0
-10255 0
-5367 0
-2462 0
4586 0
6362 0
-12284 0
6185 0
-6920 0
-7219 0
881 0
10115 0
-7337 0
11763 0
-2806 0
-3243 0
-10744 0
-9507 0
-3630 0
-8984 0
7446 0
334 0
12209 0
16713 0
4472 0
-1021 0
7399 0
-4763 0
-17869 0
12065 0
1418 0
-13002 0
6382 0
-18278 0
16761 0
16741 0
-4741 0
-6559 0
-7556 0
-1545 0
-14286 0
-13329 0
8073 0
-9977 0
14431 0
-14658 0
20463 0
4864 0
14618 0
-11462 0
-20337 0
19249 0
14079 0
-11554 0
-21721 0
-21566 0
-15138 0
-9616 0
-49 0
10565 0
-16989 0
16517 0
-20541 0
9072 0
-645 0
3398 0
-271 0
-3660 0
5306 0
23044 0
-17491 0
-11014 0
23675 0
3237 0
16456 0
10044 0
-5690 0
-19591 0
21212 0
-17585 0
4855 0
-12175 0
-10467 0
-3191 0
7729 0
15176 0
7232 0
-12148 0
-17904 0
23704 0
10841 0
-26906 0
-19573 0
-14449 0
-7963 0
-25447 0
18141 0
-18286 0
25345 0
-8392 0
-13861 0
13174 0
-16834 0
-23964 0
7470 0
-9900 0
11529 0
-19494 0
-23788 0
17563 0
20853 0
-27517 0
8646 0
27173 0
-24629 0
25112 0
10535 0
20178 0
-14158 0
-20906 0
-17858 0
12914 0
16120 0
27911 0
28420 0
5826 0
-9930 0
-26774 0
-25637 0
10123 0
-10850 0
22608 0
-29593 0
-1949 0
9328 0
-7231 0
26724 0
-12282 0
27657 0
-18011 0
19797 0
8934 0
27635 0
-13259 0
30254 0
-905 0
-25248 0
-1833 0
-9554 0
27903 0
-29068 0
19953 0
-18814 0
-16098 0
-25751 0
22172 0
-460 0
21418 0
12799 0
3874 0
-5586 0
4734 0
-11141 0
17142 0
4575 0
-20706 0
28494 0
-23922 0
-4543 0
-30863 0
-585 0
7840 0
-28059 0
6903 0
-16635 0
17138 0
12462 0
-19192 0
26597 0
-8687 0
-21229 0
-26695 0
12658 0
-9693 0
-21121 0
-22366 0
-1324 0
292 0
-25530 0
-13225 0
-884 0
-7888 0
6555 0
-22895 0
-16192 0
-4065 0
-4110 0
11654 0
-12455 0
19645 0
32274 0
-7167 0
-16299 0
-23863 0
18704 0
-27324 0
-2448 0
-5223 0
-4203 0
-11617 0
-10215 0
24835 0
7930 0
13405 0
31172 0
-1275 0
-1204 0
27562 0
-17176 0
1003 0
11434 0
12575 0
111 0
469 0
-8908 0
16717 0
5528 0
17826 0
13397 0
29410 0
1120 0
10713 0
16358 0
27019 0
-9767 0
-16052 0
-780 0
11677 0
25920 0
17271 0
-4719 0
15214 0
26384 0
22110 0
18727 0
-4032 0
-12653 0
2018 0
-30714 0
6409 0
10592 0
5064 0
27495 0
26803 0
-29497 0
-28711 0
-27162 0
29356 0
-27646 0
-21711 0
-29524 0
28373 0
-6688 0
21078 0
15871 0
9111 0
-26670 0
13601 0
5489 0
-15127 0
19777 0
-15238 0
9457 0
-10083 0
22720 0
-24440 0
-22955 0
-11807 0
6447 0
-15559 0
-20233 0
18391 0
-9007 0
-22883 0
9425 0
-21404 0
774 0
3294 0
-9599 0
21038 0
-7835 0
-22263 0
-7828 0
5266 0
11938 0
8702 0
-9695 0
-15756 0
-17624 0
24557 0
22766 0
7224 0
-18836 0
-14597 0
-290 0
21946 0
-23967 0
8879 0
-8565 0
-65 0
-6944 0
15663 0
1128 0
-14597 0
1676 0
19893 0
-4659 0
106 0
16892 0
1248 0
9817 0
-19342 0
-1661 0
-13116 0
21108 0
1988 0
11491 0
-8710 0
4161 0
-17857 0
-10746 0
9678 0
-7176 0
-17644 0
20295 0
6223 0
-10103 0
10077 0
-4945 0
19284 0
-5659 0
9984 0
10941 0
1224 0
-9128 0
16421 0
9629 0
-9947 0
8561 0
-7469 0
-7591 0
-10957 0
15677 0
5793 0
-14124 0
11428 0
-4004 0
8644 0
11205 0
-10189 0
-11881 0
5866 0
-1583 0
-11085 0
-6766 0
11853 0
-1203 0
14439 0
10883 0
9119 0
-11964 0
-1234 0
11239 0
3399 0
-9806 0
3106 0
7985 0
7760 0
-10275 0
2335 0
12525 0
3451 0
-5801 0
-9440 0
4029 0
-4900 0
-8095 0
4013 0
5299 0
8384 0
4431 0
6737 0
-10644 0
-561 0
-8465 0
5740 0
-1510 0
-775 0
-7360 0
6723 0
1135 0
-7608 0
5863 0
2134 0
-6763 0
1978 0
7128 0
7071 0
680 0
6345 0
-2915 0
-5826 0
1242 0
-998 0
1751 0
-2856 0
-2973 0
-5423 0
-2906 0
-5290 0
-3110 0
-1559 0
-2729 0
4043 0
-3030 0
-1909 0
907 0
-2291 0
1242 0
572 0
1981 0
-609 0
1074 0
1045 0
-511 0
-883 0
-694 0
1302 0
1085 0
-1349 0
-934 0
920 0
690 0
142 0
20 0
-3 0
0 0
-158 0
85 0
-70 0
713 0
-981 0
27 0
-278 0
-90 0
352 0
-1719 0
2209 0
-1325 0
-1672 0
2174 0
1246 0
-1676 0
911 0
2164 0
-3362 0
3463 0
2126 0
-3090 0
-580 0
30 0
-2453 0
4497 0
4885 0
3660 0
-2770 0
-4337 0
5010 0
1760 0
4675 0
-5684 0
6141 0
551 0
5100 0
6506 0
3807 0
7069 0
-7325 0
6893 0
3856 0
1502 0
-163 0
-3107 0
-2789 0
-3574 0
7545 0
5905 0
-1213 0
3898 0
-6808 0
8051 0
-9422 0
2386 0
-5952 0
-6159 0
-4949 0
-9289 0
3471 0
-4839 0
1972 0
11227 0
6218 0
3600 0
-4137 0
9835 0
-5668 0
-998 0
-6727 0
12194 0
-5629 0
11078 0
-8569 0
-762 0
5967 0
7756 0
10527 0
-14029 0
10028 0
2973 0
-14514 0
12766 0
14968 0
12692 0
5486 0
11407 0
-1783 0
-5753 0
6630 0
8259 0
-1623 0
17437 0
-11605 0
-13555 0
4183 0
14313 0
6758 0
693 0
-11968 0
-17860 0
13990 0
9907 0
13715 0
-10097 0
19767 0
4627 0
-10933 0
-14125 0
19557 0
-20144 0
9572 0
-15781 0
1492 0
9780 0
-8607 0
-12751 0
8463 0
17495 0
-19625 0
-7682 0
21602 0
-124 0
11394 0
16670 0
-12002 0
1136 0
3580 0
13608 0
-16498 0
4691 0
-565 0
19342 0
13648 0
-847 0
16726 0
6233 0
21307 0
-5749 0
-16535 0
14349 0
-10010 0
-6634 0
4307 0
6104 0
19125 0
-8289 0
8654 0
-24301 0
22010 0
21748 0
4126 0
-25452 0
-21043 0
-25534 0
24742 0
-22985 0
-7235 0
-20650 0
3989 0
19678 0
-9551 0
-82 0
-18261 0
20517 0
25754 0
17100 0
-6929 0
-841 0
-8562 0
-20133 0
22799 0
-18472 0
28327 0
27739 0
10145 0
28 0
14473 0
2042 0
-23003 0
-5320 0
-19437 0
-18885 0
16776 0
-294 0
-24015 0
-5299 0
-5295 0
26672 0
8210 0
2099 0
-8912 0
-11229 0
-22835 0
-13263 0
-19075 0
15603 0
-20039 0
-8181 0
12597 0
16934 0
13927 0
-4224 0
7978 0
-30543 0
-28857 0
8137 0
-6616 0
10229 0
-30359 0
-8666 0
19584 0
11893 0
1726 0
-20614 0
1484 0
-20433 0
1309 0
-7626 0
-21069 0
11857 0
-27952 0
3717 0
-28898 0
-23337 0
-249 0
-13663 0
21465 0
7842 0
-10627 0
-26667 0
-22896 0
19593 0
6544 0
31429 0
-7965 0
14338 0
30597 0
-9343 0
9127 0
6366 0
28564 0
-13598 0
29704 0
8508 0
-713 0
-11487 0
15992 0
31104 0
-18608 0
29359 0
-16792 0
5456 0
27931 0
18274 0
-32163 0
-10669 0
19635 0
3773 0
-32112 0
29250 0
20630 0
-29658 0
2784 0
28524 0
-13808 0
29761 0
2922 0
-14559 0
25988 0
2299 0
30905 0
3395 0
-10533 0
-5481 0
12660 0
2043 0
19829 0
4264 0
-13718 0
2185 0
23238 0
11917 0
3392 0
-24436 0
29557 0
10622 0
-5958 0
-28174 0
-16532 0
31558 0
18139 0
15269 0
-11441 0
7302 0
27406 0
-17790 0
2841 0
-8992 0
-2451 0
19894 0
14949 0
-2072 0
29783 0
-21458 0
825 0
11155 0
26005 0
-3022 0
-6307 0
-15173 0
-17226 0
-29918 0
-4292 0
18479 0
-24748 0
-14718 0
23305 0
-7801 0
-9327 0
-3727 0
-1284 0
13184 0
-10088 0
3078 0
8160 0
-11260 0
23179 0
-19062 0
-17025 0
25221 0
26764 0
4890 0
28534 0
23419 0
-12994 0
-6146 0
-9279 0
14500 0
-10135 0
11649 0
-7902 0
19690 0
-25075 0
-19147 0
21772 0
-9537 0
-11394 0
-6598 0
12756 0
20158 0
5022 0
-18448 0
-16918 0
15059 0
11213 0
-531 0
-24948 0
7270 0
1159 0
10464 0
15600 0
-23123 0
-14457 0
-20190 0
15603 0
9617 0
23808 0
13535 0
-3019 0
11155 0
14111 0
10293 0
-16342 0
-4446 0
10112 0
13256 0
12918 0
-12206 0
9316 0
10384 0
19764 0
4745 0
-1834 0
11101 0
-5646 0
-12013 0
15874 0
-729 0
17341 0
-5157 0
2689 0
21646 0
5188 0
8376 0
-13684 0
-2858 0
13584 0
4959 0
-19094 0
7839 0
7479 0
-5755 0
-1996 0
4684 0
19541 0
5229 0
12991 0
13284 0
-4276 0
9986 0
2833 0
-2550 0
-11259 0
-12785 0
11010 0
11273 0
10667 0
585 0
941 0
-12729 0
10703 0
-1054 0
-1575 0
-1026 0
7182 0
-4031 0
-11146 0
-6997 0
8316 0
-1603 0
-9727 0
4836 0
12660 0
-7340 0
2088 0
-3790 0
-7358 0
-10325 0
12503 0
-12907 0
7995 0
-8116 0
-6408 0
-9420 0
-2109 0
6624 0
2822 0
-9368 0
7538 0
-1993 0
-5560 0
5296 0
-7475 0
5573 0
7204 0
3843 0
7464 0
4021 0
-2284 0
-6694 0
7000 0
6426 0
8691 0
5022 0
-1149 0
-3723 0
-941 0
-762 0
8076 0
2955 0
-2934 0
-5849 0
-4651 0
-6777 0
6808 0
-2694 0
5036 0
-2286 0
-3471 0
-3411 0
-2470 0
-4208 0
4616 0
1551 0
1724 0
-3759 0
3800 0
-664 0
3594 0
43 0
1316 0
3552 0
998 0
-2027 0
663 0
1152 0
-1925 0
516 0
-173 0
-53 0
25 0
1156 0
748 0
-840 0
-309 0
81 0
-223 0
-84 0
97 0
0 0
-87 0
-151 0
-25 0
-89 0
956 0
-559 0
534 0
-872 0
-258 0
-631 0
529 0
769 0
1655 0
774 0
-101 0
-696 0
3075 0
-2383 0
-3812 0
-3371 0
627 0
2021 0
620 0
-2723 0
-1704 0
18 0
721 0
-4034 0
-2464 0
112 0
-610 0
-1405 0
349 0
-854 0
4026 0
-2696 0
-1999 0
6720 0
4836 0
2447 0
-5916 0
3905 0
-5923 0
-8707 0
-7951 0
-2398 0
2151 0
5764 0
-5260 0
449 0
2295 0
-603 0
-9731 0
1360 0
9656 0
7082 0
4653 0
6113 0
2093 0
-4481 0
986 0
-8602 0
-6395 0
11381 0
-6184 0
-4368 0
-9173 0
-11741 0
11218 0
2854 0
-13062 0
10871 0
-7004 0
4973 0
358 0
7621 0
6823 0
10914 0
-4321 0
-6420 0
-23 0
4167 0
14228 0
-8717 0
2123 0
-10767 0
-6612 0
-5863 0
404 0
-5120 0
12481 0
11393 0
-2295 0
4635 0
6386 0
7514 0
-18035 0
-17142 0
-8474 0
11156 0
-5045 0
-12233 0
-7661 0
-12849 0
14282 0
-18404 0
-2312 0
12166 0
13702 0
-6530 0
-2015 0
14274 0
-13161 0
20625 0
7171 0
-20098 0
4446 0
-10805 0
13556 0
11826 0
-7304 0
-2504 0
-12883 0
19210 0
-3819 0
-14036 0
16101 0
18199 0
-16210 0
22029 0
-16340 0
-23193 0
-15548 0
-14795 0
-3248 0
-18138 0
-16750 0
-28 0
-24563 0
-22808 0
10918 0
-13335 0
-8920 0
18943 0
-11101 0
21626 0
17664 0
-5798 0
13099 0
-24722 0
14898 0
4343 0
23318 0
-24542 0
-14541 0
-20546 0
12135 0
12430 0
-12776 0
-7544 0
-12264 0
5866 0
-18473 0
6801 0
493 0
26878 0
-27131 0
23325 0
-643 0
5232 0
-10895 0
22696 0
1556 0
10035 0
6710 0
24478 0
-21935 0
-11700 0
16837 0
13694 0
-5742 0
-16480 0
-14380 0
-12890 0
-28110 0
-9629 0
13946 0
-21892 0
-15260 0
-19910 0
1070 0
-1141 0
17537 0
20195 0
25602 0
3937 0
-3762 0
18709 0
-11773 0
14350 0
-26079 0
14994 0
-5845 0
1702 0
-31176 0
21134 0
-28803 0
6447 0
13139 0
-21619 0
29336 0
-2911 0
3842 0
16742 0
27845 0
-22025 0
-5250 0
27089 0
19234 0
16174 0
20757 0
3372 0
-20888 0
-26206 0
-27918 0
4432 0
15380 0
-11989 0
-24027 0
-20493 0
-6324 0
-16237 0
-27432 0
-10626 0
-10275 0
18330 0
9555 0
-17258 0
18679 0
-30050 0
-12327 0
24324 0
22306 0
2676 0
-16685 0
26734 0
26853 0
-23587 0
11249 0
-20119 0
19504 0
28603 0
-12728 0
4396 0
6238 0
-30214 0
29331 0
22307 0
-5872 0
-14695 0
-753 0
30039 0
-5698 0
-15163 0
15821 0
23846 0
10223 0
22926 0
10711 0
14909 0
-4068 0
20939 0
527 0
2069 0
-17835 0
28967 0
9134 0
-180 0
-5956 0
30364 0
-19342 0
1016 0
-6078 0
6300 0
9148 0
-29977 0
20362 0
1802 0
20452 0
20054 0
-22144 0
18314 0
8103 0
12040 0
17731 0
12813 0
15110 0
-18192 0
17352 0
22553 0
-23025 0
9368 0
19934 0
5978 0
24592 0
756 0
-1721 0
-23501 0
23052 0
24657 0
5353 0
26582 0
20135 0
11835 0
-2331 0
-21656 0
29530 0
5310 0
-21748 0
6980 0
26283 0
-14009 0
-3617 0
-5882 0
26404 0
885 0
13039 0
-21669 0
-948 0
28812 0
-27933 0
15058 0
13446 0
-9958 0
26057 0
-4430 0
13347 0
6970 0
13312 0
27063 0
-27260 0
-5795 0
-18519 0
-54 0
-13402 0
21678 0
15738 0
18514 0
-4905 0
-4500 0
18176 0
-7607 0
-25042 0
-20763 0
-10821 0
-16004 0
16831 0
4800 0
24163 0
-14394 0
589 0
-25852 0
18534 0
-11588 0
11729 0
-1452 0
2297 0
3395 0
22355 0
-21480 0
-13533 0
127 0
-24331 0
-7284 0
-23360 0
19369 0
-10626 0
370 0
-2811 0
17964 0
8606 0
21578 0
19995 0
-9750 0
-10758 0
20639 0
21474 0
-10178 0
16196 0
-20871 0
-17538 0
20410 0
5193 0
-2247 0
20453 0
-14161 0
-16892 0
2145 0
19856 0
12335 0
16477 0
-597 0
-10017 0
-7970 0
-4078 0
-9107 0
1538 0
12498 0
-18661 0
1250 0
-16683 0
6075 0
-6498 0
-14260 0
-13916 0
3007 0
-12449 0
432 0
-10474 0
-15059 0
8993 0
739 0
4577 0
12682 0
11121 0
10094 0
-7900 0
1394 0
111 0
6444 0
4376 0
-8348 0
723 0
-15091 0
3816 0
13031 0
4566 0
-7808 0
-7952 0
-11991 0
-8052 0
6285 0
-2788 0
2676 0
11257 0
-8909 0
-2986 0
9226 0
5807 0
-8992 0
-9218 0
5811 0
9952 0
1893 0
3533 0
-7095 0
-7585 0
-2384 0
-9533 0
-784 0
2611 0
8381 0
3620 0
3018 0
-5979 0
8688 0
-6439 0
5493 0
6363 0
6546 0
6417 0
-570 0
3045 0
-6551 0
-1489 0
-2555 0
-6983 0
3935 0
-1803 0
3312 0
-322 0
-936 0
-4781 0
5447 0
1421 0
-2483 0
200 0
2858 0
-1167 0
1167 0
-3264 0
-2371 0
1600 0
2989 0
-1341 0
-2496 0
-2085 0
-2683 0
2170 0
1991 0
189 0
-701 0
310 0
-374 0
-945 0
-116 0
-654 0
-525 0
253 0
327 0
1 0
0 0
-19 0
-55 0
-310 0
34 0
872 0
-791 0
-426 0
-1336 0
-166 0
-1377 0
227 0
2062 0
-2380 0
263 0
1140 0
-1827 0
3379 0
3145 0
-1762 0
-2074 0
1850 0
593 0
2821 0
-2828 0
-1466 0
-2288 0
872 0
-3105 0
-1893 0
4663 0
-1642 0
-5514 0
-1769 0
5698 0
3761 0
-194 0
-3354 0
-3123 0
-5660 0
1351 0
6734 0
-6225 0
-2915 0
1774 0
-5780 0
-3429 0
-5886 0
8717 0
-4756 0
8451 0
-1541 0
294 0
-9649 0
5167 0
4308 0
-5783 0
2018 0
-3445 0
5510 0
-9544 0
-2151 0
-6159 0
2261 0
-10843 0
-7611 0
-4518 0
1425 0
-5516 0
10800 0
-4534 0
-6534 0
10343 0
-8179 0
10330 0
13591 0
5543 0
10510 0
7330 0
2601 0
5077 0
14330 0
-5762 0
-1954 0
-3002 0
-13037 0
-15728 0
-4352 0
-2127 0
-8622 0
-1289 0
14059 0
-5289 0
837 0
-4660 0
-3842 0
-5962 0
11603 0
-12646 0
13974 0
17803 0
11925 0
3895 0
7861 0
-5847 0
-3976 0
12905 0
2600 0
15462 0
-18973 0
-738 0
-8591 0
7509 0
-18541 0
18821 0
-8179 0
92 0
15157 0
-20623 0
-337 0
12131 0
-8406 0
-2631 0
-16108 0
7961 0
-4652 0
16074 0
-22230 0
20158 0
-8255 0
-21878 0
21571 0
2059 0
1819 0
-11250 0
5884 0
11600 0
12344 0
13422 0
21046 0
-14790 0
6502 0
7115 0
12722 0
21938 0
-17897 0
3998 0
-15743 0
24010 0
-10301 0
6621 0
7700 0
12399 0
3655 0
-7590 0
5464 0
-6387 0
18153 0
23898 0
-13964 0
10393 0
27013 0
4145 0
-18549 0
16790 0
27790 0
6905 0
-6490 0
21906 0
-17418 0
6937 0
14092 0
-677 0
19467 0
21229 0
-9547 0
25282 0
-27611 0
-9129 0
-23837 0
-14539 0
-4892 0
21183 0
20461 0
23730 0
4682 0
-1692 0
21922 0
-27566 0
-5741 0
-23771 0
3001 0
-9023 0
11342 0
8297 0
-8913 0
30309 0
-21404 0
-11238 0
-6020 0
-29032 0
-8708 0
-3095 0
-20759 0
-19656 0
-7257 0
16924 0
16735 0
-28569 0
14835 0
-31055 0
27263 0
15261 0
11550 0
31466 0
-6464 0
23659 0
2856 0
30759 0
11931 0
9710 0
-21094 0
-25906 0
30302 0
-10584 0
32007 0
-15141 0
18450 0
-21167 0
20217 0
2857 0
15760 0
32412 0
-6621 0
-22342 0
-329 0
-15839 0
-2855 0
-10602 0
30599 0
-23225 0
3314 0
26729 0
-7732 0
-19606 0
-24425 0
24949 0
7551 0
-489 0
-1804 0
16933 0
-30639 0
-31852 0
-4719 0
32764 0
-11639 0
21342 0
-5585 0
-16040 0
-18394 0
-8488 0
19347 0
24122 0
-22667 0
-5814 0
2887 0
-25459 0
-2056 0
-26473 0
-22197 0
-18641 0
18577 0
1456 0
11217 0
27217 0
24137 0
12397 0
-17925 0
22680 0
-30972 0
-7774 0
11381 0
20619 0
-29008 0
27329 0
-28063 0
32213 0
16360 0
-9693 0
24091 0
-22863 0
9242 0
7372 0
-24603 0
8817 0
-30830 0
13665 0
-15644 0
113 0
-7554 0
25011 0
21698 0
-2537 0
-8118 0
-12736 0
-3349 0
-6515 0
4954 0
14865 0
22237 0
-28630 0
20379 0
6959 0
26814 0
-10727 0
12714 0
-8828 0
-24785 0
13120 0
26347 0
-12948 0
-15126 0
24373 0
-18679 0
19892 0
-27937 0
12297 0
-17488 0
-22477 0
-5293 0
4326 0
-25648 0
8130 0
-2837 0
-8568 0
-845 0
7420 0
21731 0
-23404 0
-6223 0
25382 0
-18608 0
-13073 0
-1120 0
-23287 0
25276 0
-16118 0
19189 0
-1057 0
23478 0
10957 0
14954 0
-23953 0
8700 0
14396 0
-3053 0
26789 0
-23166 0
20319 0
20969 0
10919 0
-4547 0
18891 0
-4530 0
-2708 0
19649 0
11797 0
-21891 0
10045 0
19628 0
7809 0
6843 0
-10968 0
-6030 0
20245 0
-3237 0
-8486 0
-11734 0
333 0
11075 0
-21692 0
8658 0
6120 0
15139 0
6222 0
-6482 0
7058 0
15806 0
1966 0
-13749 0
7994 0
17451 0
17259 0
-5356 0
9883 0
-13588 0
8077 0
-10700 0
19980 0
14487 0
14782 0
-1602 0
7390 0
-7436 0
1795 0
4358 0
-14495 0
2759 0
19519 0
-12128 0
2914 0
17329 0
12186 0
-4863 0
-17987 0
17855 0
18140 0
-14913 0
-6579 0
13302 0
1646 0
6615 0
4506 0
15718 0
10424 0
-13037 0
13644 0
7368 0
10982 0
1970 0
-11817 0
-13729 0
3146 0
-11227 0
-6755 0
12942 0
-7442 0
-13802 0
-13091 0
-2002 0
-13111 0
12560 0
6680 0
-3521 0
9644 0
4194 0
1139 0
-4708 0
12539 0
4398 0
7594 0
9224 0
513 0
-5949 0
-620 0
1926 0
5429 0
5221 0
3440 0
3663 0
-1721 0
-7196 0
-4862 0
9140 0
-2107 0
-8585 0
973 0
5139 0
-406 0
-7304 0
1536 0
5653 0
-1400 0
61 0
6831 0
305 0
-2111 0
3888 0
-4834 0
-3406 0
-1376 0
-5835 0
3690 0
-3753 0
1831 0
2862 0
-4595 0
-1792 0
-307 0
2621 0
2275 0
3351 0
-2060 0
-578 0
3201 0
-1434 0
97 0
-2429 0
-1474 0
1864 0
2087 0
2076 0
1668 0
-1262 0
1301 0
253 0
-1029 0
-193 0
-88 0
-83 0
65 0
124 0
0 0
175 0
-26 0
-574 0
291 0
423 0
-1133 0
116 0
69 0
-1231 0
-50 0
1463 0
-1220 0
-1146 0
-1880 0
1786 0
-1649 0
-113 0
-1947 0
1796 0
3621 0
2470 0
-4410 0
-3922 0
-4636 0
2718 0
-1648 0
2850 0
-2211 0
-201 0
-2232 0
-3924 0
2119 0
-5860 0
-4338 0
-4382 0
3252 0
-2475 0
1974 0
4187 0
7662 0
-2081 0
-6032 0
4723 0
4138 0
-2653 0
1719 0
6723 0
4988 0
-415 0
-2330 0
-3838 0
9358 0
-3708 0
6194 0
9151 0
2233 0
5431 0
-11389 0
-9472 0
-9874 0
-4766 0
10066 0
-12167 0
-5392 0
-6847 0
-10061 0
-1392 0
-5229 0
-6574 0
10813 0
1746 0
10868 0
5807 0
2600 0
-9569 0
9311 0
10378 0
-3324 0
-7844 0
-5146 0
14280 0
14231 0
-12720 0
12236 0
1072 0
12759 0
805 0
-9067 0
3141 0
-5847 0
1323 0
11775 0
4072 0
-12574 0
14456 0
16770 0
11293 0
18097 0
-12579 0
-7785 0
4963 0
1738 0
18686 0
-3571 0
2212 0
8793 0
-18741 0
-6989 0
6604 0
8441 0
-199 0
-2680 0
-7138 0
7722 0
9502 0
-8418 0
14090 0
-17242 0
-13573 0
-8030 0
9589 0
-20433 0
-17804 0
-18169 0
-19638 0
-13318 0
-4721 0
22000 0
-1623 0
-15162 0
15308 0
-21620 0
-16490 0
2879 0
-2964 0
19645 0
-13648 0
20131 0
10016 0
4710 0
-21891 0
-18244 0
-19816 0
-15401 0
-1261 0
3623 0
-25335 0
-25832 0
2697 0
-13579 0
18647 0
22725 0
18220 0
-6365 0
-24475 0
-16922 0
372 0
8166 0
4604 0
22233 0
-1997 0
-3876 0
21383 0
-20986 0
-146 0
11512 0
5708 0
16203 0
-24160 0
5665 0
-4789 0
-3977 0
10903 0
3029 0
20640 0
-11501 0
-14224 0
1749 0
-15432 0
23038 0
2095 0
22283 0
9111 0
2323 0
16614 0
-6481 0
-29460 0
-19739 0
-2919 0
-9248 0
-1385 0
27281 0
10876 0
-13680 0
-18576 0
-24336 0
3980 0
-19253 0
-17969 0
16770 0
2080 0
12239 0
4610 0
12489 0
22590 0
-26945 0
-23466 0
-29186 0
25805 0
-1308 0
2456 0
-13667 0
-12401 0
-20113 0
-3166 0
-3718 0
22837 0
-27497 0
-17615 0
-1823 0
-28423 0
-27423 0
-29591 0
-3955 0
30008 0
-30776 0
-11275 0
31756 0
29131 0
-31829 0
17339 0
-19393 0
30232 0
14706 0
-20854 0
-15188 0
7725 0
31579 0
3536 0
6867 0
-16575 0
-31884 0
-17282 0
-4664 0
9734 0
-13470 0
15135 0
9433 0
17368 0
22214 0
-7481 0
-25328 0
-28675 0
-10753 0
-14860 0
-32240 0
4294 0
3030 0
-16530 0
-26402 0
11316 0
3131 0
-32737 0
14389 0
-2861 0
-28094 0
-6330 0
26830 0
28635 0
623 0
21381 0
-17025 0
-31326 0
-21533 0
10766 0
26357 0
-12864 0
-14592 0
-5510 0
14287 0
-32383 0
-9547 0
20293 0
-16819 0
29669 0
28466 0
7718 0
4236 0
-25909 0
6017 0
-22568 0
-249 0
16406 0
18871 0
-999 0
-18529 0
-24892 0
11885 0
-409 0
-10466 0
3534 0
10467 0
4807 0
-14223 0
-3448 0
-31237 0
-18850 0
11386 0
-7929 0
-9914 0
17238 0
5798 0
24834 0
7577 0
4756 0
5575 0
-17319 0
8603 0
29698 0
-25490 0
-27868 0
21624 0
-30037 0
11602 0
-255 0
6658 0
-20958 0
-3071 0
9788 0
25081 0
-5517 0
23431 0
28523 0
8260 0
18735 0
-102 0
21286 0
22337 0
-12742 0
-24856 0
-9724 0
-4409 0
-13199 0
-16305 0
-378 0
6054 0
15989 0
-9772 0
74 0
15643 0
11420 0
555 0
6978 0
13881 0
20383 0
-24405 0
4937 0
18622 0
-15299 0
15198 0
-12499 0
3877 0
21923 0
-23134 0
21288 0
4308 0
22419 0
3486 0
-1381 0
91 0
1843 0
1734 0
15745 0
21602 0
-24414 0
-6516 0
-17905 0
-15404 0
18631 0
-10123 0
3702 0
17474 0
-14040 0
-19729 0
-4845 0
-7600 0
-2713 0
-14646 0
-3722 0
2291 0
-650 0
17456 0
-13920 0
5124 0
3593 0
13567 0
-19813 0
2138 0
8359 0
7405 0
-9057 0
18925 0
-19492 0
15804 0
14627 0
-14803 0
-12295 0
6813 0
-15844 0
-11449 0
-10826 0
10294 0
-15646 0
287 0
11085 0
-6210 0
-10767 0
-10905 0
6741 0
-7206 0
-12317 0
-16259 0
12841 0
-13252 0
2117 0
1768 0
4990 0
-1044 0
13123 0
-6971 0
-1595 0
7899 0
3790 0
-1267 0
14430 0
3710 0
1913 0
12812 0
11228 0
-9396 0
2005 0
-11684 0
12993 0
-12274 0
8912 0
2231 0
3533 0
-8899 0
3148 0
-4903 0
-5574 0
2497 0
43 0
-9639 0
10361 0
-785 0
6086 0
-5236 0
1280 0
-131 0
-8396 0
-4585 0
6910 0
705 0
-1702 0
-3793 0
6122 0
7759 0
-7603 0
6408 0
-157 0
-1512 0
533 0
4639 0
2202 0
4380 0
6816 0
2077 0
-3237 0
-220 0
-1532 0
3503 0
1323 0
3924 0
4414 0
-4699 0
452 0
1004 0
-4609 0
2733 0
669 0
-2144 0
-2469 0
-2751 0
-1428 0
-2335 0
-2803 0
-91 0
-179 0
-1607 0
1549 0
-1359 0
487 0
559 0
-524 0
23 0
-841 0
-75 0
-471 0
-256 0
-180 0
0 0
-23 0
-170 0
-517 0
733 0
84 0
297 0
1084 0
-125 0
-1627 0
-199 0
650 0
1965 0
-841 0
-2562 0
-351 0
2132 0
-893 0
2602 0
3346 0
-1046 0
-942 0
-1070 0
3314 0
236 0
-1436 0
3077 0
-1235 0
721 0
-17 0
-4257 0
-145 0
856 0
584 0
-832 0
-904 0
4394 0
-3025 0
6318 0
5266 0
100 0
3156 0
413 0
8472 0
-3007 0
5810 0
9126 0
-6765 0
5951 0
1265 0
-1679 0
-8045 0
-8421 0
1622 0
-6758 0
8344 0
8264 0
-10961 0
1329 0
-4887 0
9946 0
5709 0
-8003 0
12353 0
8009 0
4653 0
-1949 0
-6152 0
12768 0
9967 0
8527 0
-12460 0
8585 0
10581 0
14224 0
-11588 0
-10274 0
-9852 0
-12267 0
15146 0
-3699 0
-12394 0
13320 0
-12046 0
-5901 0
-14860 0
6727 0
2221 0
-15738 0
-1698 0
5456 0
17096 0
261 0
-430 0
-6969 0
-12819 0
1685 0
14057 0
-8451 0
3693 0
11197 0
-17233 0
4930 0
13845 0
-10538 0
12055 0
-1215 0
-3276 0
4148 0
15804 0
-2383 0
-8780 0
-17941 0
-5772 0
-7244 0
-12508 0
16714 0
12230 0
994 0
-13679 0
-9633 0
4248 0
5813 0
-6505 0
3472 0
16626 0
16472 0
-2188 0
-16738 0
-11381 0
10320 0
-6295 0
689 0
1342 0
16070 0
-9902 0
3654 0
-22492 0
2346 0
10197 0
8479 0
3898 0
-8573 0
17457 0
16399 0
16716 0
-20090 0
-6417 0
-941 0
24067 0
20865 0
1546 0
10470 0
-20375 0
23853 0
-23553 0
-22246 0
-13533 0
11382 0
12460 0
16910 0
25269 0
4859 0
6042 0
3892 0
16773 0
13350 0
21369 0
-22388 0
7659 0
25914 0
-15778 0
-22149 0
16284 0
-9096 0
-21209 0
10013 0
-1109 0
-23503 0
24243 0
10061 0
-702 0
8095 0
6720 0
5760 0
-19573 0
21445 0
19869 0
-21099 0
22073 0
7493 0
-22672 0
19115 0
27673 0
20445 0
-21490 0
13583 0
-17722 0
9714 0
17071 0
11912 0
26954 0
-4875 0
-6565 0
-30193 0
-12268 0
-6176 0
15985 0
-29498 0
-22754 0
9852 0
-22565 0
-8759 0
2741 0
30344 0
20306 0
10914 0
-5830 0
-23019 0
-5266 0
20350 0
-1838 0
-19977 0
14822 0
-10630 0
22470 0
22289 0
-4807 0
-4866 0
13609 0
-12248 0
25472 0
3282 0
-3036 0
27783 0
-405 0
22754 0
-20892 0
4559 0
22691 0
-26046 0
4074 0
-9952 0
14281 0
-32180 0
7535 0
-14467 0
632 0
-13257 0
31055 0
12212 0
-10213 0
-16151 0
8161 0
10983 0
24945 0
30010 0
-28363 0
-29694 0
-11456 0
-29245 0
9391 0
20343 0
-14775 0
-23673 0
17758 0
15166 0
11618 0
517 0
-10177 0
26202 0
-26653 0
-27891 0
6143 0
1523 0
11540 0
-16979 0
4904 0
12185 0
10866 0
22533 0
31187 0
-30729 0
13352 0
-18623 0
-30670 0
27907 0
-2098 0
-26143 0
26395 0
11133 0
-14450 0
15660 0
-12238 0
15297 0
16096 0
23024 0
-4213 0
-18143 0
-6214 0
28259 0
14772 0
-7390 0
-24678 0
2072 0
26787 0
-22917 0
12598 0
-10700 0
-6669 0
-22360 0
-2546 0
-7716 0
10924 0
-22459 0
-29095 0
26156 0
11737 0
-22137 0
2341 0
-18323 0
-28081 0
9719 0
9432 0
14993 0
6861 0
15223 0
29706 0
-11794 0
17456 0
9773 0
-7348 0
25292 0
15139 0
-28601 0
7730 0
5920 0
-26972 0
-12252 0
-1061 0
-10199 0
-24059 0
-16484 0
3302 0
1084 0
16856 0
-2400 0
23239 0
-21126 0
23167 0
11132 0
-23094 0
20321 0
21701 0
-19213 0
-25134 0
-17396 0
-3690 0
13709 0
-24510 0
-25401 0
-20661 0
-3714 0
20600 0
-5135 0
17543 0
-19945 0
5665 0
4317 0
9061 0
3723 0
-6175 0
4182 0
-15475 0
17204 0
4775 0
21343 0
22394 0
-4865 0
7855 0
21685 0
9468 0
15623 0
-9377 0
-12639 0
-3819 0
91 0
11428 0
16064 0
12668 0
739 0
7114 0
11429 0
-16017 0
-12835 0
-12065 0
11224 0
-2541 0
-11991 0
-12800 0
10660 0
8854 0
2328 0
18317 0
16864 0
3770 0
-16524 0
-6496 0
17766 0
3949 0
3975 0
7193 0
9696 0
-17758 0
-8177 0
-16916 0
13215 0
-3390 0
17354 0
-11704 0
6511 0
-1041 0
12016 0
16842 0
-13283 0
-11031 0
-5693 0
15689 0
7246 0
12518 0
-10875 0
-13021 0
4482 0
-4289 0
-9080 0
-1094 0
-12371 0
13843 0
-12887 0
11097 0
4824 0
-7773 0
1752 0
5781 0
-12212 0
1234 0
-11531 0
-6480 0
8782 0
668 0
-5062 0
10848 0
3378 0
-3534 0
11416 0
7468 0
-4770 0
1918 0
-4713 0
-4943 0
4114 0
3143 0
-995 0
6053 0
504 0
-4606 0
6611 0
-920 0
-5792 0
3335 0
1025 0
-430 0
3827 0
-4871 0
3603 0
-58 0
-5229 0
2671 0
1233 0
-801 0
2565 0
449 0
-5571 0
3655 0
-3816 0
4522 0
-1147 0
4599 0
3248 0
-2073 0
-1127 0
3223 0
2698 0
-2421 0
1282 0
-1374 0
2357 0
1293 0
2033 0
-1090 0
-824 0
1246 0
-1000 0
547 0
-172 0
-729 0
-471 0
-475 0
-168 0
-189 0
69 0
133 0
0 0
146 0
40 0
-30 0
-66 0
625 0
-289 0
1084 0
1327 0
-585 0
-650 0
2093 0
602 0
548 0
1832 0
631 0
-1717 0
-2699 0
804 0
1732 0
-1741 0
1235 0
3655 0
-4011 0
-2410 0
-4080 0
-3426 0
271 0
3823 0
5054 0
3175 0
-4269 0
-467 0
5690 0
5709 0
6369 0
-4349 0
6782 0
6461 0
3631 0
3682 0
1427 0
638 0
4145 0
1197 0
-7948 0
8093 0
4174 0
-933 0
-5345 0
4213 0
-8512 0
2832 0
4912 0
679 0
-8297 0
-5210 0
9992 0
9229 0
672 0
-3517 0
-3340 0
-11939 0
-12067 0
-9562 0
-704 0
-7016 0
12537 0
-12714 0
1391 0
3707 0
-891 0
8386 0
5315 0
5729 0
3558 0
-1417 0
-5068 0
1504 0
-1117 0
-5420 0
-3231 0
11458 0
-12054 0
-9313 0
3722 0
10419 0
-11872 0
-11102 0
11102 0
-9085 0
8087 0
-1561 0
9154 0
-17716 0
5950 0
15480 0
-15206 0
-14317 0
4066 0
-15724 0
16393 0
13840 0
-4221 0
-5188 0
14991 0
12860 0
-16776 0
5439 0
3596 0
-1356 0
19587 0
17218 0
-20483 0
10070 0
-1214 0
-12376 0
-5719 0
1242 0
-20355 0
5101 0
-6233 0
-21011 0
-22449 0
-21671 0
13345 0
-11156 0
3263 0
9101 0
12737 0
-13976 0
-9755 0
9882 0
16576 0
9697 0
7566 0
-9252 0
-6757 0
-4358 0
-6237 0
-7985 0
21388 0
14489 0
10309 0
12109 0
8002 0
-24626 0
12625 0
24347 0
9835 0
13038 0
1810 0
4632 0
15202 0
-7676 0
3619 0
-622 0
-1662 0
-14948 0
-22494 0
-10573 0
-19911 0
4384 0
-9248 0
-27605 0
-16976 0
9195 0
-20865 0
-27312 0
-761 0
-26270 0
-10085 0
-21412 0
25961 0
11054 0
14001 0
25569 0
-26301 0
4556 0
11111 0
-11779 0
12531 0
-14376 0
-22167 0
-11338 0
21676 0
-19261 0
3961 0
13717 0
-26640 0
-23779 0
7311 0
9945 0
-22940 0
12970 0
24658 0
-3846 0
23715 0
-7231 0
-6108 0
25649 0
2604 0
29456 0
28202 0
17644 0
1417 0
20238 0
-30512 0
-14226 0
28188 0
29679 0
18742 0
15241 0
7446 0
-6876 0
-18364 0
31375 0
-22327 0
-15573 0
-31815 0
-4912 0
-26366 0
-28559 0
-22679 0
-1830 0
-24102 0
-16452 0
8654 0
17444 0
3167 0
24980 0
957 0
-5333 0
26130 0
-29680 0
-12453 0
18493 0
-18212 0
-23308 0
-4884 0
-11967 0
-1758 0
28571 0
8561 0
8311 0
-28408 0
-15470 0
-24508 0
13736 0
24110 0
-14921 0
-7982 0
-29500 0
14536 0
9510 0
1149 0
-11100 0
-10314 0
-7144 0
22850 0
-3015 0
17316 0
13143 0
-10187 0
11780 0
-4412 0
-30807 0
-28946 0
7896 0
24043 0
23539 0
-26331 0
17858 0
-2500 0
7469 0
-2283 0
-18557 0
11468 0
-7797 0
18049 0
-32296 0
8642 0
-12363 0
6707 0
7979 0
-1037 0
15070 0
20009 0
18899 0
28360 0
18455 0
11618 0
-23242 0
-22558 0
25782 0
8031 0
2310 0
25955 0
8797 0
8012 0
-14423 0
-17076 0
28864 0
-28322 0
-13198 0
-22569 0
30334 0
-7948 0
16212 0
11059 0
-17541 0
-29205 0
-6890 0
-29381 0
-19202 0
-23955 0
26544 0
28964 0
19736 0
1368 0
20201 0
-7255 0
-22217 0
1407 0
-2130 0
17622 0
8288 0
-16916 0
-3194 0
3887 0
155 0
-9155 0
22499 0
14413 0
7752 0
16850 0
-28659 0
19109 0
-23081 0
-6605 0
-27103 0
4885 0
26765 0
7568 0
20552 0
10158 0
-9127 0
214 0
-22570 0
-9461 0
13540 0
14870 0
-18931 0
12402 0
-15637 0
7055 0
24848 0
-2325 0
-21952 0
-24333 0
14957 0
-19755 0
12027 0
-24461 0
-6051 0
-831 0
4689 0
-1202 0
12815 0
15538 0
-17006 0
-8387 0
3662 0
19959 0
18427 0
8518 0
5557 0
23544 0
14769 0
22459 0
19002 0
-6297 0
20716 0
-21716 0
-18332 0
-18174 0
-2585 0
21873 0
-3401 0
17940 0
-20238 0
-402 0
-4938 0
-4931 0
19064 0
-14438 0
452 0
-12301 0
20113 0
-6221 0
-11225 0
-19214 0
-8410 0
-20160 0
952 0
1833 0
-8352 0
12405 0
12447 0
3009 0
16043 0
3880 0
14576 0
-728 0
6755 0
17017 0
16378 0
-1598 0
-9126 0
-3448 0
-4963 0
-11824 0
12059 0
11094 0
14842 0
1431 0
-12247 0
1069 0
-13283 0
7016 0
-4822 0
8063 0
-5305 0
10393 0
-969 0
9648 0
-13425 0
-3578 0
-11692 0
1410 0
3637 0
6234 0
-643 0
1897 0
-5164 0
11540 0
-8678 0
2561 0
1053 0
-7293 0
4454 0
3863 0
-3824 0
-3404 0
-6584 0
10722 0
8472 0
296 0
10300 0
-4317 0
4835 0
708 0
3815 0
-2968 0
143 0
8895 0
6470 0
8245 0
-3549 0
4000 0
-5324 0
-5015 0
-3973 0
-5183 0
-162 0
-2376 0
6146 0
301 0
6456 0
-5752 0
-1657 0
3292 0
-862 0
2507 0
-1726 0
-4384 0
-2166 0
475 0
-802 0
-832 0
-2833 0
898 0
-313 0
-2878 0
-1270 0
-1750 0
-1598 0
21 0
2425 0
-1484 0
1455 0
1443 0
743 0
1712 0
-118 0
-636 0
385 0
-167 0
-236 0
-336 0
-392 0
-21 0
