-23704 0
11049 0
-9960 0
-24275 0
-21115 0
22668 0
-22703 0
-13412 0
19728 0
4197 0
-5787 0
-1780 0
12666 0
-26120 0
-24330 0
10085 0
-32120 0
21433 0
-22140 0
-27697 0
30094 0
-20917 0
7302 0
3786 0
27448 0
-17717 0
-26344 0
18952 0
-13697 0
-27125 0
18319 0
20661 0
-16086 0
-19765 0
31353 0
26918 0
-19232 0
5473 0
-1069 0
-17984 0
10881 0
-30875 0
26697 0
-11465 0
14145 0
-14036 0
11820 0
9124 0
29693 0
22242 0
30413 0
-22687 0
-27689 0
-20071 0
-15847 0
25914 0
24560 0
-24683 0
-30586 0
-19841 0
-28715 0
13987 0
-21276 0
-1926 0
25730 0
13556 0
-24467 0
10044 0
-26630 0
-3999 0
5588 0
18954 0
-25215 0
5569 0
13550 0
-26482 0
8449 0
24600 0
21312 0
1911 0
-19084 0
9948 0
9030 0
27178 0
17256 0
18088 0
-15739 0
23287 0
-19056 0
-17050 0
5578 0
18712 0
-19323 0
25853 0
10467 0
5662 0
20121 0
126 0
2251 0
-3727 0
-13034 0
-21522 0
15232 0
-8727 0
-14109 0
11395 0
8714 0
2237 0
19880 0
-21620 0
18596 0
-8744 0
22846 0
6746 0
8324 0
-1614 0
12761 0
-7390 0
-9233 0
-3954 0
14672 0
-21992 0
-7547 0
-10045 0
13767 0
22790 0
-20485 0
-15076 0
-4136 0
-13443 0
-21780 0
-16479 0
9273 0
3319 0
20426 0
1094 0
19438 0
20300 0
-11264 0
13349 0
-20132 0
10173 0
-19970 0
9769 0
1649 0
2058 0
19526 0
6558 0
-11858 0
-19818 0
-9954 0
13745 0
6340 0
7636 0
-11656 0
5716 0
17028 0
-14056 0
10536 0
3454 0
7131 0
-16535 0
-10001 0
9935 0
-9209 0
-8051 0
15401 0
-16104 0
1637 0
-4844 0
15551 0
-16087 0
-3303 0
11746 0
1059 0
-5798 0
10456 0
-7399 0
-4846 0
3646 0
-4028 0
-8302 0
-11143 0
-3467 0
8418 0
5201 0
-12100 0
5465 0
998 0
8631 0
-12910 0
-98 0
-8482 0
1153 0
11431 0
-6338 0
-1576 0
2150 0
7547 0
-10656 0
-8612 0
-3661 0
44 0
2548 0
7662 0
7472 0
-7760 0
-1947 0
-4273 0
-8307 0
-502 0
-906 0
-4117 0
7253 0
-1725 0
-278 0
5425 0
-4376 0
2430 0
-5863 0
-4414 0
-706 0
-5368 0
2386 0
-5683 0
-2841 0
-1374 0
1100 0
4392 0
3445 0
808 0
-1244 0
1982 0
-1301 0
4354 0
3093 0
-3570 0
-3652 0
954 0
2269 0
1544 0
-2951 0
-1938 0
1784 0
-1324 0
-1715 0
812 0
-810 0
1323 0
-265 0
-795 0
-262 0
-212 0
-155 0
-148 0
-146 0
0 0
-17 0
396 0
-206 0
-596 0
-367 0
1167 0
60 0
136 0
1621 0
1541 0
-329 0
-1105 0
-1924 0
-161 0
-2249 0
1158 0
284 0
1333 0
-3198 0
3594 0
2576 0
-3885 0
3741 0
-2688 0
3691 0
-4653 0
-1851 0
-5077 0
3334 0
4604 0
1662 0
-4958 0
-4185 0
-5271 0
-627 0
5861 0
2258 0
-6370 0
5588 0
-4936 0
-4620 0
-1054 0
214 0
-7820 0
-5706 0
461 0
910 0
4872 0
-3354 0
-4802 0
-7428 0
-7496 0
446 0
9542 0
7253 0
7801 0
9052 0
3472 0
5155 0
-811 0
-8146 0
-2804 0
-9634 0
-12212 0
-2847 0
5156 0
-5555 0
10518 0
-1314 0
852 0
3449 0
8953 0
4145 0
7238 0
12303 0
-11615 0
10898 0
14274 0
2652 0
12650 0
10742 0
9607 0
6007 0
8154 0
886 0
-9124 0
1090 0
8159 0
1373 0
-15424 0
1601 0
-7059 0
374 0
12088 0
-15547 0
16134 0
2439 0
-4863 0
-298 0
-12985 0
-17412 0
13869 0
9272 0
15383 0
-9015 0
5197 0
-7511 0
-6261 0
15901 0
-13757 0
20406 0
13687 0
-12295 0
-3411 0
15786 0
13135 0
-16065 0
939 0
-796 0
-17063 0
9414 0
-19144 0
-11481 0
5451 0
20896 0
-6179 0
11662 0
6584 0
-22450 0
-18565 0
-7464 0
16927 0
-3243 0
14949 0
17979 0
-19358 0
17898 0
-14084 0
12020 0
9066 0
-10637 0
-19763 0
24342 0
-23160 0
-25137 0
-15029 0
-11207 0
17354 0
20105 0
5016 0
-10699 0
13190 0
22212 0
13011 0
-5524 0
-25883 0
-15102 0
19453 0
23228 0
25178 0
9341 0
-8933 0
-4460 0
-21160 0
8739 0
13652 0
23868 0
-3773 0
9946 0
-20950 0
-26321 0
21374 0
-12501 0
-4290 0
-1082 0
-26620 0
-3027 0
7083 0
-17775 0
-12026 0
17428 0
-13943 0
24321 0
7911 0
-12143 0
-17626 0
-26915 0
-13595 0
11773 0
-27595 0
-12810 0
-3495 0
9743 0
3788 0
11575 0
22788 0
455 0
26701 0
7581 0
7890 0
-10909 0
-24650 0
9567 0
-18293 0
4605 0
-2634 0
-26202 0
-20390 0
-29484 0
-3513 0
-30837 0
43 0
11373 0
-28123 0
20989 0
-14994 0
-2720 0
27455 0
26075 0
25381 0
22574 0
-7163 0
12959 0
-6057 0
9494 0
-11222 0
787 0
25710 0
-31238 0
-17031 0
-5617 0
-20171 0
14929 0
-21252 0
28449 0
-317 0
16971 0
16244 0
19455 0
24797 0
22386 0
6764 0
-16594 0
13103 0
8852 0
-20699 0
-21845 0
-19075 0
-9256 0
8989 0
23520 0
-9474 0
6359 0
13411 0
-9514 0
-29302 0
23723 0
-14817 0
-10711 0
-32600 0
28744 0
-29143 0
3308 0
-1432 0
-18903 0
-14992 0
-21867 0
-17520 0
-28674 0
5043 0
-308 0
-22295 0
25482 0
-9165 0
21125 0
-30677 0
32201 0
10920 0
-9137 0
13679 0
-23658 0
17644 0
-27380 0
-17380 0
-8223 0
-19716 0
-10019 0
26673 0
-29854 0
25654 0
25093 0
29850 0
25961 0
-25912 0
-10172 0
30412 0
26839 0
-27456 0
9561 0
-1708 0
21639 0
-21055 0
20109 0
-14813 0
-30693 0
-20968 0
16307 0
-1520 0
-8588 0
-14658 0
-24749 0
17058 0
16334 0
22562 0
-25905 0
19103 0
21313 0
-18551 0
-26170 0
812 0
11156 0
9828 0
-14789 0
-14233 0
4315 0
1688 0
-26159 0
-13011 0
-13141 0
22247 0
16171 0
-5246 0
-23969 0
26614 0
9909 0
1260 0
-23766 0
-18882 0
-19814 0
-28297 0
19623 0
-11394 0
11977 0
-1342 0
12013 0
22354 0
-24253 0
-2596 0
324 0
16129 0
-11214 0
14641 0
22085 0
18954 0
8162 0
-24847 0
-14216 0
15046 0
-18766 0
3514 0
-5007 0
-25871 0
13091 0
-13229 0
8487 0
7359 0
-22592 0
-14159 0
20541 0
-12616 0
3628 0
5432 0
-3647 0
2708 0
-5066 0
14956 0
-3792 0
3705 0
21783 0
23574 0
3129 0
-10531 0
7888 0
-1591 0
-22506 0
4528 0
-6716 0
-11307 0
-18620 0
-12460 0
20497 0
5332 0
17666 0
-17228 0
-10765 0
17418 0
-18697 0
-3069 0
-402 0
-17312 0
15098 0
18203 0
-18822 0
-15662 0
19474 0
-4781 0
-8460 0
-12872 0
-15789 0
1828 0
-17669 0
-2984 0
4146 0
2867 0
15844 0
-13845 0
2023 0
15098 0
15061 0
-16807 0
-8673 0
-13315 0
-4104 0
14314 0
10414 0
-5647 0
6429 0
-5861 0
5157 0
10934 0
13673 0
-502 0
11671 0
-2484 0
3902 0
6183 0
5476 0
-13525 0
9603 0
10602 0
10738 0
3117 0
-5181 0
11930 0
1605 0
-11444 0
-792 0
-10391 0
12322 0
4595 0
2791 0
3465 0
-3442 0
8997 0
1654 0
-7602 0
8782 0
-960 0
-4945 0
-9351 0
-7816 0
8193 0
2495 0
4387 0
-1643 0
-5827 0
-8047 0
8137 0
-8409 0
5741 0
-2499 0
-7545 0
4586 0
-1745 0
-6451 0
-3365 0
-4084 0
-3366 0
633 0
377 0
2314 0
678 0
-5010 0
2445 0
1136 0
-1029 0
1923 0
1641 0
-2295 0
-3141 0
3291 0
-671 0
-847 0
1797 0
1886 0
1490 0
1220 0
-2051 0
932 0
-153 0
-1448 0
-879 0
-86 0
1034 0
-349 0
-224 0
-474 0
747 0
554 0
172 0
-104 0
0 0
144 0
285 0
110 0
589 0
-17 0
-569 0
-523 0
1399 0
-1362 0
-491 0
-1188 0
-2241 0
-695 0
-2473 0
-2469 0
2752 0
3205 0
2098 0
-3025 0
-3619 0
972 0
-3988 0
-3960 0
52 0
1692 0
1484 0
3936 0
1669 0
-2742 0
-2680 0
-2053 0
4281 0
-370 0
-930 0
3807 0
2562 0
-6420 0
1782 0
-2036 0
-3015 0
1273 0
1381 0
-931 0
-4122 0
835 0
-925 0
-2343 0
3070 0
1104 0
-7103 0
-4889 0
-6763 0
1284 0
-7030 0
7021 0
8731 0
4971 0
6418 0
10664 0
-8200 0
-384 0
8068 0
-8372 0
8707 0
-1028 0
-8952 0
-12366 0
10470 0
11743 0
6960 0
7625 0
-5200 0
13028 0
-2401 0
-1266 0
2492 0
4699 0
-13691 0
10546 0
2110 0
-11761 0
-4952 0
-7883 0
-9868 0
-3842 0
14254 0
12896 0
7898 0
15586 0
15563 0
-9661 0
2385 0
-11707 0
5478 0
-1694 0
9210 0
-13348 0
-17129 0
3898 0
8789 0
-7613 0
7013 0
-18888 0
1829 0
-19563 0
-19841 0
-5349 0
11965 0
-12294 0
15404 0
-6280 0
19677 0
20687 0
11767 0
-3516 0
7104 0
5601 0
-16916 0
13185 0
-8870 0
15834 0
-18765 0
-16914 0
19099 0
10976 0
-3545 0
19431 0
21953 0
5425 0
10987 0
19092 0
3725 0
2060 0
-12193 0
18161 0
-6428 0
8999 0
-8757 0
9961 0
4849 0
-3178 0
-22134 0
-16693 0
12777 0
-16151 0
19950 0
-11745 0
-17548 0
-12730 0
2835 0
-20660 0
14275 0
18798 0
2452 0
11513 0
15453 0
-15973 0
19155 0
-10131 0
3897 0
-25741 0
-14508 0
9191 0
18682 0
-26822 0
25575 0
-2711 0
13578 0
3185 0
-5529 0
24495 0
-26577 0
-25075 0
-26940 0
18588 0
-18102 0
-14856 0
-18864 0
-14410 0
14755 0
27263 0
-25855 0
-8834 0
6536 0
24478 0
-15657 0
9004 0
6649 0
-11552 0
25475 0
22942 0
14167 0
16643 0
8892 0
2111 0
30423 0
24297 0
23626 0
4609 0
-12993 0
9474 0
17111 0
30782 0
-21838 0
-196 0
31025 0
-4424 0
9713 0
-18979 0
-19875 0
18421 0
-2545 0
-29816 0
-3158 0
12907 0
6357 0
-19136 0
-15757 0
28777 0
-31446 0
-426 0
24347 0
31414 0
-30210 0
18974 0
8587 0
-11597 0
-32285 0
-5626 0
18795 0
9380 0
4396 0
-7087 0
19250 0
14882 0
-9417 0
-16941 0
-477 0
27328 0
-29380 0
18146 0
19194 0
-29380 0
-17821 0
18711 0
3892 0
22494 0
48 0
-15223 0
11033 0
19333 0
-184 0
19159 0
-8323 0
14106 0
11802 0
2403 0
-6969 0
-10254 0
-29698 0
-22914 0
19383 0
-1506 0
24102 0
-15791 0
-30660 0
-16101 0
-7540 0
6351 0
-31482 0
-16333 0
-2849 0
1884 0
-5244 0
-32245 0
28439 0
-28284 0
-26482 0
-25954 0
-4597 0
-14949 0
21882 0
-16967 0
19831 0
2501 0
-9894 0
13819 0
12148 0
-10500 0
-25663 0
-23469 0
29824 0
-27164 0
25577 0
-4445 0
-15605 0
-9701 0
23941 0
-11297 0
27945 0
6656 0
26254 0
-2657 0
1333 0
29276 0
14369 0
-22613 0
927 0
26566 0
-22583 0
-18613 0
-9230 0
-22187 0
8799 0
-1496 0
-26322 0
15777 0
-4888 0
17245 0
11943 0
13722 0
-23340 0
4928 0
-11325 0
-5968 0
8171 0
-20738 0
-12989 0
9447 0
6202 0
3826 0
2902 0
14705 0
-20887 0
-26912 0
19869 0
2379 0
12602 0
-21872 0
15331 0
-27956 0
-23892 0
8888 0
-9596 0
8395 0
-14202 0
17075 0
10627 0
-6603 0
20173 0
26819 0
21761 0
21443 0
-25275 0
2704 0
16762 0
13940 0
-4503 0
-7363 0
21149 0
-8360 0
-22956 0
15568 0
-9167 0
-18128 0
15043 0
-10503 0
17706 0
6644 0
-10151 0
17428 0
2492 0
235 0
13050 0
20357 0
-3122 0
12007 0
-2226 0
4252 0
-23732 0
-163 0
9517 0
12775 0
-3404 0
-16612 0
20508 0
-13035 0
2379 0
16934 0
17659 0
19308 0
13754 0
6630 0
7659 0
194 0
19936 0
-19916 0
-6974 0
-728 0
-10966 0
-15829 0
-980 0
15642 0
-13026 0
13694 0
7053 0
994 0
-6248 0
11672 0
18459 0
15186 0
7518 0
-10176 0
11822 0
9661 0
2705 0
-2936 0
7636 0
16644 0
7454 0
5812 0
-9204 0
-2419 0
-1629 0
-8155 0
-1460 0
-9794 0
-6723 0
-7402 0
5675 0
1573 0
-1350 0
-9915 0
10123 0
14178 0
6743 0
-6984 0
11704 0
6304 0
6604 0
1266 0
-8343 0
9723 0
-10841 0
-168 0
734 0
-5127 0
5323 0
-3733 0
4613 0
-1688 0
8683 0
2511 0
4579 0
4764 0
-9007 0
-10338 0
3126 0
-7568 0
9328 0
9021 0
9002 0
6009 0
-414 0
5911 0
-625 0
2563 0
3313 0
-2118 0
2323 0
-3026 0
3849 0
-2894 0
3888 0
-4641 0
756 0
-1448 0
-4565 0
-3378 0
-5818 0
-2716 0
3252 0
-101 0
3137 0
-4348 0
-3156 0
2615 0
581 0
-1194 0
3144 0
3953 0
1984 0
-2411 0
-1520 0
1883 0
2139 0
1992 0
-2602 0
2247 0
1871 0
-2113 0
1089 0
-978 0
1532 0
875 0
460 0
268 0
-741 0
-279 0
-7 0
123 0
0 0
-94 0
147 0
268 0
353 0
-380 0
-748 0
657 0
-798 0
-1616 0
-1241 0
840 0
-1952 0
2068 0
-2547 0
204 0
323 0
-83 0
-1697 0
2106 0
1089 0
-3890 0
-1875 0
4207 0
-4598 0
-4222 0
3243 0
1347 0
1890 0
-479 0
2254 0
-4864 0
3687 0
-182 0
297 0
2165 0
-1744 0
7285 0
1983 0
-2149 0
-4488 0
7216 0
-10 0
-668 0
-7024 0
-5274 0
-8949 0
-3571 0
7676 0
6111 0
2309 0
-5944 0
1420 0
-1876 0
4773 0
-4443 0
-6622 0
-10827 0
-9937 0
-9953 0
4458 0
-10056 0
10494 0
-5047 0
6003 0
2323 0
-8984 0
6467 0
-6531 0
-953 0
3125 0
5491 0
-3770 0
401 0
3351 0
-3867 0
12828 0
-8658 0
14410 0
-1326 0
3392 0
-3281 0
-12774 0
13236 0
-3934 0
5121 0
-12634 0
-1821 0
6103 0
1210 0
12887 0
17359 0
-15719 0
15676 0
-13224 0
553 0
-12377 0
641 0
9711 0
-331 0
-3326 0
-6602 0
-10298 0
-17117 0
3739 0
941 0
-13009 0
-1641 0
955 0
13334 0
15267 0
13887 0
-19973 0
-7898 0
-19663 0
-1275 0
11655 0
-14735 0
-15677 0
-13238 0
3850 0
-7936 0
-7160 0
22119 0
-6537 0
-6161 0
-3551 0
7364 0
-15507 0
12607 0
-1015 0
16889 0
6864 0
-8822 0
15646 0
8182 0
15361 0
4115 0
8786 0
-3716 0
-1104 0
9525 0
-18742 0
7544 0
-9554 0
-23059 0
-8191 0
6351 0
14618 0
6587 0
-17912 0
-25438 0
-18213 0
24708 0
21288 0
-3271 0
21724 0
12939 0
5632 0
2202 0
20648 0
-4788 0
8339 0
-17535 0
16630 0
886 0
22475 0
20482 0
-16794 0
-8752 0
7329 0
-3659 0
-21308 0
-23767 0
-21234 0
-21801 0
26770 0
25146 0
-17346 0
21859 0
10506 0
16869 0
27527 0
17633 0
-7150 0
-2601 0
-12510 0
10024 0
-2581 0
-57 0
-1878 0
23355 0
20472 0
14665 0
13250 0
-5271 0
-22964 0
-336 0
-25183 0
11969 0
1755 0
14072 0
9312 0
-8946 0
903 0
-21585 0
14169 0
-23005 0
30637 0
-23801 0
-1166 0
21742 0
4268 0
4597 0
3686 0
4615 0
-27261 0
24918 0
4955 0
-16078 0
28040 0
-10905 0
-16784 0
9603 0
-1488 0
-4779 0
10388 0
-24205 0
-4849 0
2191 0
27821 0
-17706 0
-9431 0
-13909 0
-19441 0
17892 0
23697 0
20815 0
-7525 0
9685 0
-32049 0
-6700 0
-20477 0
-22235 0
-5988 0
27609 0
11460 0
-21992 0
-18415 0
-26912 0
7668 0
-26596 0
19802 0
30239 0
-22485 0
-13746 0
-31192 0
-8029 0
3752 0
20417 0
-21625 0
914 0
15514 0
-698 0
10730 0
74 0
26683 0
-8977 0
25835 0
-15364 0
-11499 0
10863 0
-26023 0
17937 0
28136 0
-28628 0
27338 0
3784 0
-32024 0
10264 0
-2843 0
-7256 0
14152 0
12698 0
26625 0
-10782 0
26169 0
12931 0
-20159 0
7217 0
22245 0
14460 0
-9570 0
6865 0
-8352 0
-28828 0
7030 0
-26344 0
5314 0
-28824 0
-23431 0
1604 0
31470 0
702 0
8324 0
-18183 0
-3264 0
9997 0
-4215 0
-18789 0
-15295 0
14438 0
-21945 0
25988 0
28075 0
-27040 0
3083 0
19389 0
12438 0
9574 0
19322 0
-11087 0
3612 0
16682 0
10272 0
-4306 0
16240 0
-21551 0
-26677 0
-3313 0
-1083 0
21754 0
-13037 0
10792 0
-7650 0
-17234 0
-21492 0
-15865 0
-18975 0
3350 0
6041 0
-15662 0
-6753 0
2068 0
-22079 0
10638 0
-15168 0
10808 0
9330 0
21241 0
-22307 0
2433 0
15512 0
8489 0
-20093 0
-7220 0
-12002 0
9291 0
19467 0
19723 0
8019 0
-19566 0
15018 0
21009 0
11882 0
-3061 0
4109 0
11393 0
-22487 0
-7598 0
-20241 0
4179 0
2761 0
-23919 0
-18162 0
11476 0
-23259 0
-866 0
-14075 0
19790 0
16917 0
-8593 0
-18564 0
15265 0
-5195 0
-14362 0
1855 0
4984 0
13148 0
-4327 0
16702 0
17007 0
-108 0
-17264 0
-2188 0
-16824 0
-9264 0
20358 0
-1647 0
-19948 0
-18845 0
9372 0
-18061 0
-2899 0
-19633 0
-17457 0
14476 0
9396 0
9751 0
-3391 0
-16163 0
-17827 0
6997 0
-3797 0
6650 0
-1522 0
10719 0
1233 0
15848 0
-13849 0
12515 0
11582 0
1736 0
-16802 0
9092 0
-10847 0
12362 0
14631 0
5725 0
-6526 0
10081 0
9979 0
3411 0
-13172 0
7076 0
-14033 0
-7010 0
8914 0
12347 0
-13633 0
-12073 0
-4848 0
11312 0
6941 0
11780 0
12106 0
-8584 0
-5445 0
-2816 0
11681 0
-1482 0
-821 0
-11507 0
9342 0
3557 0
13 0
-10158 0
-7957 0
-7054 0
-7884 0
-10213 0
7478 0
9527 0
2620 0
-2606 0
-3819 0
411 0
7315 0
6819 0
3379 0
1507 0
6712 0
-7718 0
-1530 0
6328 0
6709 0
-190 0
4082 0
-6178 0
2807 0
5456 0
-5018 0
3106 0
336 0
-451 0
5355 0
2672 0
2179 0
4656 0
4311 0
-2440 0
1182 0
-2334 0
-2511 0
-2269 0
-158 0
364 0
-2914 0
2808 0
-2545 0
-2300 0
-2188 0
638 0
1748 0
204 0
-474 0
837 0
-319 0
10 0
-517 0
280 0
-8 0
0 0
-30 0
377 0
-585 0
-793 0
317 0
253 0
502 0
92 0
988 0
64 0
-452 0
-1247 0
-1974 0
-1110 0
2627 0
-2120 0
2984 0
-1940 0
-2181 0
1301 0
-1258 0
-3052 0
1290 0
3260 0
3484 0
-4785 0
1165 0
-5455 0
3926 0
-5278 0
-3370 0
940 0
-3695 0
601 0
-6767 0
-1580 0
-5526 0
3782 0
-4632 0
-207 0
456 0
-2409 0
6298 0
-6405 0
6474 0
5731 0
-6350 0
4681 0
-887 0
-7381 0
-1603 0
3742 0
10054 0
-9824 0
5582 0
-9213 0
4279 0
-7972 0
-1661 0
-9742 0
-3071 0
5391 0
-7731 0
6815 0
8744 0
-3111 0
172 0
11561 0
-9067 0
10219 0
-3766 0
11157 0
6057 0
-1887 0
10912 0
6522 0
-11941 0
-10588 0
-14359 0
-12956 0
-952 0
-1713 0
314 0
-9851 0
11785 0
4862 0
-16381 0
-9809 0
-10661 0
-15038 0
2 0
8950 0
-13755 0
8454 0
11275 0
-6251 0
865 0
-10811 0
16714 0
559 0
-18505 0
6718 0
-6774 0
10045 0
-17499 0
-9955 0
-1340 0
4440 0
-17879 0
-2507 0
-16005 0
17731 0
-17881 0
-15360 0
6837 0
-9946 0
-15512 0
-11256 0
-3968 0
1106 0
-15555 0
963 0
-14434 0
-19109 0
-2150 0
-6033 0
-190 0
-12966 0
-7418 0
10758 0
17957 0
-13595 0
-572 0
16967 0
22545 0
-22994 0
16400 0
-1945 0
17653 0
1827 0
20991 0
-20632 0
13567 0
3709 0
4048 0
-1386 0
-22780 0
-23570 0
-2409 0
-1246 0
-23979 0
2949 0
-24170 0
-11333 0
-15668 0
5046 0
16609 0
19252 0
-18404 0
-20525 0
-18866 0
7652 0
22350 0
-5749 0
-22918 0
10702 0
-1077 0
-15592 0
9709 0
-4805 0
-5765 0
-3122 0
3718 0
-12956 0
-16836 0
-3184 0
-11828 0
27962 0
11160 0
-27403 0
24637 0
-21499 0
15356 0
-10064 0
15872 0
-19132 0
12492 0
-14735 0
7022 0
29102 0
21087 0
-14300 0
-617 0
8049 0
9308 0
-16152 0
-21750 0
-21393 0
-1884 0
-15248 0
27032 0
27369 0
24425 0
2432 0
16827 0
21529 0
-8328 0
8764 0
27957 0
10496 0
-4925 0
18092 0
-1119 0
-6565 0
1942 0
-21354 0
-18752 0
-23633 0
-28260 0
20618 0
-19977 0
-22084 0
-12142 0
-7922 0
19311 0
-19404 0
14136 0
6858 0
-9594 0
-6709 0
10435 0
22673 0
-1935 0
-6838 0
-133 0
-25117 0
-291 0
-1663 0
11108 0
25729 0
-998 0
8065 0
-24939 0
-23676 0
10 0
-4241 0
-31726 0
21021 0
-2053 0
-14974 0
15795 0
-8433 0
4890 0
6955 0
-13684 0
27456 0
-24710 0
-26467 0
-10803 0
-21084 0
-3286 0
32366 0
-11006 0
-9297 0
-16096 0
-29124 0
7479 0
-14778 0
-14890 0
17210 0
1204 0
-26332 0
-14806 0
15984 0
30891 0
26020 0
-18403 0
11371 0
14938 0
-3959 0
6580 0
-681 0
22814 0
19006 0
23172 0
-32201 0
-22882 0
12869 0
21752 0
3740 0
-30985 0
-23190 0
19652 0
-22163 0
-12274 0
19082 0
7748 0
-26302 0
20609 0
19266 0
-5100 0
23181 0
20852 0
-27473 0
27002 0
30042 0
-25889 0
17344 0
-20234 0
-18652 0
-28334 0
11466 0
4091 0
-18034 0
-566 0
-23761 0
18524 0
-373 0
14365 0
12268 0
-16393 0
-25389 0
6676 0
22780 0
-1073 0
28005 0
13155 0
-18546 0
13843 0
22895 0
-29173 0
-376 0
-3790 0
28642 0
-25735 0
-16721 0
-18338 0
-4413 0
19378 0
15631 0
-17245 0
26598 0
-9436 0
13358 0
-16922 0
-4703 0
-19247 0
-1678 0
2051 0
8037 0
-26380 0
-10282 0
5870 0
-16135 0
21692 0
-5914 0
-12937 0
5571 0
23657 0
18279 0
24951 0
-20003 0
-1243 0
-20511 0
-4715 0
22452 0
19412 0
15367 0
-13345 0
-10654 0
22557 0
21244 0
1718 0
16065 0
-21250 0
1209 0
1540 0
3885 0
4768 0
11595 0
-10953 0
-13730 0
-10351 0
-6905 0
137 0
18803 0
-9463 0
-16737 0
16691 0
-4139 0
-15595 0
15697 0
-130 0
12140 0
17249 0
-18391 0
5312 0
-3782 0
9013 0
-14189 0
-8021 0
16700 0
-10700 0
-6297 0
18444 0
3921 0
13803 0
-18447 0
-18220 0
-2354 0
12770 0
1630 0
5591 0
-18415 0
17915 0
15590 0
-1238 0
3790 0
11131 0
-388 0
-791 0
-5101 0
-14059 0
-11167 0
1996 0
4598 0
-6218 0
6615 0
-15437 0
-12313 0
-12889 0
-4011 0
-9040 0
586 0
-9748 0
6002 0
-1402 0
-2556 0
12952 0
-348 0
3811 0
-4130 0
-10631 0
-4562 0
-7059 0
-8660 0
12062 0
9694 0
699 0
282 0
-3887 0
-11384 0
376 0
-9414 0
-1486 0
5884 0
2571 0
4252 0
-8881 0
5339 0
-3291 0
717 0
-7295 0
-3441 0
2276 0
7010 0
-2341 0
-7305 0
2750 0
-5798 0
-649 0
-7793 0
732 0
6171 0
-1445 0
3118 0
107 0
-4174 0
3698 0
-2634 0
5174 0
3028 0
-187 0
98 0
2601 0
3605 0
1838 0
2019 0
3215 0
348 0
-3592 0
-926 0
-942 0
1710 0
-1670 0
1947 0
-78 0
2065 0
2399 0
47 0
632 0
-188 0
-1518 0
-1601 0
943 0
-255 0
921 0
-11 0
-268 0
67 0
45 0
0 0
93 0
63 0
-583 0
799 0
-274 0
681 0
-93 0
4 0
266 0
-42 0
-1686 0
1336 0
-505 0
-101 0
49 0
-1178 0
2846 0
-1238 0
596 0
-2704 0
-3927 0
-3136 0
2130 0
2869 0
-3193 0
-1931 0
2271 0
2912 0
2004 0
5724 0
-613 0
-4169 0
1291 0
4317 0
-3881 0
-3270 0
-1581 0
4647 0
6270 0
-7682 0
4618 0
7013 0
3322 0
-8406 0
2891 0
1350 0
-7317 0
6748 0
-4506 0
4511 0
6596 0
9105 0
10371 0
4873 0
-846 0
10156 0
9974 0
-9610 0
-3717 0
-3409 0
9045 0
1320 0
12081 0
-6232 0
4373 0
-132 0
999 0
-5532 0
9494 0
12604 0
6624 0
-9778 0
-6035 0
-4347 0
-13026 0
9175 0
-12094 0
2814 0
10830 0
4920 0
4478 0
11686 0
-12222 0
16032 0
12576 0
14026 0
13672 0
-15854 0
-8300 0
-7188 0
-3967 0
15058 0
4380 0
-8067 0
-10186 0
45 0
-9651 0
-418 0
-18454 0
18235 0
-13827 0
-18547 0
-17428 0
8472 0
8665 0
-441 0
4139 0
-10573 0
-1021 0
-4629 0
-10137 0
2789 0
15466 0
-7615 0
9564 0
12188 0
-1456 0
5845 0
-9597 0
16530 0
6008 0
-7979 0
22055 0
8884 0
-14760 0
2054 0
2070 0
-15991 0
4445 0
4208 0
-2746 0
-6674 0
16410 0
-7114 0
-2140 0
-23641 0
-2469 0
2762 0
8312 0
3268 0
-7137 0
-6573 0
11337 0
-20090 0
-17906 0
23562 0
-22265 0
730 0
-7179 0
-285 0
-18058 0
-16221 0
6311 0
-16714 0
245 0
10872 0
-3523 0
-3807 0
-2645 0
-23753 0
16389 0
10704 0
10324 0
-21243 0
-11498 0
13010 0
-26183 0
-19601 0
10056 0
3348 0
19222 0
-23826 0
-6418 0
17837 0
15091 0
21803 0
-22657 0
-13560 0
27833 0
-10902 0
14523 0
18818 0
16053 0
10439 0
12617 0
-9354 0
-14050 0
8130 0
-17372 0
-27031 0
-15694 0
24113 0
21992 0
25211 0
24004 0
28950 0
-11455 0
-3898 0
4601 0
4280 0
25357 0
-28625 0
-24923 0
18785 0
6867 0
-14885 0
14568 0
24987 0
16360 0
-7614 0
-11844 0
-21354 0
25524 0
-7316 0
7804 0
12065 0
17336 0
-6028 0
-20856 0
-1215 0
23060 0
-11250 0
-7816 0
712 0
28205 0
10149 0
-27531 0
1212 0
-982 0
-24383 0
28734 0
2323 0
-23579 0
28258 0
-3258 0
28273 0
-30425 0
26749 0
11772 0
-20954 0
25873 0
5970 0
-32123 0
-21192 0
9835 0
21135 0
20715 0
-23687 0
-14134 0
-4169 0
32526 0
28815 0
-21161 0
-13133 0
27153 0
20240 0
-17360 0
-7956 0
15336 0
-28166 0
-13370 0
21774 0
-6782 0
31893 0
-4178 0
-27236 0
6028 0
10168 0
-8013 0
-8862 0
-30133 0
-32492 0
-14416 0
24435 0
-5056 0
-11009 0
23427 0
815 0
-24700 0
19804 0
-5774 0
3198 0
-22808 0
-13485 0
-123 0
-3010 0
31484 0
-21020 0
11402 0
4103 0
-25233 0
13209 0
28353 0
-19973 0
-8740 0
22586 0
6950 0
-6101 0
-22056 0
18765 0
-13368 0
-24093 0
23175 0
24630 0
-31046 0
-12309 0
-18423 0
12978 0
23159 0
13544 0
1023 0
6749 0
-25216 0
12802 0
-9177 0
9424 0
15809 0
-22689 0
-10019 0
-25457 0
-13557 0
1179 0
-23647 0
-18867 0
-27937 0
-25435 0
-12573 0
-14121 0
-13386 0
11865 0
-3955 0
-2821 0
19100 0
4890 0
-5782 0
-13981 0
-9524 0
15177 0
10400 0
24105 0
-27331 0
21836 0
-10272 0
7997 0
11659 0
16576 0
-27024 0
18555 0
-24481 0
-27084 0
-1045 0
-165 0
-21978 0
-24333 0
19819 0
-20539 0
11548 0
5167 0
22786 0
-1629 0
-13243 0
463 0
-19817 0
-10987 0
-17653 0
-6673 0
12288 0
5561 0
-10521 0
-19327 0
-10023 0
-14871 0
-21848 0
22396 0
15867 0
-6236 0
8579 0
-7572 0
-23625 0
-5190 0
-5125 0
20844 0
-10762 0
4975 0
-61 0
-22004 0
-13013 0
-16886 0
-12292 0
1206 0
12605 0
14804 0
-19150 0
-12335 0
-1348 0
-844 0
-16560 0
17302 0
15772 0
-8352 0
-1587 0
-9641 0
-6651 0
-19669 0
-2504 0
16082 0
12758 0
14028 0
17921 0
-3096 0
9125 0
-8726 0
10794 0
16592 0
13134 0
16976 0
1447 0
12759 0
-14667 0
14810 0
15455 0
17162 0
7713 0
5298 0
-7937 0
4970 0
9882 0
2416 0
1605 0
2469 0
7326 0
-15255 0
-12109 0
-3266 0
10221 0
6089 0
871 0
5759 0
-11881 0
1630 0
-7696 0
2825 0
121 0
9833 0
-12981 0
-3816 0
1349 0
8520 0
6396 0
-9541 0
-6388 0
10244 0
10916 0
1687 0
-1548 0
10285 0
-5871 0
3456 0
-6584 0
503 0
6526 0
4847 0
2777 0
2619 0
7155 0
1921 0
8041 0
-3713 0
-2677 0
-1096 0
2038 0
-1685 0
-2649 0
-2033 0
1858 0
2096 0
479 0
-333 0
1265 0
2728 0
1680 0
-2990 0
-2810 0
4537 0
-4589 0
4600 0
-1025 0
-2203 0
754 0
-1293 0
1988 0
-3116 0
-2327 0
-424 0
-3199 0
-549 0
-1815 0
-702 0
2543 0
2254 0
1141 0
-1706 0
-210 0
1083 0
1246 0
710 0
641 0
-295 0
-155 0
-162 0
-20 0
0 0
-145 0
79 0
-391 0
-557 0
176 0
-1186 0
-553 0
1055 0
-247 0
1932 0
77 0
-45 0
38 0
-561 0
2116 0
-535 0
2723 0
2379 0
-1249 0
525 0
-2322 0
790 0
2800 0
-3543 0
-4161 0
5062 0
-856 0
-4629 0
1950 0
-1937 0
3481 0
-5557 0
2242 0
1455 0
3848 0
2545 0
3001 0
1349 0
2032 0
6850 0
-235 0
-789 0
4669 0
-7007 0
-6019 0
-5278 0
-8593 0
107 0
8153 0
-2896 0
4751 0
-7747 0
1501 0
-5234 0
-9486 0
8536 0
-274 0
7095 0
3510 0
9520 0
2859 0
7998 0
690 0
-5332 0
1805 0
7319 0
-2802 0
3303 0
-8560 0
10174 0
11416 0
-12413 0
-8958 0
-1665 0
-9780 0
-8373 0
11641 0
-7803 0
15105 0
7510 0
-7173 0
15645 0
-3890 0
15651 0
11790 0
-14469 0
-697 0
-15598 0
12905 0
2074 0
-5203 0
17023 0
10029 0
1915 0
4194 0
-3418 0
14662 0
-6353 0
-8778 0
744 0
-18914 0
15788 0
16443 0
-4415 0
1458 0
-11232 0
14777 0
-17436 0
19682 0
11336 0
14829 0
-5902 0
-5347 0
8107 0
-866 0
-488 0
12968 0
18962 0
-16857 0
17619 0
-21307 0
-17176 0
11188 0
9812 0
-8087 0
-2855 0
-1559 0
-4796 0
2101 0
-19982 0
-21320 0
-7564 0
13297 0
18251 0
11554 0
8059 0
204 0
-1647 0
-12976 0
23322 0
12183 0
13753 0
4050 0
14806 0
-10031 0
-19928 0
-22449 0
-3475 0
-15307 0
-13301 0
3808 0
23 0
11241 0
12751 0
22223 0
2283 0
21351 0
11236 0
6109 0
-13319 0
21808 0
-7580 0
-20272 0
6519 0
23695 0
-5035 0
-18044 0
-1597 0
19236 0
-17426 0
-26719 0
-11110 0
3639 0
-19247 0
25521 0
15308 0
-28569 0
-7008 0
-24918 0
-15786 0
-6193 0
-12521 0
-7184 0
-10122 0
20964 0
-16103 0
26985 0
16761 0
19757 0
-18930 0
-13033 0
2577 0
-5347 0
22594 0
10183 0
-26541 0
-24340 0
-26627 0
9543 0
30274 0
-69 0
-25556 0
-12422 0
-13230 0
-31126 0
-3553 0
26099 0
-7760 0
-610 0
-7709 0
-14684 0
16009 0
13312 0
29448 0
17042 0
3160 0
-7501 0
-30650 0
26894 0
15612 0
-9783 0
11764 0
30830 0
13538 0
22135 0
-24867 0
-9238 0
16452 0
26624 0
7361 0
-25655 0
-9758 0
-9636 0
-32411 0
-30478 0
-16120 0
-1684 0
-30468 0
-12142 0
-21347 0
10777 0
6718 0
28993 0
-134 0
5480 0
-5249 0
32129 0
5958 0
-10039 0
-19466 0
-20586 0
9290 0
-7093 0
29777 0
11937 0
4462 0
30616 0
24331 0
-22507 0
25732 0
-27028 0
-28235 0
-18725 0
-6182 0
-3840 0
14388 0
-6116 0
29334 0
-18073 0
-10356 0
-2039 0
-4277 0
27333 0
-18473 0
10943 0
31854 0
20473 0
-17964 0
22426 0
19826 0
-28639 0
17184 0
21206 0
-14803 0
4394 0
15545 0
-8622 0
-11033 0
-13000 0
-1747 0
-27551 0
4854 0
10407 0
-2349 0
9985 0
21396 0
-18862 0
-14552 0
2219 0
-854 0
6308 0
27909 0
21101 0
-3887 0
7994 0
857 0
-24956 0
1246 0
-1496 0
-26634 0
-6207 0
12232 0
-9886 0
-6403 0
-15902 0
-26400 0
21681 0
-12333 0
3835 0
-23178 0
-23056 0
-18378 0
-20967 0
-29554 0
16500 0
24883 0
-20220 0
-7038 0
-11126 0
342 0
17339 0
13744 0
-10711 0
10287 0
14326 0
26232 0
27423 0
17078 0
10949 0
18128 0
951 0
18762 0
-28209 0
19235 0
13986 0
-8069 0
23609 0
15704 0
-16779 0
21852 0
9238 0
25812 0
-24956 0
-18697 0
9249 0
22705 0
-19321 0
11966 0
14586 0
14774 0
18264 0
-8794 0
3132 0
-3275 0
16652 0
-3995 0
10272 0
-17188 0
5665 0
-15919 0
-5559 0
22602 0
-11092 0
17554 0
24069 0
6954 0
9350 0
16248 0
10921 0
17643 0
2602 0
-398 0
-7091 0
-15238 0
15738 0
-18309 0
-17704 0
1539 0
19490 0
18546 0
-21988 0
17856 0
-11139 0
18277 0
-3721 0
-110 0
-6132 0
-17254 0
-16526 0
5877 0
16132 0
3181 0
-3829 0
-5114 0
-3268 0
11002 0
-18613 0
-6751 0
6761 0
-17545 0
1781 0
15478 0
-5812 0
-7961 0
-1992 0
-6666 0
-7639 0
12389 0
-9421 0
2382 0
-10743 0
10558 0
-8783 0
12964 0
11943 0
-3100 0
-6054 0
-6232 0
-14221 0
-3857 0
-4700 0
11326 0
-14054 0
7828 0
6021 0
750 0
3004 0
9485 0
2479 0
-1314 0
9665 0
-2212 0
13179 0
11036 0
7494 0
4758 0
3968 0
9342 0
-4597 0
-8135 0
-5451 0
-8702 0
2319 0
-11417 0
3248 0
-8244 0
-5186 0
-1866 0
9431 0
5784 0
-6568 0
4164 0
-5785 0
6921 0
-6881 0
8425 0
-3572 0
4439 0
441 0
-1751 0
-5224 0
-1368 0
2274 0
188 0
2034 0
-3127 0
-6290 0
-5679 0
1205 0
1636 0
5570 0
-2161 0
2411 0
2897 0
567 0
-860 0
1269 0
-758 0
1202 0
567 0
-3794 0
2763 0
-1512 0
-1373 0
-2855 0
-802 0
-2297 0
-803 0
-1816 0
-1566 0
1775 0
-68 0
1741 0
720 0
-377 0
978 0
165 0
11 0
442 0
207 0
176 0
0 0
140 0
234 0
601 0
-78 0
969 0
664 0
1302 0
-1006 0
1063 0
709 0
2157 0
-1714 0
1507 0
1598 0
1928 0
-2808 0
292 0
509 0
3146 0
1018 0
3572 0
-187 0
96 0
3642 0
1313 0
-533 0
2274 0
503 0
5682 0
-5178 0
-1424 0
-4079 0
-3407 0
-5073 0
6941 0
-6860 0
-2084 0
-2124 0
-4671 0
-3023 0
-3301 0
-5170 0
-1023 0
136 0
6803 0
-6652 0
2274 0
8475 0
162 0
-4097 0
-6335 0
9330 0
1 0
-772 0
-6532 0
6077 0
-1178 0
1665 0
-5367 0
8816 0
10043 0
6144 0
-7960 0
-6996 0
-2285 0
10024 0
-4076 0
6062 0
769 0
12865 0
-6410 0
-7992 0
9933 0
-12193 0
-8927 0
4081 0
1471 0
-9216 0
-10010 0
3441 0
-6416 0
1675 0
-11526 0
-13604 0
12138 0
-13225 0
-9544 0
-14603 0
15059 0
2532 0
437 0
-4680 0
15211 0
-229 0
-15110 0
6432 0
4136 0
-2400 0
-324 0
-3978 0
-16167 0
-4071 0
-13333 0
18591 0
1476 0
6214 0
-41 0
14340 0
-17365 0
3886 0
-18781 0
-9982 0
-4361 0
-250 0
-19654 0
14199 0
1705 0
-16951 0
-3800 0
-1165 0
-13075 0
4410 0
9932 0
5443 0
13274 0
15767 0
17365 0
-1246 0
-21893 0
-9377 0
-22924 0
13616 0
-8695 0
-11858 0
17730 0
20562 0
15620 0
1374 0
-22677 0
-23896 0
9285 0
16913 0
-20393 0
-3911 0
4290 0
22405 0
-16531 0
-5249 0
21032 0
12556 0
7378 0
1522 0
26004 0
-16642 0
-14444 0
562 0
-25523 0
-9274 0
-25224 0
-2078 0
-22848 0
4447 0
4897 0
23590 0
18955 0
18295 0
24939 0
-12747 0
14579 0
14896 0
-23093 0
-27856 0
15438 0
13230 0
10517 0
20877 0
20265 0
-15014 0
-1155 0
-27814 0
-15027 0
9165 0
26323 0
-23083 0
-18161 0
-21253 0
24105 0
-11093 0
7891 0
1431 0
-21826 0
14668 0
14009 0
-18083 0
19764 0
16950 0
-14955 0
14184 0
-18990 0
1639 0
-4388 0
-14494 0
29591 0
7629 0
14186 0
8677 0
3317 0
-3713 0
-16696 0
31254 0
-26046 0
-29002 0
-31250 0
24977 0
9447 0
-3227 0
-6149 0
13505 0
25629 0
20416 0
-24048 0
28696 0
2561 0
-13432 0
-12507 0
-12002 0
22734 0
23549 0
-18973 0
25431 0
-28917 0
18383 0
-13111 0
-26532 0
29852 0
3087 0
-5224 0
-9705 0
-3119 0
-6595 0
-29998 0
10783 0
-24005 0
-7300 0
31123 0
-3410 0
18679 0
23170 0
16049 0
-26044 0
28985 0
28829 0
1625 0
-13154 0
4049 0
30628 0
-3365 0
-15498 0
-28217 0
6681 0
1581 0
26159 0
-21547 0
22535 0
15188 0
15531 0
23125 0
6906 0
31403 0
-5020 0
-13473 0
-7338 0
-31871 0
26258 0
-17740 0
-31789 0
8805 0
29178 0
12010 0
7577 0
-24320 0
-21743 0
-14724 0
17373 0
425 0
-24118 0
-19598 0
-26985 0
-26226 0
24769 0
14072 0
19347 0
12026 0
6465 0
-23923 0
-19674 0
14693 0
-9814 0
15621 0
10771 0
8387 0
-13017 0
7425 0
15861 0
28839 0
26563 0
1263 0
30016 0
-26583 0
7939 0
27437 0
160 0
-26112 0
29614 0
14298 0
15252 0
-10394 0
-2923 0
-18663 0
-25619 0
-4372 0
30116 0
4819 0
-17839 0
-8304 0
18283 0
-13231 0
-22571 0
-27019 0
-13402 0
-1714 0
-16623 0
-13623 0
11485 0
-11142 0
12387 0
-6777 0
15104 0
7209 0
-3476 0
5946 0
-2184 0
-26650 0
5321 0
10627 0
15068 0
-26449 0
-4184 0
8811 0
5069 0
4209 0
-75 0
-15660 0
16703 0
3298 0
25080 0
-23127 0
11293 0
-15058 0
26068 0
-3738 0
18914 0
8911 0
19174 0
-20710 0
-15222 0
-5954 0
22596 0
-9460 0
-7363 0
-225 0
21834 0
-3138 0
9221 0
24413 0
-12903 0
-3405 0
22178 0
23286 0
20558 0
-7301 0
-18063 0
-11928 0
-12197 0
17864 0
-1729 0
-11418 0
3082 0
12720 0
-18060 0
18171 0
15858 0
16461 0
-17895 0
7843 0
16749 0
15917 0
14821 0
13594 0
-14393 0
-3040 0
14241 0
8117 0
9028 0
17626 0
-14326 0
-5454 0
-17960 0
3 0
11175 0
-2714 0
543 0
-8392 0
1344 0
13996 0
6987 0
4921 0
4798 0
12199 0
12197 0
-2897 0
-7180 0
10415 0
-1412 0
6943 0
13810 0
13351 0
-2926 0
1346 0
12481 0
-702 0
-14361 0
-3327 0
5627 0
2818 0
4468 0
-8465 0
-6469 0
-3159 0
-1644 0
7235 0
12555 0
9753 0
-1950 0
-12121 0
-1904 0
6473 0
2940 0
-1713 0
-2834 0
10287 0
-10969 0
-7900 0
-6437 0
-10111 0
-5164 0
-4694 0
-2289 0
550 0
5071 0
-9234 0
-6009 0
-7822 0
4300 0
-1419 0
-6210 0
2459 0
720 0
-3585 0
-1027 0
-7146 0
-4303 0
4182 0
-493 0
-4280 0
-2766 0
6571 0
4311 0
5762 0
3743 0
228 0
-2191 0
1357 0
3139 0
1722 0
-3105 0
-4643 0
-1964 0
-3876 0
-2003 0
2763 0
1093 0
-958 0
938 0
2883 0
-2770 0
-278 0
846 0
244 0
886 0
1217 0
1573 0
-1156 0
-382 0
-663 0
-655 0
-356 0
-49 0
-9 0
11 0
165 0
0 0
-100 0
89 0
-466 0
175 0
-783 0
-1175 0
72 0
739 0
215 0
-1312 0
-1251 0
-980 0
-1252 0
-2080 0
1101 0
131 0
-1863 0
2484 0
3154 0
2323 0
475 0
-130 0
426 0
3943 0
1096 0
-1624 0
2429 0
-4598 0
-1623 0
1414 0
3857 0
-2289 0
5759 0
-1255 0
-6667 0
1154 0
5640 0
-4861 0
2252 0
-418 0
-4947 0
145 0
-8524 0
-534 0
-8920 0
-3479 0
-8462 0
-7044 0
1968 0
4263 0
-6892 0
-4126 0
-681 0
7031 0
5113 0
-9191 0
-8016 0
-3274 0
10471 0
3338 0
9954 0
-3072 0
-2817 0
1699 0
7495 0
-11663 0
-12211 0
-7512 0
-1791 0
9237 0
-10621 0
-10335 0
1900 0
7290 0
13044 0
1728 0
-4797 0
8321 0
-14427 0
10274 0
-3724 0
4164 0
-6474 0
-8822 0
6814 0
10567 0
-15071 0
-2239 0
13122 0
5613 0
-10835 0
15513 0
-17235 0
-3217 0
16323 0
-8902 0
10863 0
-13927 0
-7778 0
-15081 0
3767 0
-4021 0
1599 0
-18953 0
-2223 0
10296 0
-13222 0
7559 0
14328 0
-537 0
12961 0
-18442 0
-12313 0
8848 0
-4592 0
-839 0
-20369 0
10137 0
12480 0
-12167 0
9347 0
12112 0
-21447 0
11198 0
-6670 0
9354 0
-2309 0
-7075 0
6538 0
-21866 0
-9160 0
9496 0
-22753 0
-12642 0
11274 0
9161 0
21768 0
23282 0
-6192 0
23434 0
-21661 0
6153 0
10900 0
15119 0
22741 0
10620 0
-25668 0
-19888 0
-366 0
15717 0
-21691 0
-22872 0
-22445 0
-25214 0
4568 0
-2909 0
25790 0
-22047 0
-20333 0
-14487 0
6561 0
27305 0
12103 0
-17023 0
6195 0
11442 0
-452 0
-6945 0
27107 0
14087 0
7784 0
13120 0
-1586 0
4619 0
24442 0
-113 0
-18431 0
22151 0
-2228 0
-23705 0
-9930 0
-21900 0
-29327 0
1364 0
-226 0
-26106 0
24597 0
20716 0
20837 0
-23799 0
18386 0
1378 0
-8095 0
-3014 0
12440 0
-21121 0
22346 0
-27661 0
-315 0
25940 0
11628 0
20810 0
-27256 0
-30007 0
-28288 0
10894 0
9091 0
-15631 0
-472 0
5208 0
27832 0
-8268 0
2011 0
17466 0
-7210 0
-6319 0
22792 0
-9694 0
-18086 0
-131 0
14787 0
-17210 0
7034 0
-11277 0
15509 0
-15214 0
953 0
29000 0
-7257 0
2225 0
-27155 0
26461 0
-15858 0
16706 0
-7768 0
-21447 0
9748 0
-20324 0
6181 0
14695 0
30436 0
21604 0
-12100 0
27268 0
9392 0
-23930 0
29666 0
-2162 0
-2779 0
21699 0
-16985 0
-11386 0
-4090 0
-9415 0
5214 0
