-55839 0
-3520 0
15568 0
-15399 0
5590 0
-8137 0
-48914 0
-12047 0
49829 0
17852 0
-18989 0
9122 0
-4624 0
-59386 0
-45917 0
41894 0
-47972 0
55947 0
-21605 0
-30256 0
9653 0
-10373 0
7432 0
-3099 0
63976 0
-28526 0
-26108 0
11466 0
-47897 0
-70053 0
13077 0
-9751 0
-13837 0
-51765 0
50287 0
62097 0
-61290 0
-20355 0
-35799 0
15605 0
12185 0
-41807 0
56930 0
-37494 0
-11679 0
-21254 0
47829 0
20783 0
3722 0
41611 0
58503 0
-28182 0
-57619 0
7763 0
-47174 0
53539 0
23914 0
-15501 0
-25114 0
-50809 0
-30276 0
16132 0
-51502 0
-9870 0
66583 0
-14021 0
-69137 0
42937 0
-50819 0
191 0
-27114 0
32587 0
3198 0
41435 0
-9800 0
-55208 0
16292 0
44212 0
43783 0
35268 0
-32096 0
50994 0
18443 0
41849 0
63953 0
55189 0
-35843 0
21743 0
12268 0
3349 0
-35208 0
37512 0
4027 0
35450 0
17478 0
40225 0
9918 0
-22410 0
20266 0
28024 0
-28886 0
-36235 0
17739 0
12493 0
-1234 0
28630 0
-27367 0
-5516 0
57323 0
-48970 0
12515 0
-47457 0
46417 0
39243 0
13192 0
17222 0
23724 0
21105 0
-47673 0
16314 0
-18044 0
-46516 0
30523 0
-13111 0
51720 0
44975 0
-50747 0
-44395 0
-35543 0
-62956 0
-54329 0
-33814 0
29306 0
45499 0
27034 0
-37082 0
36617 0
85581 0
5836 0
26587 0
-29274 0
-10073 0
-41634 0
47502 0
18770 0
-642 0
41401 0
15390 0
-24235 0
-64909 0
22120 0
49846 0
-27774 0
-14782 0
1218 0
28563 0
25273 0
-64013 0
23293 0
-23392 0
-23294 0
-38385 0
-11059 0
29132 0
-45599 0
-28712 0
12837 0
-69437 0
41470 0
-54650 0
68342 0
-60189 0
-12945 0
46391 0
-38951 0
-21662 0
30070 0
-63141 0
1125 0
24576 0
4615 0
-30213 0
-1572 0
12477 0
20794 0
13760 0
-57058 0
-18843 0
24671 0
59111 0
-69377 0
-12122 0
-24300 0
-22902 0
52732 0
12508 0
-27068 0
9239 0
-11090 0
-24068 0
8560 0
26451 0
-23172 0
-30492 0
-3162 0
59513 0
-28999 0
-45932 0
-18780 0
-74644 0
9580 0
2853 0
-22618 0
59271 0
-25900 0
-27959 0
16347 0
-9296 0
40656 0
-22269 0
-21429 0
-32905 0
-57309 0
-22138 0
-48285 0
-3721 0
10711 0
29012 0
-6842 0
26725 0
-12740 0
-46679 0
25671 0
14304 0
72186 0
16887 0
-57610 0
-71190 0
-1682 0
6734 0
48696 0
-59191 0
-33594 0
479 0
-5382 0
-58603 0
7829 0
-24132 0
49909 0
-9354 0
-47506 0
-23486 0
14885 0
4666 0
15055 0
-7214 0
-6382 0
27820 0
-12711 0
-1726 0
43101 0
10532 0
-17427 0
-30637 0
-29547 0
-36105 0
-53124 0
-6789 0
17670 0
30175 0
22472 0
30440 0
9843 0
-20293 0
-4464 0
24750 0
-18324 0
-11858 0
36480 0
-43672 0
662 0
-35120 0
26612 0
-5662 0
10401 0
-4129 0
-21515 0
-9285 0
29065 0
24980 0
35769 0
22511 0
-13777 0
-7444 0
14512 0
-14347 0
25307 0
25601 0
-9116 0
11434 0
12601 0
12975 0
-16153 0
10554 0
-7612 0
-6219 0
4571 0
24399 0
32204 0
-11633 0
-23473 0
-1527 0
1684 0
-34381 0
-10982 0
-14384 0
-13151 0
14014 0
15640 0
27812 0
9430 0
-5443 0
-19516 0
21061 0
-4303 0
4714 0
-16538 0
-5380 0
1319 0
2577 0
-22262 0
-12856 0
18713 0
-7341 0
-20732 0
10395 0
-10030 0
-3364 0
-16786 0
4185 0
-4896 0
-8011 0
4621 0
3145 0
-321 0
5767 0
19433 0
5620 0
1535 0
1703 0
-14941 0
940 0
-15812 0
-3832 0
7055 0
681 0
8675 0
4076 0
-3044 0
-1035 0
-8995 0
-3459 0
-5609 0
5918 0
3482 0
-5331 0
-1213 0
-3859 0
-5470 0
-941 0
2769 0
-6101 0
-807 0
4801 0
2588 0
2079 0
2683 0
-1613 0
2179 0
131 0
-333 0
-1601 0
480 0
-165 0
0 0
-124 0
-771 0
114 0
-177 0
-1306 0
1704 0
1279 0
-952 0
968 0
1201 0
-104 0
-1490 0
-2951 0
-1097 0
8372 0
-5864 0
-5747 0
-7420 0
3040 0
6828 0
3255 0
1004 0
3034 0
8836 0
12423 0
941 0
5657 0
-1211 0
-6361 0
13890 0
10043 0
6812 0
-5494 0
-7852 0
7231 0
1989 0
-5277 0
-4301 0
16648 0
-9140 0
14636 0
-11067 0
-20692 0
4592 0
-16943 0
9238 0
-11700 0
-1535 0
6887 0
14793 0
3644 0
-10002 0
3184 0
-4400 0
7937 0
-5061 0
-11143 0
-3404 0
-831 0
-1477 0
2656 0
-28712 0
2195 0
15207 0
22617 0
20106 0
20612 0
26379 0
-13820 0
-1069 0
-2125 0
14083 0
2526 0
-6921 0
8423 0
-25009 0
-6216 0
1273 0
-37413 0
-14283 0
-23205 0
1061 0
-32958 0
-21613 0
25402 0
-5663 0
6076 0
-34583 0
5385 0
24645 0
16069 0
2106 0
-3348 0
-2657 0
3791 0
-9126 0
-4351 0
-21424 0
7394 0
22723 0
-20089 0
5356 0
8275 0
-34634 0
31827 0
-37925 0
1050 0
-6115 0
16074 0
29537 0
-1305 0
45594 0
-6638 0
-16525 0
9868 0
-15114 0
33122 0
-12806 0
-47223 0
-11598 0
12057 0
-3974 0
-6408 0
219 0
-23254 0
15808 0
-36932 0
-26603 0
-7469 0
-33848 0
-6757 0
-53969 0
22997 0
-63167 0
2859 0
-23797 0
-6191 0
-11975 0
-4408 0
-46500 0
-24263 0
32242 0
-31481 0
-1934 0
12241 0
17883 0
43398 0
-15985 0
31879 0
-17914 0
21952 0
13298 0
-61301 0
58039 0
-42783 0
9497 0
23067 0
-5866 0
3347 0
50262 0
-11790 0
55972 0
46921 0
14335 0
66723 0
-39917 0
-49330 0
43894 0
1406 0
-16826 0
46315 0
17967 0
40737 0
-53652 0
6835 0
-39282 0
-47839 0
4703 0
58885 0
13493 0
27460 0
-12107 0
-38081 0
57932 0
902 0
58928 0
-46895 0
57825 0
19072 0
-45194 0
-40606 0
-25674 0
47934 0
39351 0
12540 0
-3070 0
14183 0
-12138 0
-58366 0
19091 0
-38515 0
54201 0
45969 0
-10519 0
-66127 0
61900 0
-18971 0
9988 0
-27437 0
987 0
-4346 0
-34290 0
55517 0
-38257 0
18156 0
-34727 0
-24901 0
24398 0
-36747 0
-23323 0
12716 0
71957 0
-48972 0
20883 0
69243 0
16273 0
58407 0
-82906 0
-64564 0
37222 0
-16991 0
23862 0
-5167 0
-12492 0
53803 0
-41970 0
37795 0
-19215 0
-8160 0
-71177 0
26892 0
-55222 0
31635 0
54030 0
-48121 0
-24899 0
14859 0
74199 0
37796 0
38580 0
62109 0
46117 0
-15382 0
13593 0
-17559 0
37900 0
-63324 0
10444 0
-20357 0
-22654 0
-31318 0
-36108 0
-1354 0
44560 0
58272 0
-81321 0
-29156 0
6960 0
-59244 0
3760 0
34986 0
-77029 0
65563 0
32206 0
-20841 0
-17097 0
50395 0
-24675 0
-46298 0
-42825 0
-16311 0
35200 0
-83050 0
-25697 0
55719 0
40048 0
63476 0
-21283 0
47317 0
8363 0
68547 0
-84743 0
-8923 0
-12520 0
-32037 0
65119 0
66163 0
-27161 0
33204 0
-34267 0
44773 0
67680 0
11791 0
-33440 0
75840 0
-20404 0
-29524 0
55495 0
-21035 0
-56913 0
-285 0
53874 0
64444 0
35960 0
-35412 0
15580 0
-34792 0
-78745 0
-10951 0
-21432 0
80267 0
51974 0
-4202 0
27484 0
-43702 0
73796 0
8850 0
-41513 0
43580 0
-39666 0
-3186 0
-74449 0
-8134 0
7988 0
-1162 0
-17166 0
10014 0
-64945 0
-35282 0
69778 0
-37206 0
39595 0
-47295 0
-1313 0
-1437 0
14191 0
-14556 0
13187 0
-49815 0
-18705 0
-22099 0
-13070 0
9717 0
10945 0
-38453 0
29612 0
-12073 0
-12731 0
38269 0
-20017 0
8873 0
-21101 0
63556 0
-5452 0
-16837 0
49179 0
12276 0
34896 0
-4278 0
-39401 0
33324 0
-30780 0
-13580 0
7352 0
26546 0
8811 0
1657 0
15616 0
7150 0
32558 0
30358 0
40060 0
-3729 0
21822 0
-15571 0
-29479 0
16563 0
-7651 0
4472 0
18830 0
470 0
-15252 0
4716 0
-22805 0
23056 0
43223 0
29945 0
9147 0
49076 0
-22985 0
-22740 0
-13091 0
33054 0
34673 0
-28151 0
18517 0
12407 0
-26851 0
-8178 0
-6732 0
-42559 0
6241 0
11678 0
2404 0
-1547 0
-17332 0
1055 0
10481 0
-26719 0
-13135 0
7661 0
-15940 0
-15928 0
8181 0
-11641 0
-15908 0
-17208 0
17835 0
9390 0
2817 0
-2659 0
-25109 0
-14374 0
18541 0
-73 0
-3961 0
-17180 0
1119 0
-10373 0
-7546 0
-9941 0
8447 0
-21479 0
6550 0
-2483 0
-28608 0
-3699 0
4963 0
18022 0
27448 0
-559 0
2240 0
-2390 0
7765 0
-23924 0
9318 0
-25037 0
-5608 0
-3308 0
10786 0
-11146 0
10055 0
-2320 0
-11044 0
16892 0
-208 0
10685 0
-2299 0
13239 0
-627 0
-4095 0
-7863 0
-3958 0
-1929 0
-1099 0
1921 0
14726 0
-6237 0
8166 0
-4831 0
5301 0
10850 0
-8124 0
-1375 0
9434 0
-520 0
5498 0
-3722 0
4313 0
8554 0
5206 0
503 0
-1888 0
-8389 0
99 0
-922 0
-1741 0
-2172 0
-2639 0
2161 0
-1937 0
3205 0
-1537 0
1566 0
-2714 0
1354 0
1940 0
-1042 0
-1131 0
201 0
-242 0
0 0
81 0
510 0
-36 0
94 0
-708 0
748 0
1675 0
585 0
-77 0
-469 0
-1328 0
-1046 0
1211 0
-4863 0
-6410 0
6725 0
-1606 0
1463 0
211 0
-5245 0
2821 0
-1101 0
-1834 0
7499 0
5482 0
-2821 0
9892 0
8613 0
-9232 0
9930 0
-6833 0
-2476 0
-14430 0
3351 0
6524 0
-1329 0
-3201 0
7322 0
4516 0
12929 0
-5747 0
-10811 0
14762 0
-12733 0
-19839 0
-17639 0
18504 0
-9473 0
5945 0
1017 0
1679 0
-4476 0
12494 0
-1448 0
-914 0
-7481 0
16651 0
962 0
14408 0
-9202 0
-3494 0
31248 0
18013 0
95 0
-3882 0
11383 0
-6292 0
5797 0
21679 0
23801 0
17531 0
-391 0
18612 0
-9070 0
19301 0
-31781 0
11868 0
17940 0
-4776 0
-10135 0
2593 0
-11330 0
-6039 0
13485 0
-15994 0
-21219 0
15310 0
26096 0
7446 0
-9830 0
43253 0
-34450 0
-21216 0
23821 0
21102 0
-17146 0
3347 0
-6007 0
-34241 0
-40523 0
-31031 0
-444 0
-590 0
-11923 0
18339 0
-2639 0
130 0
-1809 0
-32227 0
9542 0
29367 0
-8354 0
10485 0
28948 0
-14998 0
-22913 0
5270 0
-6941 0
43518 0
21063 0
-44599 0
-13790 0
47803 0
27253 0
26403 0
-6608 0
13620 0
3287 0
28241 0
-14072 0
-6604 0
-60202 0
9322 0
19325 0
5173 0
27195 0
-23394 0
-2859 0
-52091 0
11190 0
29447 0
-61623 0
-32597 0
15560 0
-7540 0
-27511 0
-3959 0
399 0
-50485 0
-4244 0
-24983 0
-5519 0
1056 0
-7046 0
-53910 0
-1485 0
21120 0
15894 0
-14555 0
3953 0
-40103 0
1433 0
-62886 0
33511 0
-60618 0
-2253 0
-24942 0
-54804 0
23628 0
-2795 0
-32479 0
28745 0
9277 0
47685 0
8744 0
17090 0
6472 0
-5624 0
-24972 0
-14467 0
62520 0
-61808 0
11126 0
-21588 0
-8011 0
34796 0
15953 0
-3109 0
9664 0
10095 0
17447 0
-21444 0
-1471 0
-45345 0
20702 0
-48368 0
9589 0
15090 0
-9213 0
-57109 0
31328 0
-24546 0
31577 0
6637 0
4576 0
-54429 0
-71602 0
70763 0
-24848 0
11163 0
6418 0
-11286 0
-85038 0
-72287 0
-628 0
-45787 0
18213 0
-7865 0
10497 0
-3947 0
-6691 0
-10944 0
73708 0
70141 0
25599 0
-77792 0
-11896 0
26889 0
52627 0
34810 0
-45853 0
13569 0
-46613 0
-17055 0
-17856 0
-26878 0
-7689 0
58856 0
-62705 0
76927 0
-8926 0
15842 0
29033 0
-16477 0
18903 0
51761 0
20664 0
-42750 0
64037 0
11656 0
-36323 0
-46073 0
-23536 0
-14950 0
49547 0
-9080 0
-40547 0
14638 0
5839 0
-4280 0
36036 0
-641 0
14179 0
30545 0
-17664 0
4576 0
-39501 0
53755 0
-12671 0
-41684 0
16722 0
-12251 0
-43158 0
-13195 0
1192 0
-14960 0
16142 0
59113 0
-36227 0
-52550 0
20466 0
87846 0
72526 0
61709 0
-66755 0
67807 0
36063 0
41202 0
-14009 0
-13105 0
58256 0
19359 0
44783 0
-57300 0
-47806 0
-31697 0
-10927 0
-2633 0
-13357 0
12949 0
-56188 0
44626 0
-39220 0
-46442 0
-44228 0
29592 0
20051 0
17068 0
13332 0
43602 0
48201 0
48382 0
-20598 0
-26128 0
66138 0
-27648 0
7052 0
-35661 0
-28963 0
15208 0
-363 0
31870 0
25821 0
49573 0
35440 0
-4505 0
45174 0
-23072 0
-56818 0
-10547 0
-48635 0
43184 0
26342 0
77638 0
63194 0
-12384 0
34418 0
-15977 0
50572 0
26349 0
-34834 0
-3891 0
-16968 0
44991 0
-16601 0
45546 0
-26342 0
13461 0
17579 0
-40494 0
13861 0
-39522 0
17640 0
48400 0
-367 0
37250 0
-55402 0
-31873 0
31801 0
35124 0
16551 0
4042 0
27073 0
-17236 0
-14092 0
-31146 0
-13930 0
34126 0
13612 0
-39730 0
-486 0
41837 0
-65078 0
9786 0
-17916 0
44779 0
4558 0
-19287 0
28194 0
-60978 0
1711 0
-6085 0
-7909 0
-41160 0
47084 0
-1294 0
-33586 0
-17736 0
43115 0
-8638 0
-34394 0
43635 0
24977 0
-7814 0
1285 0
-3057 0
-26496 0
40323 0
-25598 0
-5035 0
-26961 0
10585 0
-6581 0
-2938 0
15107 0
10163 0
-42419 0
22762 0
34676 0
-18748 0
-26063 0
-18855 0
-600 0
10032 0
-3472 0
-23360 0
5436 0
21100 0
5161 0
-18452 0
-38201 0
-18011 0
15305 0
7953 0
-41223 0
13128 0
-270 0
24859 0
15094 0
7784 0
-2050 0
-16187 0
-34148 0
9678 0
11865 0
-10350 0
-13551 0
-7122 0
12312 0
21627 0
29798 0
35592 0
18993 0
-18451 0
30570 0
-6916 0
-6467 0
-3921 0
2206 0
14101 0
-7645 0
861 0
6702 0
-5367 0
-10668 0
10134 0
-12476 0
6242 0
12518 0
-25184 0
-4804 0
-15718 0
-12316 0
-13857 0
8712 0
13197 0
-6370 0
-3277 0
520 0
4183 0
4490 0
-11969 0
9054 0
-679 0
-18602 0
12601 0
-4667 0
9407 0
-4632 0
-543 0
-1928 0
1347 0
5302 0
-3058 0
-562 0
4096 0
12942 0
-3181 0
-601 0
1586 0
-3091 0
4808 0
-507 0
222 0
-6206 0
2639 0
-2418 0
1559 0
668 0
-3390 0
349 0
860 0
3261 0
18 0
-121 0
-395 0
-2170 0
913 0
-106 0
-164 0
-333 0
0 0
131 0
251 0
398 0
-276 0
479 0
1055 0
2231 0
905 0
745 0
3851 0
281 0
1182 0
-968 0
-3511 0
4037 0
-630 0
-8836 0
320 0
3315 0
1590 0
917 0
-2812 0
143 0
-2884 0
11369 0
10995 0
-2655 0
10617 0
5187 0
601 0
-4658 0
502 0
4057 0
8969 0
-328 0
6438 0
898 0
697 0
14942 0
-7432 0
-4669 0
2324 0
3760 0
-12322 0
-19309 0
-15262 0
-2960 0
11066 0
3161 0
-3861 0
22800 0
-2024 0
10631 0
10117 0
1206 0
-15273 0
12968 0
-22052 0
15253 0
-11630 0
-8322 0
-13628 0
10618 0
21360 0
12807 0
-6106 0
8453 0
-17279 0
-9330 0
-6870 0
-5415 0
11131 0
22462 0
13437 0
8744 0
8756 0
-19376 0
-4754 0
-294 0
36103 0
3867 0
11470 0
12676 0
-6643 0
814 0
588 0
26777 0
-11590 0
9749 0
-14999 0
-27844 0
-1657 0
15879 0
-23262 0
27126 0
-10396 0
-18412 0
-6451 0
-31116 0
-24050 0
24817 0
31436 0
-5537 0
-29611 0
11017 0
-21020 0
39723 0
21083 0
28301 0
21788 0
17210 0
-47437 0
441 0
-6484 0
-42603 0
942 0
23369 0
9947 0
-20341 0
4867 0
-9080 0
-14570 0
-35538 0
22566 0
17834 0
-28909 0
2113 0
-26617 0
6087 0
16242 0
22129 0
-18447 0
-31185 0
31798 0
-13701 0
29868 0
5003 0
39210 0
-17944 0
16543 0
-38962 0
-22252 0
13058 0
-20834 0
-12633 0
55123 0
4375 0
61405 0
-1197 0
-53283 0
6737 0
17811 0
4342 0
16293 0
9787 0
58525 0
3440 0
30324 0
19197 0
-15704 0
6648 0
31842 0
-4872 0
2982 0
19099 0
-45353 0
-60521 0
-3425 0
-4182 0
-12008 0
-8767 0
10253 0
38068 0
51260 0
-8492 0
-13917 0
-1596 0
-6168 0
3840 0
-3181 0
13465 0
-25871 0
-17669 0
-56675 0
18054 0
15952 0
-44902 0
20368 0
23507 0
47521 0
35575 0
-11532 0
5096 0
19717 0
54168 0
53052 0
-42360 0
14593 0
9539 0
-73150 0
16676 0
-16777 0
31457 0
-42362 0
-3868 0
-43570 0
-13786 0
-14550 0
-24406 0
-41160 0
-34487 0
33568 0
-30480 0
18551 0
21089 0
-19668 0
16034 0
-11086 0
-14903 0
-14147 0
40745 0
-48580 0
-12036 0
7116 0
58907 0
8248 0
8425 0
-47451 0
28036 0
62696 0
52287 0
44139 0
-67558 0
69037 0
42510 0
-6600 0
-36520 0
22086 0
25126 0
-72608 0
15084 0
-82410 0
-7850 0
48539 0
-54346 0
-11197 0
-6949 0
-69215 0
13604 0
-21950 0
64982 0
-6364 0
-9094 0
-8257 0
-2057 0
-46788 0
3320 0
-39768 0
42243 0
72233 0
21241 0
63220 0
41769 0
34349 0
-4803 0
-4611 0
9927 0
22478 0
24032 0
20951 0
-27620 0
-76296 0
41034 0
-79561 0
-38192 0
-34467 0
-63303 0
77034 0
-4186 0
15334 0
-48414 0
3755 0
-17896 0
51948 0
-29831 0
-4616 0
17657 0
39347 0
23452 0
30525 0
-5095 0
21169 0
29320 0
-38887 0
-828 0
-13043 0
-28177 0
25293 0
57250 0
-19720 0
-20637 0
12840 0
18028 0
-27771 0
-4697 0
38486 0
-66933 0
-41524 0
35485 0
62167 0
-20718 0
-18613 0
25934 0
50050 0
2113 0
69953 0
61787 0
-163 0
-19888 0
-7999 0
15705 0
-33457 0
-38568 0
-46791 0
39198 0
-12537 0
16116 0
-58032 0
4597 0
-47711 0
-23448 0
-43393 0
71853 0
11773 0
48802 0
-19597 0
-33729 0
29717 0
-4516 0
35179 0
11007 0
-13930 0
-2172 0
-10986 0
-1269 0
-546 0
12075 0
-20841 0
-2487 0
-39444 0
41660 0
64305 0
2217 0
14533 0
-15942 0
11023 0
65427 0
43069 0
23577 0
54695 0
65986 0
-8336 0
21911 0
-41843 0
-34627 0
-3554 0
-22299 0
37072 0
-21021 0
8999 0
-58460 0
-36354 0
-16743 0
-17340 0
5042 0
29106 0
-23232 0
44426 0
-30810 0
-28865 0
-15592 0
18672 0
-7520 0
13712 0
-24330 0
-52439 0
36928 0
45807 0
-9291 0
-35554 0
-5727 0
12618 0
-31834 0
-23368 0
-3303 0
-5583 0
12855 0
-1851 0
-22146 0
518 0
-25993 0
13711 0
32181 0
-34648 0
496 0
19573 0
-2686 0
-44581 0
-2700 0
24098 0
-743 0
20773 0
-25411 0
47462 0
-2310 0
-5234 0
-1954 0
-18051 0
41567 0
-8750 0
12161 0
-21327 0
946 0
-8988 0
-12546 0
20127 0
-29682 0
427 0
126 0
-20684 0
1032 0
-14917 0
-14995 0
15399 0
4514 0
8150 0
-35046 0
2555 0
-13803 0
-537 0
-20245 0
6037 0
4171 0
28814 0
-13185 0
-11277 0
24157 0
-13728 0
-27213 0
12149 0
1816 0
-11248 0
-3453 0
-12572 0
-2646 0
-1013 0
-6057 0
-12772 0
2983 0
-13915 0
4848 0
14609 0
570 0
13344 0
-5306 0
-1735 0
-6128 0
-4195 0
2871 0
-1063 0
18905 0
6577 0
12137 0
1046 0
-5909 0
-11975 0
9430 0
-2969 0
-12018 0
5627 0
7673 0
11464 0
-4032 0
4497 0
2607 0
-3908 0
-3994 0
219 0
5648 0
9311 0
-3854 0
1295 0
2283 0
915 0
3307 0
-4484 0
-142 0
6300 0
815 0
1566 0
5330 0
2316 0
2911 0
-1929 0
2272 0
-100 0
1081 0
100 0
-231 0
-374 0
-242 0
0 0
-224 0
773 0
1454 0
-1164 0
991 0
-391 0
282 0
-45 0
2326 0
-520 0
5201 0
-2005 0
172 0
-2868 0
6331 0
3360 0
4620 0
-426 0
-7434 0
-7418 0
-1767 0
-3161 0
-5457 0
5115 0
-13299 0
-2662 0
-11188 0
4043 0
2213 0
-481 0
-12580 0
-5318 0
-12859 0
2906 0
2160 0
-10830 0
-3198 0
4568 0
2531 0
2230 0
11665 0
5221 0
-8301 0
-286 0
1730 0
-561 0
-4013 0
-8752 0
-4949 0
-541 0
9107 0
-752 0
17071 0
-19196 0
-620 0
-18665 0
-762 0
-2932 0
3464 0
-4842 0
18526 0
4754 0
8102 0
4672 0
8093 0
-8663 0
-8596 0
-668 0
2814 0
-10241 0
4958 0
-22526 0
3516 0
13409 0
-2550 0
40 0
16842 0
32784 0
2309 0
13037 0
5489 0
28724 0
-19813 0
27442 0
16377 0
13458 0
19996 0
-17708 0
-4741 0
-39054 0
-26688 0
7165 0
-40651 0
-2754 0
-16627 0
6993 0
14246 0
-19879 0
-10207 0
31617 0
-912 0
-18577 0
9916 0
35724 0
-8702 0
1518 0
-22040 0
-38866 0
11809 0
22491 0
-1523 0
356 0
-21404 0
-21102 0
2040 0
3082 0
2628 0
-14679 0
-24664 0
12763 0
-23006 0
-17439 0
-5322 0
-29068 0
18289 0
33217 0
-13367 0
53862 0
-21837 0
-22325 0
6139 0
-23047 0
-32684 0
55808 0
-1159 0
18756 0
-13833 0
-7124 0
4387 0
-45895 0
16064 0
15368 0
-12176 0
-8559 0
-52011 0
-13755 0
51316 0
48118 0
-36917 0
7952 0
-5617 0
17345 0
18539 0
15711 0
20536 0
43301 0
39754 0
-67910 0
-17123 0
48662 0
36599 0
-28086 0
-58752 0
-27345 0
42060 0
-11156 0
13588 0
17115 0
-23200 0
-3396 0
39881 0
16413 0
19629 0
45156 0
52763 0
-73261 0
55469 0
4428 0
-27963 0
21888 0
11207 0
-45255 0
-54864 0
37513 0
-1971 0
-12027 0
-20843 0
1357 0
33427 0
21037 0
12396 0
54370 0
2369 0
-21215 0
4890 0
50835 0
-36324 0
55262 0
39848 0
-59530 0
45693 0
2574 0
-84645 0
-17122 0
-36803 0
22042 0
-46828 0
-40236 0
-69036 0
9386 0
35651 0
32785 0
8568 0
84813 0
-3301 0
27038 0
-4398 0
-4219 0
-67836 0
10900 0
1225 0
25087 0
-34106 0
-2268 0
-18895 0
3872 0
2694 0
-53161 0
-50808 0
312 0
22381 0
45566 0
52962 0
-65089 0
-8176 0
-71792 0
34538 0
42080 0
54335 0
11319 0
16417 0
-60807 0
59553 0
39369 0
-29294 0
74218 0
-39562 0
-23211 0
20521 0
12958 0
42488 0
6311 0
-12032 0
-59674 0
24158 0
-54125 0
16683 0
81299 0
-61644 0
-38337 0
30908 0
13105 0
-43874 0
10903 0
-23671 0
580 0
-2427 0
-12164 0
-494 0
-21378 0
-3435 0
-71421 0
14483 0
30367 0
3945 0
-57115 0
60618 0
-2585 0
18693 0
-64915 0
-49437 0
7465 0
21306 0
14829 0
-17139 0
-85550 0
67792 0
21585 0
-47941 0
2772 0
58929 0
-28424 0
-47208 0
-24539 0
-26757 0
-64833 0
33085 0
1508 0
-39229 0
19351 0
-73420 0
-67598 0
-21925 0
-50311 0
15945 0
15580 0
7198 0
39782 0
3087 0
-39316 0
9617 0
-36036 0
5137 0
-10680 0
-66023 0
24932 0
-15008 0
5100 0
36419 0
45859 0
-13542 0
-10627 0
-1367 0
-82894 0
30881 0
-19324 0
2657 0
61748 0
21662 0
20770 0
-7461 0
47652 0
-3856 0
-19305 0
-52747 0
22453 0
-9288 0
71247 0
-45588 0
-53185 0
-1738 0
-67555 0
4951 0
-68487 0
181 0
-5905 0
-22388 0
5117 0
26294 0
7500 0
-14810 0
-3182 0
-6123 0
37257 0
-22991 0
25506 0
-5439 0
22696 0
-4468 0
-21590 0
33410 0
28289 0
-30937 0
9361 0
-5791 0
28907 0
-51421 0
47227 0
-4536 0
-2981 0
40771 0
21740 0
36059 0
-29717 0
-36945 0
-33666 0
24769 0
-24722 0
62531 0
32193 0
-9996 0
-27633 0
19093 0
-47504 0
-9623 0
10768 0
49108 0
-23495 0
-10123 0
-41050 0
23744 0
5440 0
-7277 0
24525 0
25161 0
7731 0
26231 0
18102 0
-17352 0
9465 0
-34391 0
-14276 0
-25808 0
8350 0
41977 0
351 0
13704 0
-9856 0
7833 0
-7234 0
12845 0
-36459 0
13876 0
-51239 0
-10644 0
24550 0
-24145 0
1946 0
6682 0
5573 0
24181 0
-21648 0
3876 0
12741 0
-1728 0
-19680 0
-3465 0
3879 0
-22864 0
-1505 0
23056 0
-6627 0
12336 0
-5279 0
-17142 0
-28412 0
-35129 0
9488 0
-11665 0
-22699 0
-34406 0
22981 0
-1803 0
10851 0
1067 0
-9855 0
-33223 0
16396 0
2746 0
-13751 0
9242 0
-4128 0
3771 0
-21579 0
1739 0
22741 0
9273 0
2344 0
26186 0
-13091 0
12956 0
1511 0
-9336 0
-7740 0
-13722 0
975 0
12412 0
-23273 0
-1395 0
-4587 0
-9002 0
19925 0
-4558 0
10663 0
-4819 0
-8334 0
-10853 0
504 0
168 0
7925 0
1792 0
-4329 0
9023 0
-15580 0
12188 0
1480 0
758 0
-5773 0
-1739 0
-4380 0
-194 0
3569 0
-3850 0
-1201 0
6519 0
-2411 0
-6463 0
196 0
-2676 0
-435 0
974 0
-3109 0
1462 0
-914 0
427 0
586 0
-2057 0
592 0
240 0
-200 0
-211 0
0 0
-26 0
277 0
493 0
-221 0
106 0
106 0
1391 0
-431 0
-886 0
1613 0
-918 0
1735 0
-2916 0
2723 0
4862 0
-373 0
-3769 0
6547 0
-6641 0
665 0
-350 0
-4624 0
-3579 0
2608 0
-2746 0
-3516 0
7028 0
8332 0
-3207 0
-9426 0
7661 0
1127 0
-2122 0
207 0
11119 0
-6837 0
-341 0
7800 0
-126 0
-885 0
-4908 0
11163 0
13631 0
-1925 0
-1276 0
-1633 0
-4675 0
12889 0
-20815 0
-12789 0
25990 0
-12757 0
-6718 0
-4097 0
6175 0
-9108 0
21167 0
2835 0
-12010 0
16639 0
-4372 0
-13926 0
-15543 0
31858 0
19448 0
26525 0
28834 0
18601 0
-16875 0
-3496 0
6278 0
12494 0
26118 0
-12217 0
-9317 0
9091 0
-10397 0
-20654 0
30390 0
12570 0
-8847 0
-3023 0
4511 0
-16505 0
-1103 0
-1094 0
22140 0
4854 0
13297 0
17340 0
-15021 0
-8232 0
31969 0
-26866 0
-19392 0
-4972 0
-1695 0
24389 0
-39694 0
9725 0
13439 0
-44417 0
14496 0
217 0
-4400 0
38899 0
19679 0
10150 0
-31217 0
49448 0
-1723 0
-17998 0
-401 0
-10180 0
-8093 0
6582 0
37815 0
45322 0
-1987 0
2677 0
-7876 0
-30898 0
25440 0
24647 0
-25146 0
-7674 0
47185 0
41627 0
-46188 0
-5936 0
47324 0
-41034 0
-27993 0
54468 0
-9890 0
31966 0
19079 0
-28046 0
-16678 0
28667 0
6828 0
14075 0
-54057 0
-17311 0
-14743 0
46647 0
-22782 0
-45350 0
4923 0
37804 0
3315 0
58625 0
-26968 0
15596 0
-46519 0
-873 0
1169 0
10650 0
61846 0
-37974 0
48145 0
29798 0
-6268 0
-1563 0
48090 0
-35006 0
-32221 0
-10009 0
18910 0
21205 0
-50224 0
4865 0
-5144 0
-38729 0
662 0
10667 0
-38921 0
-6524 0
-8686 0
-20423 0
45672 0
-5998 0
-33849 0
687 0
-54734 0
59587 0
21828 0
48528 0
38916 0
-66999 0
27957 0
-17595 0
3824 0
35216 0
-29371 0
-10206 0
-19365 0
-71507 0
-23923 0
-54648 0
-37713 0
9728 0
22955 0
-32051 0
-1824 0
17155 0
13910 0
-6682 0
-55296 0
-16558 0
51705 0
3924 0
-45973 0
-91 0
-18512 0
36983 0
10436 0
42125 0
-47349 0
-67 0
-50613 0
-12805 0
-38115 0
-42144 0
-64834 0
-85504 0
64270 0
-16167 0
7869 0
4758 0
-4737 0
5546 0
-28348 0
-19535 0
7973 0
-3618 0
-46565 0
-31001 0
22691 0
16069 0
-3538 0
-52490 0
-39219 0
-9522 0
-71153 0
78941 0
58805 0
5001 0
-3588 0
27822 0
-9107 0
27122 0
29947 0
68150 0
-11894 0
-34049 0
3102 0
-14600 0
-56578 0
7582 0
6636 0
-3049 0
32026 0
-6313 0
-14676 0
-64216 0
-21655 0
-10597 0
4543 0
71458 0
71035 0
9511 0
-1261 0
-28211 0
30290 0
1118 0
-10528 0
61129 0
-2913 0
-6637 0
10837 0
3585 0
63852 0
7723 0
25689 0
27008 0
24809 0
5292 0
6955 0
38768 0
-72627 0
72472 0
40435 0
26408 0
11227 0
-11776 0
17076 0
4533 0
34621 0
12911 0
-12513 0
2260 0
-11003 0
-26148 0
-13388 0
-12216 0
53540 0
-16449 0
-506 0
-15600 0
-50097 0
1656 0
-48577 0
18441 0
43125 0
60504 0
-38564 0
493 0
6520 0
-9493 0
6806 0
-14247 0
3222 0
70524 0
34252 0
32635 0
18730 0
16261 0
-25410 0
-2946 0
-32277 0
-14588 0
-3203 0
55630 0
42478 0
49295 0
-2185 0
10233 0
33268 0
318 0
3167 0
20160 0
13949 0
-3763 0
-41911 0
23435 0
31586 0
13663 0
37301 0
31326 0
43093 0
21186 0
-25379 0
17456 0
-5130 0
-6577 0
-66033 0
70143 0
-27675 0
5219 0
-28465 0
-27514 0
40887 0
-11313 0
-30822 0
-39326 0
-37660 0
-13661 0
-3370 0
25775 0
53029 0
37823 0
7634 0
-15170 0
-19981 0
13248 0
12133 0
-3034 0
29249 0
13640 0
20680 0
-2427 0
11735 0
13251 0
19190 0
-9425 0
37022 0
47881 0
-16538 0
27980 0
43621 0
-34114 0
6916 0
-3150 0
4839 0
-24295 0
-26789 0
5380 0
-40219 0
20244 0
4755 0
71 0
-91 0
-26844 0
26791 0
7581 0
-12183 0
8170 0
50121 0
-18389 0
-12640 0
35947 0
-33228 0
-14703 0
-20832 0
18983 0
11910 0
-10163 0
3847 0
-8599 0
-22610 0
-18723 0
-5544 0
-6611 0
19173 0
-6551 0
-12318 0
25880 0
12687 0
5490 0
16990 0
9661 0
-15766 0
27585 0
2816 0
8078 0
2303 0
16483 0
6356 0
-19045 0
-15301 0
-16755 0
-8714 0
-18585 0
6095 0
-17166 0
-18617 0
22471 0
13644 0
-22111 0
20567 0
-10608 0
10574 0
-15648 0
-1908 0
15449 0
4599 0
-11094 0
12731 0
-3377 0
-25084 0
3261 0
-22446 0
-6494 0
-3690 0
-22824 0
8701 0
-1203 0
-4592 0
12195 0
5879 0
16957 0
-8182 0
-3616 0
-2876 0
-6276 0
-5623 0
-6496 0
-6058 0
1513 0
-9247 0
-1452 0
-2365 0
6904 0
6179 0
-11218 0
-1918 0
-2389 0
2626 0
2602 0
-9430 0
9985 0
-9686 0
-3689 0
-7718 0
664 0
1320 0
-1543 0
-123 0
-161 0
-3875 0
-4984 0
4530 0
-1211 0
3389 0
2407 0
-1819 0
-9 0
169 0
-353 0
190 0
0 0
-35 0
-674 0
-873 0
-1100 0
556 0
1471 0
893 0
2558 0
-1608 0
480 0
-1123 0
5365 0
-1640 0
2583 0
2384 0
4273 0
-4020 0
742 0
-9878 0
3684 0
843 0
-7834 0
-3125 0
2379 0
-2785 0
-856 0
2020 0
4997 0
-353 0
3658 0
7259 0
-7504 0
1866 0
-8506 0
-3499 0
-1783 0
1493 0
-12060 0
1210 0
-9497 0
9331 0
-6004 0
-7672 0
-5615 0
11985 0
-14348 0
10332 0
14005 0
-10117 0
-4546 0
1622 0
-4180 0
-1177 0
7029 0
8408 0
-15804 0
13509 0
-22552 0
30665 0
-6085 0
22675 0
-7841 0
-2690 0
-11074 0
1416 0
6202 0
-2433 0
-12327 0
-15051 0
-33021 0
24108 0
18033 0
11214 0
-26748 0
-5717 0
-9125 0
-38605 0
-12315 0
33384 0
-3785 0
-4463 0
-14758 0
4960 0
31859 0
-10825 0
39591 0
12209 0
-2155 0
-4018 0
-8476 0
28013 0
27233 0
16784 0
17011 0
11972 0
9962 0
11450 0
-4924 0
-1539 0
32290 0
44161 0
-18327 0
-19214 0
-2546 0
-36099 0
-10616 0
-22034 0
-29370 0
-20100 0
-49143 0
-23080 0
-40617 0
-17775 0
5182 0
24626 0
-20301 0
26484 0
-25676 0
38688 0
16493 0
-21261 0
-18126 0
-46496 0
6117 0
-32059 0
8876 0
-17230 0
-13906 0
34495 0
38599 0
5638 0
-4239 0
-30707 0
-37649 0
-45838 0
-3826 0
27003 0
18705 0
-16801 0
2883 0
-8159 0
21057 0
1919 0
-28485 0
39607 0
-46590 0
-19698 0
45304 0
31334 0
-11460 0
-1035 0
20939 0
-22343 0
-2254 0
33372 0
-22251 0
5296 0
45561 0
-9385 0
-18389 0
-19101 0
2645 0
-28516 0
-18019 0
28926 0
-35833 0
-14433 0
26253 0
-39148 0
-20367 0
-37015 0
12781 0
-18222 0
-4595 0
56927 0
-30636 0
5126 0
8106 0
-124 0
35568 0
-8434 0
-9395 0
-40510 0
-14754 0
27519 0
-13687 0
-4134 0
-72313 0
9953 0
10749 0
-37306 0
-60125 0
-48469 0
-19761 0
-9844 0
-84229 0
-8150 0
9137 0
9596 0
-37104 0
-49075 0
-42859 0
60898 0
51344 0
12942 0
51535 0
-22036 0
50871 0
77541 0
-11044 0
50681 0
44714 0
42217 0
11426 0
-50861 0
72757 0
26978 0
-27353 0
-6107 0
24973 0
-26448 0
53748 0
47589 0
38853 0
-76672 0
-10757 0
6672 0
11599 0
8278 0
8864 0
-7489 0
50478 0
3881 0
-12673 0
13074 0
-15294 0
-5990 0
-1832 0
38208 0
8506 0
23092 0
-13461 0
16895 0
6009 0
-47013 0
30956 0
74575 0
33517 0
9051 0
19271 0
34614 0
27321 0
-28765 0
-34141 0
-9693 0
3000 0
54293 0
-57464 0
-23710 0
1811 0
37610 0
7511 0
-26963 0
30590 0
19045 0
34526 0
-27085 0
-16031 0
-20547 0
-21974 0
-68377 0
-16820 0
5773 0
43324 0
2814 0
-9991 0
-50123 0
-11279 0
-46098 0
-34089 0
51287 0
-82913 0
44636 0
75368 0
8768 0
-38756 0
-25830 0
-44850 0
-61155 0
23413 0
-34017 0
-212 0
-55190 0
6116 0
-57591 0
70399 0
19963 0
-49437 0
8255 0
17462 0
-65067 0
3236 0
19350 0
17151 0
-39047 0
58613 0
-18831 0
-12885 0
10116 0
16872 0
-2312 0
-12576 0
59111 0
-38308 0
13601 0
66385 0
-7012 0
5152 0
45611 0
4865 0
-54828 0
-57097 0
10604 0
-50084 0
32878 0
-55457 0
-11146 0
-47457 0
-56377 0
-738 0
46182 0
63461 0
-10628 0
25441 0
-45381 0
68184 0
-570 0
24769 0
12782 0
31664 0
-1408 0
-46734 0
-51075 0
-20474 0
18850 0
29469 0
17325 0
-41970 0
-32889 0
-8297 0
-10787 0
22607 0
7704 0
-40205 0
21494 0
25304 0
-11920 0
8015 0
-19932 0
-9634 0
13136 0
-26812 0
-32615 0
-396 0
8921 0
-18813 0
-55190 0
19667 0
-31630 0
687 0
-39945 0
11769 0
20000 0
14191 0
32583 0
29291 0
-41529 0
14890 0
16089 0
17014 0
16139 0
5977 0
3798 0
-58485 0
5362 0
10418 0
-20826 0
31600 0
-39739 0
-36962 0
-14867 0
41977 0
-34945 0
-25080 0
-40595 0
21030 0
-7986 0
-40907 0
5227 0
50836 0
-8005 0
-5438 0
-33913 0
7645 0
-28269 0
-9343 0
-9906 0
-40103 0
-33548 0
28562 0
-22452 0
12992 0
-762 0
-82 0
7662 0
37369 0
-7789 0
10112 0
-13584 0
11542 0
16345 0
-4847 0
2302 0
-8213 0
12671 0
27803 0
7297 0
-20796 0
-27794 0
21532 0
11964 0
-20909 0
-18844 0
24491 0
4719 0
-11749 0
4416 0
16138 0
13733 0
-5954 0
-4891 0
11296 0
26880 0
-30106 0
-22652 0
4063 0
10206 0
20626 0
19382 0
-18914 0
-48 0
-15962 0
-4709 0
-23474 0
-8519 0
15121 0
-19809 0
7785 0
12787 0
-16589 0
-8811 0
22307 0
5337 0
-5754 0
17753 0
4139 0
9582 0
14830 0
1248 0
16342 0
5252 0
9325 0
-16332 0
-657 0
-8986 0
10458 0
-16784 0
-3768 0
15673 0
-9938 0
-8981 0
7129 0
7804 0
6814 0
7548 0
-2240 0
11440 0
85 0
4651 0
-1066 0
-4714 0
-2908 0
928 0
3012 0
3318 0
1406 0
-645 0
-544 0
4329 0
-2837 0
1712 0
227 0
-56 0
-1879 0
-672 0
8 0
-1097 0
-1314 0
-841 0
-771 0
-101 0
0 0
-315 0
-226 0
-401 0
1461 0
284 0
-786 0
2100 0
3106 0
-238 0
-1522 0
-4622 0
-1496 0
933 0
422 0
-6050 0
1628 0
2884 0
5054 0
1393 0
3592 0
5948 0
-2191 0
-316 0
6582 0
8409 0
-3089 0
-1250 0
4237 0
-15569 0
-6653 0
-16212 0
5873 0
-9535 0
10875 0
-4777 0
12423 0
6489 0
14507 0
20652 0
-13985 0
-1670 0
2139 0
1790 0
-6531 0
16716 0
-2935 0
-6172 0
13622 0
5738 0
-15645 0
-1611 0
-26019 0
6506 0
-8825 0
25673 0
-6790 0
-18634 0
-9445 0
20291 0
-21513 0
6049 0
-14551 0
-21524 0
21013 0
9281 0
-18447 0
28769 0
15791 0
-15088 0
28209 0
945 0
-7508 0
700 0
-18493 0
9898 0
13448 0
16168 0
3783 0
15758 0
-1429 0
-22663 0
38377 0
-20992 0
-36113 0
-13797 0
21259 0
5776 0
9035 0
-19742 0
21869 0
19516 0
-2223 0
-9227 0
27215 0
-1063 0
-429 0
-8214 0
-34115 0
35315 0
1289 0
6726 0
15363 0
704 0
34307 0
-23762 0
-30099 0
47641 0
21885 0
-22858 0
1657 0
-14542 0
15629 0
-14512 0
31437 0
-34632 0
-17106 0
46211 0
-18464 0
27008 0
18703 0
-858 0
-37400 0
13095 0
21474 0
-8436 0
-7412 0
25726 0
18104 0
-27361 0
-19052 0
-27112 0
9573 0
-19383 0
35244 0
-48801 0
-4712 0
27177 0
27702 0
-8382 0
-1353 0
26507 0
-28558 0
-22192 0
11085 0
-6733 0
21115 0
-36347 0
-19858 0
-826 0
2569 0
45959 0
27354 0
2384 0
-529 0
-19079 0
-5468 0
-32661 0
-48839 0
3064 0
-29542 0
-65016 0
-2665 0
-18432 0
47405 0
-21336 0
-25671 0
-48276 0
-42984 0
11490 0
-15460 0
348 0
8229 0
46758 0
-52795 0
-8620 0
24678 0
60362 0
17463 0
36490 0
28524 0
-55030 0
8016 0
69005 0
19985 0
-73024 0
6561 0
17264 0
33767 0
-2635 0
37702 0
15452 0
-3584 0
-3841 0
66406 0
-34377 0
15648 0
-16526 0
14855 0
-16587 0
-59366 0
-56379 0
-37410 0
-13301 0
-20759 0
-5603 0
13039 0
-13772 0
34566 0
-1267 0
-8860 0
44872 0
20307 0
-837 0
-31754 0
-10447 0
38132 0
-12285 0
48181 0
-64006 0
-2808 0
-8949 0
53315 0
-7991 0
-38775 0
11401 0
63347 0
-4326 0
80793 0
-78998 0
-13532 0
-16097 0
57584 0
-41494 0
3542 0
54325 0
21730 0
-45225 0
-24355 0
-54534 0
2942 0
27809 0
-35596 0
2221 0
67392 0
6387 0
14726 0
89360 0
-35326 0
6497 0
86409 0
91504 0
84564 0
-41528 0
-13099 0
-30278 0
-42597 0
10629 0
24111 0
-4108 0
-12972 0
-5919 0
-56207 0
23465 0
50993 0
47654 0
-29921 0
28507 0
51038 0
-5011 0
5755 0
11077 0
-53979 0
-21280 0
76368 0
-4217 0
-22751 0
23086 0
-56113 0
-15885 0
-50244 0
-26326 0
39861 0
-12719 0
2374 0
-17648 0
28507 0
72391 0
35083 0
45424 0
4937 0
46388 0
76544 0
20046 0
-33693 0
61096 0
39916 0
19900 0
79085 0
52464 0
25451 0
-36703 0
18021 0
-23593 0
-80463 0
30509 0
9554 0
-8456 0
31053 0
-44285 0
1670 0
23084 0
11583 0
-8987 0
68049 0
25650 0
-26145 0
-1671 0
27627 0
11442 0
-4026 0
26357 0
-28078 0
2132 0
-34075 0
-61456 0
-13835 0
-29497 0
-54421 0
-21586 0
-48533 0
-35530 0
-3049 0
-39648 0
-51626 0
6927 0
37018 0
-42754 0
-65908 0
-12912 0
-16135 0
-26313 0
3764 0
-11866 0
-60717 0
49097 0
16704 0
16356 0
-9064 0
68814 0
59280 0
61166 0
24759 0
30154 0
5557 0
-1303 0
760 0
8326 0
-51399 0
-35775 0
-9074 0
-60998 0
16962 0
38160 0
-10815 0
11206 0
35296 0
35825 0
-17740 0
-1361 0
-20358 0
-5941 0
3973 0
49559 0
43606 0
3803 0
-22563 0
-41223 0
-2949 0
-3719 0
28211 0
-15276 0
-8697 0
25917 0
25096 0
26334 0
-120 0
2415 0
-4052 0
7937 0
18058 0
8137 0
-25523 0
476 0
48942 0
44232 0
4981 0
-7715 0
559 0
13063 0
-17301 0
18161 0
-26564 0
-21763 0
-245 0
-13180 0
7559 0
-18063 0
4863 0
-13302 0
18840 0
-17688 0
15303 0
8248 0
-18449 0
-32336 0
-5926 0
-44832 0
-9880 0
14813 0
14034 0
-1429 0
-4056 0
-13053 0
-484 0
-4984 0
-6886 0
17179 0
11826 0
34795 0
-11979 0
39980 0
25369 0
11189 0
-29919 0
19783 0
-2494 0
-5992 0
-1902 0
9497 0
20919 0
32623 0
17596 0
-2297 0
-21621 0
-32975 0
-7236 0
3291 0
-14237 0
-6095 0
28236 0
15004 0
10619 0
-7499 0
-15423 0
21236 0
13199 0
-4075 0
-7727 0
-8655 0
-12880 0
-2459 0
-11448 0
4990 0
4392 0
-5603 0
6975 0
8035 0
18499 0
-7123 0
-18730 0
7331 0
-6738 0
-12454 0
6 0
6429 0
-708 0
13003 0
-3004 0
-13500 0
10701 0
-9186 0
11280 0
1259 0
-1016 0
-847 0
7626 0
5931 0
2737 0
5651 0
-6113 0
9547 0
-799 0
-3628 0
-803 0
-2804 0
1731 0
-123 0
1029 0
2039 0
-370 0
425 0
-3461 0
-2353 0
736 0
-2780 0
-1976 0
20 0
-1475 0
477 0
-735 0
293 0
0 0
-145 0
-595 0
489 0
283 0
-219 0
-2446 0
893 0
347 0
1703 0
5191 0
-2878 0
3291 0
-5345 0
4766 0
577 0
258 0
-183 0
22 0
-10731 0
-4100 0
462 0
1133 0
-1289 0
-1573 0
-4911 0
-837 0
2867 0
5260 0
7543 0
-3830 0
1550 0
3326 0
1409 0
4639 0
2410 0
-9118 0
-4779 0
11903 0
6983 0
7138 0
12075 0
-2889 0
4102 0
-4477 0
4848 0
-1862 0
17986 0
-4672 0
617 0
9760 0
8141 0
-25019 0
-8648 0
-23475 0
-13711 0
4772 0
7038 0
-14909 0
15826 0
5048 0
26685 0
-25163 0
14155 0
2297 0
-15424 0
4875 0
13525 0
-19062 0
8299 0
-28508 0
18474 0
31865 0
8095 0
33293 0
-26552 0
-10293 0
-17653 0
15671 0
-331 0
-10561 0
20758 0
19540 0
40800 0
-15254 0
12275 0
-2012 0
-19853 0
-16625 0
1173 0
-7910 0
-21817 0
21124 0
12642 0
10473 0
-16673 0
-15706 0
26329 0
-16145 0
12217 0
15748 0
-27878 0
-9426 0
-20356 0
17933 0
-18624 0
-3588 0
-728 0
-21022 0
-13090 0
-28245 0
-9429 0
-1372 0
27837 0
45482 0
-28206 0
43531 0
28662 0
-11100 0
57296 0
-4328 0
-16819 0
30987 0
-21718 0
-20480 0
-21918 0
-40788 0
1841 0
