-31715 -23586
-14128 11168
25761 -9842
9576 -24161
26999 -21003
-30157 22797
-24070 -22600
2283 -13306
28221 19870
13159 4322
-11706 -5679
10768 -1666
-16599 12819
-28542 -26085
-17592 -24302
28809 10246
-11187 -32157
29791 21669
3128 -22157
1037 -27768
-21244 30441
12252 -20973
-346 7488
-6145 3943
28993 27867
-6652 -17809
4324 -26564
-8836 19334
-27103 -13783
-32363 -27442
-7000 18752
-28947 21159
5054 -16283
-23246 -20059
10793 32166
25046 27669
-31167 -19592
-22168 5736
-28215 -980
31844 -18393
-752 11336
-2041 -31760
19405 27727
-18282 -11757
-23748 14795
-2205 -14470
26718 12425
7621 9636
-27625 31148
10388 23405
15122 32021
1885 -23726
-16033 -29042
27728 -21063
-19940 -16640
14958 27582
-6959 26203
14603 -26155
13518 -32512
-17770 -21098
7780 -30659
-2164 15146
-16288 -22796
-5074 -1961
23531 27968
-24995 14829
-25611 -26502
22082 11076
-8967 -29010
4951 -4268
-26181 6265
4041 21025
30715 -27775
25292 6297
-21986 15196
-11221 -29438
3094 9577
5652 27745
8886 24128
24370 2278
-1657 -21521
26714 11436
3691 10426
48 31247
27509 19951
19982 20980
-7574 -18098
-10756 27169
31579 -22098
22809 -19833
-31720 6670
5581 22181
26210 -22753
-4644 30839
565 12606
22674 6901
-16629 24318
-15870 271
12267 2848
25093 -4421
-4368 -15824
881 -26320
-5670 18913
20174 -10697
17103 -17447
6616 14370
-30059 11068
-6338 2943
16043 25336
-6887 -27438
-14495 23937
-22066 -11136
3846 29673
19515 8890
-1096 10997
14757 -2002
388 16971
25189 -9693
-21029 -12206
17280 -5188
-32156 19920
-2655 -29729
32318 -10182
4934 -13671
17994 19127
574 31772
-6845 -28503
-9782 -21072
-18864 -5730
-24968 -19011
-6813 -31068
251 -23627
7700 13567
27763 4963
-10463 30130
-27444 1737
-2602 29064
30593 30553
21559 -16886
-1031 20412
10485 -30703
-22413 15806
1888 -30898
18866 15404
11157 2718
-3306 3388
-1374 31367
800 10695
2428 -19156
-13394 -32349
32644 -16321
13135 23004
-30078 10762
-23082 13044
21190 -19779
11056 9960
-11015 29691
-20945 -24507
-1451 18743
-22586 6280
-29210 12954
2750 -29920
10766 -18221
3110 18512
-15414 -17094
-5222 -15077
-19609 29477
-19112 -30889
27464 3304
-29960 -9401
19511 31003
-11378 -32169
-2377 -6582
10423 24210
-30455 2316
-3398 -12041
458 22300
-30446 -15760
11776 -10403
10672 8131
12815 -8840
-3433 -18574
24649 -25286
17774 -7886
-3653 19808
-1550 12445
-13567 -28938
-27130 13421
16653 2583
23728 21717
-19647 -32715
-8584 -132
3985 -22045
-20213 3178
10203 30904
27402 -17215
-16139 -4259
1514 6190
-29867 21780
12745 -30979
32679 -25445
32226 -10937
-17949 255
-31621 8095
-26510 24545
23407 24391
3013 -25576
-29714 -6455
81 -14600
-30418 -29090
9952 -1681
6051 -3202
-2526 -15317
20944 27932
-14009 -6650
-21430 -997
-8430 22445
11188 -18342
23668 10638
7901 -25929
2630 -20027
-23916 -3194
-22010 -25796
-30197 11985
-11515 -29010
12266 -14905
17110 -7387
19187 6336
-31192 25813
2740 21013
-15785 5208
-32445 -8023
9509 13629
22316 -9127
32201 32475
-8582 24195
-22091 -29044
-32746 -31277
-9766 8781
-15243 21911
29207 15876
-21896 -31985
-8036 -22470
-21532 22515
13387 -17874
-29171 -25308
-5445 13373
-7812 -14552
21079 27089
-2385 -6053
-23833 -21478
-13836 -8423
23576 -8505
13381 -8260
27319 -11907
17032 -23664
-19278 13434
25704 2827
19839 -32170
-12496 11276
20351 24387
-641 12050
14024 -31591
-30216 -1288
-27909 -2664
-8470 -29268
-31154 -25016
-11748 4989
4535 15133
9184 24256
23235 1984
9636 24580
23213 -11703
-19641 -2610
7469 -11982
1159 27604
8724 -29246
6737 -19935
14158 28981
-24396 -26481
-17109 18433
-17457 -24041
3254 29408
-17692 11338
-16502 29813
14142 -18719
-1314 -25039
-2495 -8677
12002 25530
11702 20925
21355 25564
26951 3056
8963 -26634
519 -9916
-7586 27686
4465 -23460
14917 20429
17441 18675
-16512 4250
17471 -704
-10821 29437
-1691 21047
-21611 -1538
19275 -3084
5787 -16666
-20339 11441
-8459 16016
14204 24246
27174 24012
-16705 -1278
-8085 -29217
19835 -21789
26364 -23040
-30772 -26299
-8261 -9848
-9778 -14439
-24778 2370
2939 22397
20940 7669
25510 25670
-14066 32029
-17118 7449
-23657 -12969
27255 14017
17922 -25837
6634 3316
-31097 -1928
-2508 -8056
24130 -20822
15495 -9453
-31465 -16385
-329 -27585
16773 25950
7508 -23830
-17123 -30878
30934 -5574
2825 -26718
14588 -22413
-22270 -19807
23598 -12203
3983 -16425
-19519 -1661
-4875 18236
11498 -2025
15359 -15754
20271 -2527
30491 29519
21100 -2905
-7818 13312
6767 -576
-28423 -22049
-24516 28360
-27847 -28923
-9558 -4233
19081 8713
2621 640
13753 22668
-12080 30095
10550 -23559
11330 -15578
-17099 -25707
-31976 15126
-20465 -8466
20683 12422
10360 10294
-6342 -25527
-29376 22134
6628 -32292
-17464 -21457
-26052 19354
17945 5415
-29371 -24225
12776 -19992
26336 24539
31689 -1300
25864 1310
13684 25525
-12206 -13807
14170 28246
-13317 16876
-1251 -7788
-30950 -29993
19273 8965
-1890 -16477
18917 -9194
-16899 31673
18874 26056
-14352 10484
28879 -23255
26053 4569
-11924 -20287
3756 -24284
-11996 26243
12036 -23905
-32237 18918
17461 -15842
26712 -11855
12633 14091
-16368 25946
-32641 -31533
12763 30078
7091 32473
28768 19367
-32458 14402
-17009 -21896
7888 -25264
1447 -6186
-28214 13499
-25740 -16304
-29544 -27412
12282 -15937
-30625 6903
-26229 31775
7439 18510
-29647 -23474
-9090 -27934
6010 -30164
30926 -11071
16570 10774
-28872 5417
-31046 25163
27301 -10187
29616 -15918
-21317 -27813
22619 4516
-29604 -11436
6875 24366
26166 30474
12810 -24448
30047 14435
-27932 5014
28278 1348
-26027 30302
-19445 3539
-26237 -7862
-27913 20079
9502 13581
12824 -19334
-5532 15632
10451 -26865
19793 -8634
10020 13511
-12059 19504
-27443 29639
-11549 14988
8127 -12726
25073 30141
-17599 14019
-31461 3900
-30243 -10402
-31585 -3962
-23615 -12319
-21184 -24307
24692 -369
30721 -28368
12050 -7952
-14491 -8262
-15266 11679
-14490 26185
-2895 -9979
20486 19383
14918 -4723
-4299 2881
29760 27550
537 21425
4080 30871
-4794 3775
16168 32169
31470 73
-23851 -11663
-20711 29201
13648 -21554
32528 15575
-9712 2917
-4581 -28101
5735 -26644
23650 -25896
27907 -22987
-3456 7439
8779 -13112
5860 6293
15576 -9551
15783 11532
-7941 -682
-1390 -25977
-6794 31789
-23296 17368
-15168 5801
21140 20509
-21971 -14961
23261 21565
27890 -28569
7129 437
-824 -16969
-16661 -16226
21447 -19444
-25484 -24799
30245 -22364
25359 -6672
-26986 16764
29920 -13021
-26312 -8755
-6649 20856
28604 21996
-6467 19216
-21455 9382
13544 -8878
30565 -23414
-9281 9594
30475 -6243
-2173 -13295
28066 9632
-2279 29420
31567 -23606
19042 14936
-3657 10830
20502 32727
6855 -28640
32222 29280
988 -3194
21697 1551
-12636 19049
-3297 15138
-17358 22034
26276 17685
-5807 28883
-24314 -4944
29054 427
-20213 22520
14900 -25504
-24998 9339
-17424 -21152
-16152 31027
4432 -32353
27357 -10903
-28223 9346
2542 -13711
30204 24057
-32475 -17753
9823 27878
-25433 17757
-27799 8472
-14604 20172
-12642 10321
-15129 -27078
-20071 30594
-20574 -26105
-13321 -25566
19016 -30476
-28565 -26527
6941 26750
30768 10588
-4414 -31234
26977 -27594
-14202 28511
-27448 -9786
-15954 1890
-10082 -22373
21802 22040
15897 -20858
16436 15597
6517 32252
-25321 22112
-29201 -17022
-11862 1718
-30315 9181
-5555 15619
4066 26346
-26777 -18000
17103 -17269
-21341 -23953
9091 27818
-23831 -20357
8607 -22781
15210 20097
3324 28372
20949 -761
-24068 -11989
-18855 -10575
-25240 16251
-12822 15686
-5571 -4615
11433 -1739
15497 28971
-28310 14510
14703 14697
-15355 -24638
-15834 -17931
2380 5991
22648 27035
-15511 -29865
25664 -11082
-5532 -1311
-6381 27155
-21860 21671
-19079 22811
-6944 32640
-17611 -22515
15208 13305
1077 -13795
24170 1682
32602 -13940
8946 -26140
-1507 28713
14250 3190
-8397 -268
-32741 -19124
22339 13549
2973 -17491
-22770 -26554
11701 -22868
-31602 -9823
29529 30508
29244 17581
-7673 -18448
-10681 23376
-12263 -4257
-2152 6380
-23173 32625
-21416 -16409
13542 16898
-15670 -10700
23516 -9308
-22859 29198
32677 18434
8031 -26590
23125 16605
-17254 -4649
-30715 -7056
29683 4959
21675 -3498
-16902 6917
-31924 -20068
-31477 5264
-21822 -4939
-13616 -29785
350 -32432
15645 -4229
-23906 14831
23924 -10970
-28629 2367
13172 32143
-481 -6367
5140 9795
46 16515
-4604 27297
7663 18424
31696 -30200
-23186 -7823
-14362 -26368
32024 26125
4719 16482
22153 -26550
13615 28948
-7015 4884
-25052 746
27862 27407
-22215 -23861
6639 -29014
-15098 30473
-12856 25575
-3608 -31787
10133 8013
19402 14202
9425 21726
-14636 26844
-21670 -3003
29540 30538
13680 5300
-32636 -7147
-23316 -4951
-17029 -28142
-9156 25038
-30060 -3558
22063 -27570
-21308 -27764
30420 31532
-9474 16487
-15861 25498
15837 8019
-19206 -27725
-27417 -20350
9067 11332
-10997 -12786
13671 12008
-21907 -10461
-26732 -22559
20401 -28560
24065 1182
-30679 -24929
10161 5511
30937 -8457
-27153 -13636
28448 -12214
12143 30953
22807 -22056
-15241 -24681
-22639 -25329
-19222 -7368
14585 12728
18053 -29323
30869 -3900
31342 29164
6743 2155
-10328 27269
-28487 -32567
-27191 -12257
11297 -7518
-11209 -9511
24596 9836
-31151 -25706
-1654 -4711
10328 22681
-7243 -26408
28682 3066
-12541 15593
29548 29926
-18510 25507
21187 -27013
9774 -8308
29299 -14998
-13410 5892
31921 21036
-520 29632
-25776 -30394
-1478 32358
-9460 -22408
29230 10155
-29546 31166
20959 -19232
-18917 7668
-16101 28774
-25972 15473
23114 19280
-50 16367
22285 -3030
13470 -1817
4366 -12126
-5261 -3587
5230 28422
-10887 -14186
17800 -6775
5054 6591
-20532 -12469
29226 -11066
-23742 16432
-4164 23450
-30701 -25497
-169 5597
8314 7398
-27811 -16192
7361 -17997
-16295 -15088
17631 -13160
12929 24020
-18833 -11585
27090 2191
-8286 21573
-20849 14447
-26315 1659
13094 -20965
-9281 8228
-20715 6181
-21956 15553
-904 -30346
713 -29990
-25111 -13929
-12805 17049
-464 -20821
-7468 23673
6976 23409
-22478 6139
-15776 24159
-3646 -432
-3692 -15334
12085 -12039
-12050 28647
20095 -24557
32755 -7874
-6763 -17483
-15923 -30332
-23519 -8594
19194 -28703
-27020 -26739
-2039 28196
-4831 30906
-3808 19160
-11276 -25881
-9872 -29441
25463 7686
8423 -29510
13960 -28029
31934 476
-870 11196
-799 9463
28365 23986
-17012 9885
1440 -15370
12051 -14519
13226 -10738
534 22063
899 -1717
-8685 -4368
17531 17983
6086 11812
18716 -28403
14190 7833
30693 -8469
1575 -12290
11482 5232
17337 5540
28408 -3449
-9714 -15334
-16263 3181
-392 -3202
12601 -8120
27507 10695
18503 3847
-4530 -23400
16411 -15760
28207 -21440
23753 4137
20225 -21492
-3852 21325
-13018 26035
2569 14626
-32761 18541
7274 30231
11773 -22665
5861 -931
30033 21847
29359 -22086
-31507 22873
-30736 -2528
-29132 -22601
32445 -30826
-29820 25956
-23393 28701
-32053 16832
31717 18188
-6978 -12043
23805 30201
18081 -5355
10590 -2732
-29438 5661
15695 10444
6604 -29609
-16676 22751
22845 4595
-16915 -24547
11215 -10150
-11128 -16049
26533 -19901
-27767 -7593
-26149 28426
-13295 25463
7937 15481
-17787 30130
-23345 29786
22105 -18116
-10240 4576
-26771 -21554
11665 10164
-25217 -2959
1352 16696
4399 -23689
-11220 -30159
26042 6948
-9162 15383
-26928 -12988
-9238 12090
6947 -31854
15284 3190
11305 -32453
-11761 -32744
-19470 -8645
-21935 19567
31721 -19709
29580 24770
9719 -9855
-23947 31136
-18559 32486
42 18395
29251 -5303
-31231 10995
12209 8634
-11012 -25418
334 19887
-8951 -13089
21678 23538
1960 -27452
-19618 -24570
2735 27817
28050 15935
-6089 -4957
570 27768
24309 31165
2196 7744
14478 15470
-27451 26635
-1988 5262
-18724 2947
31434 -16523
3361 24767
17532 -8556
-12637 12197
6703 -11571
-26725 13344
-16031 6523
15344 -4056
-10725 -28808
-27185 -21586
32412 16648
10304 -20671
-15748 25672
16673 -14851
-7617 -22141
32014 -15952
-8925 3681
17044 -25721
18788 17891
2492 23417
-15161 3144
28693 14262
17143 19019
-17006 -19334
15553 23348
-12901 -12116
-13242 4806
-19485 -30714
29169 -17189
11145 11040
-25979 22231
21992 -31507
-7212 30159
17065 -3054
22217 15949
-19603 3818
-23175 -6281
12195 28370
-2791 -30427
-22316 -28601
-13610 -30632
25280 21265
-2130 -20407
31407 -16672
24053 -21133
20459 -16064
-26188 16637
-2357 30547
26044 -28652
8269 -9682
-22513 7349
7782 27118
19595 -17103
19310 9995
-24933 7392
6264 -12483
32211 27835
9309 25014
-14738 15453
-24618 18088
11273 9695
-12982 2387
-22072 32726
11751 26099
15630 25324
24889 5025
13574 -13681
20768 10159
-32297 18214
-1334 32603
-26564 -22880
19067 -88
-4579 32663
-2195 -4513
-24933 10269
24062 -19678
4498 -20575
-27485 19265
22406 -2522
8605 -30766
-26112 -3147
8370 13445
29759 6672
30255 -19579
3365 -16077
28613 29653
-12883 -32111
-26916 -318
6421 25005
-4542 32188
9399 -30683
-14681 19441
-15822 8853
-30215 -11665
-16576 -32660
-31654 -5586
-19152 19155
-9778 9610
-18177 4563
29169 -7040
-22088 19545
-14436 15125
7830 -9370
-19275 -16938
11697 -361
5923 27596
20631 -29404
-6203 18342
12948 19384
13541 -29355
-6515 -17751
-12668 18872
-10889 4018
24026 22647
22549 167
-30987 -15119
-24948 11159
30417 19461
28552 -66
8160 19281
2053 -8205
18 14225
-8095 11921
26086 2522
-6513 -6851
4190 -10137
-28651 -29588
32393 -22806
-325 19515
6892 -1389
2241 24250
-5967 -15697
28439 -30599
-32476 -16019
18430 -7442
21403 6490
-24929 -31480
-13147 -16284
17516 -2744
-8337 2013
-19220 -5158
29317 -32347
-27877 28773
-16127 -28402
23375 -26607
4540 -26096
209 -4529
16472 -15008
-27891 22282
-29206 -17084
-20992 20246
16066 2660
24114 -9946
-26082 14191
-8604 12504
-22828 -10600
27860 -26113
-28399 -23902
-2099 30685
-22240 -27761
-27740 26407
-15643 -4457
-28673 -15969
29844 -9898
-26626 24877
-14366 -11583
-5215 29114
1015 7037
11573 27454
10225 -2653
12729 1512
-25058 30769
-19133 15191
4357 -23649
-12009 1095
21726 28154
-24330 -23764
28874 -19607
-6663 -9685
17788 -23498
18095 9506
14392 -1481
26228 -28094
-9076 17069
13451 -5146
-4811 18737
-28920 13046
-15594 15009
-8719 -25275
10772 5494
-23850 -12269
14216 -6427
2816 9106
16360 -22756
-28101 -14250
13416 10599
-24837 7020
19713 4389
2114 3367
-12694 16633
-16422 -23412
-22173 -30297
30179 22648
-20614 2825
-5746 14503
30188 -24933
-25481 17739
-29624 -32124
-24787 -27535
-10363 10443
-21769 -11069
3853 9942
11385 -16563
-12095 20251
-15019 12697
3424 -7728
-31557 24185
21502 32243
24817 26290
-7042 26014
-24881 -30533
-11420 3412
-784 20620
21025 17243
30907 -5438
-23263 -9007
-16211 26449
-22415 -10338
17095 -28727
-31965 19772
-7102 -11509
18052 -22988
23025 19386
-30642 -13401
32173 23024
-14557 8757
24930 -13148
-1881 23014
-14554 3410
13504 431
19669 17539
-12269 27441
-25632 -4095
29447 16414
11706 -2920
-31113 5955
599 -32725
-15999 -108
-23450 13416
17498 18076
-1187 -4695
-4613 -23520
-18594 29484
23333 -18665
-6058 3569
1195 24837
-25980 26065
-18103 28677
1563 20600
-22030 10059
-7901 11681
-27870 413
8012 30640
22142 -30592
-18333 -10713
13434 -1021
9001 -17167
-5125 -25021
-7399 -1450
-23958 25345
10934 -21054
-10506 22554
30954 11767
-27109 1774
-26657 -10370
-4694 19876
31824 31630
26269 26265
31650 13175
-29713 -17709
28294 21015
9157 17350
25255 4988
-4359 -5215
-23056 14122
11769 30931
516 14052
21950 11089
-23680 -17426
-29718 -4539
-19517 -3050
8468 -15907
1393 -2780
10294 -19539
23559 -13520
-25693 -15064
21505 11889
-31807 3418
-31034 -2745
-11046 -21158
388 22100
-15834 31274
-1867 15116
26093 -15606
6339 26804
21984 14675
21310 15564
-18085 3120
743 -19915
26760 23786
6216 -26632
6196 -300
-28600 1981
-8490 -13083
-1852 14030
10042 -9782
12513 12544
24953 -4497
14635 24246
20816 7209
-16227 13262
21750 14022
9108 -26617
-12931 -31104
-17489 9729
-14278 -23567
4868 29856
-7966 29423
32459 29927
30632 20409
-8084 -1307
7320 20905
-10231 -2126
31974 9522
9411 12541
-19867 -8003
-11880 9234
-1363 -12036
21670 15959
-1108 -12090
21421 16946
-924 -20500
8235 3570
21984 -6675
-11700 -21921
28954 -16676
-3370 -29702
29848 -14246
24158 17885
672 -450
14287 18468
-21343 -26243
-7523 -19747
11173 17235
27378 4082
23545 -8369
-19353 23483
-6179 30885
-31248 16327
8439 -20601
-14006 -13664
-30345 18205
9808 21947
-8746 21799
-5970 -30207
-28236 28323
14054 25553
-29352 -31206
-8105 17880
1134 -17599
11920 31352
-15587 20500
-30706 12630
19036 8870
-28948 -30048
17214 -14995
-5037 -436
-27512 20190
-17855 -22767
32583 15331
11089 -11861
-19219 -14464
-3355 -14294
32547 12493
-28850 20414
-20230 -15203
30113 16370
-2369 29386
-28158 20355
14259 -12339
-29422 26651
-2512 -25839
15032 29793
-25679 -2103
-1891 -3183
-30654 914
-2996 15513
11024 -17990
5942 -8780
-12346 30385
-1642 14049
-19609 -29792
-3891 31448
14300 27744
-1794 -20298
-23141 -8051
-11676 -10940
-3027 2822
25275 -12197
-29680 25840
-10411 -18782
6502 1019
29218 -1320
17340 -10045
-31924 8075
-18197 -32249
-15274 -8465
12196 9181
-7108 18585
-27877 -28871
18817 157
-2523 2679
9749 26452
2967 19463
-20294 32248
-15173 12672
2585 -26327
-30762 -20518
22928 -7529
-448 19423
-11328 -4410
-27024 5987
3615 -14557
7104 13536
16534 19773
18756 31712
32337 28638
5009 28219
-19387 -12270
27008 27622
16271 -28145
-24742 13505
8863 -15569
10541 -5865
4474 22918
1820 -16066
-14002 16232
11484 2436
-2966 -7387
-8581 -12895
12875 8935
-25296 -808
21631 -7523
19421 8823
-27817 -28414
-29637 19142
-5089 -31173
-31830 2963
-26135 -7079
15202 6998
7435 26608
11047 -27031
-16246 8098
12109 -10161
-13064 25208
9598 3695
-22537 -11754
29762 -2212
22910 -24448
-25251 -32648
11708 29499
13959 -28903
8291 24367
-14860 -887
-23824 22396
-5646 -1026
22792 -17048
21024 697
-18000 5894
-13355 11484
1075 17696
31340 29091
-8632 -6159
-1030 -1449
-12729 21601
-19275 2805
29751 -1435
18846 -21387
26280 -24316
-19665 -21938
-12022 31601
-30536 12474
-17270 30658
4385 2084
-14312 -17727
-18316 22517
-13321 23784
22353 19965
6420 -5615
-13304 11856
-17674 10637
-17314 -32170
17272 9598
-12519 8995
-14089 5202
-27361 -10362
-6291 22047
3029 -17603
-15476 1535
8555 -23339
17841 -9360
-22751 12228
1490 -21238
-25229 -10987
8098 -20614
-3612 -5406
-32258 -11611
-7467 5051
-12405 1575
21519 -12396
4858 24611
-20835 -9691
-7398 12477
30745 29799
-12126 10609
-11642 -7978
9773 -18425
3690 -8199
-7316 22625
-32116 31933
-8359 22793
-21571 -30505
-22257 -26149
7782 4136
-16923 -26453
-4545 -15641
4926 -6713
20500 -2542
23432 -24716
-19582 5853
-20253 -9831
-19328 20954
-674 -19567
-1357 -927
24684 -26282
-20189 -23851
2469 19697
3514 10284
2456 -8366
-13996 4338
8597 24607
23281 27339
14929 24355
-17022 24919
3819 -30237
21293 -28303
-10082 19659
-27401 -24431
16744 -11644
-4282 -18710
9059 -30513
17408 -19446
24567 8027
-29210 2986
31414 13877
-19040 -10877
20446 2941
16453 180
24329 2161
5850 -25227
-16890 -22041
-7067 -15716
25648 -14153
-20200 5780
5957 24731
16118 477
-14781 26984
22233 -12623
-16125 -1747
-21340 -14796
-11395 -9730
-22943 9558
-12400 -834
7839 22804
22582 -14746
-23219 24203
-21720 -31898
-30141 24944
-17614 1331
4633 -22480
14378 -4311
4026 -4644
3406 -3694
-32026 -4648
-11742 28221
12795 -25531
25730 -4975
21081 16619
31348 -28621
-31528 11279
13427 17273
-24622 -9686
12134 1635
18774 4984
19050 -10449
14374 24711
25032 5039
-27572 -2104
-9348 -28061
-10869 18034
26034 9652
-26599 14166
5347 19737
-27556 -17924
65 -23759
-10897 -20840
-31807 7689
-9170 -9620
21090 32322
-6796 6846
-13011 20670
24567 22423
-6604 6122
2972 -27555
1283 -11364
-41 22143
-23142 18555
-17020 27054
23231 -7556
10492 26726
-2913 -19690
12493 -30127
7204 22604
-15453 13864
-4155 31310
-13659 8147
-11874 -3635
-892 -20303
-3201 21749
31605 -797
-14745 -15407
12870 816
-17341 -10625
-4254 43
-9857 -26616
8269 9115
10877 -25788
21200 15531
9442 11659
-676 -10792
-6671 26266
29954 -17918
-21196 -28191
-32586 28941
-27112 -27428
5304 -3698
15444 32436
4829 -10250
-18134 2992
-10728 7460
539 -14217
4793 -12757
-23174 -26905
-13497 11072
1035 -26501
-2805 -13051
-6778 20671
2157 -7250
-3703 -22621
19314 -14683
-11884 9926
-8458 -6928
29504 8702
20825 29791
10491 -7130
-23345 27318
15743 -5378
-22288 29975
-32224 24429
-28743 -1550
-8187 -32753
7984 -615
20277 -8581
-17341 19154
1910 3541
7878 -10390
-1501 4557
-30035 19946
4602 16292
29583 -15184
21444 23425
14001 -27545
17965 -29834
6331 29032
-12029 -3187
3119 -20714
-22744 -13278
-16541 -10219
30161 -20797
-15502 12149
-10666 -3812
-22533 -18081
-28551 -11119
27727 4840
7274 -17745
-30531 23889
25846 29628
-15752 3793
11760 1323
1227 -24163
17371 14713
15414 -12002
24119 8736
-8851 19595
-13198 24487
373 18166
9064 21777
29604 -3720
-17265 -6826
4682 18181
-20962 7934
-12574 -2285
-10984 25859
1198 -12331
-9339 17934
23979 -12626
21716 -10926
-3828 -25123
8920 26730
12023 -2797
13946 -18539
-31747 -10134
-29880 24485
-14426 8911
19795 14797
-8266 -11296
-20462 -23903
-12547 -24327
-21149 -9866
24199 24589
-29974 -18753
-3367 -26406
20195 -14955
22519 4019
-10029 -5146
-2779 -14547
22921 29207
-20171 9997
32455 26571
11478 -5372
-30349 -3529
7179 31875
-15891 24361
20744 -15285
18031 31508
-10383 1292
-3259 19328
-18384 -27049
28280 -23241
-5083 12052
-19678 26055
23332 -21340
26158 7464
-22364 20554
31199 -2539
-22274 -7064
-31603 -18951
-20923 6434
-19773 -24423
-3988 -25037
-24058 278
-22061 26000
383 3421
-32191 25693
-29700 14300
14764 -31274
-17007 2675
-11177 31328
24926 29822
-13868 -14768
28120 29021
22935 4793
-6934 32028
16957 28717
-30644 -23790
19054 -15527
5828 -16252
29321 5857
-29861 27709
-17442 30810
-24710 -12034
15200 6770
15495 -11637
-15009 2832
-8653 -19177
-14269 -2122
7419 -28944
-21530 25755
8471 -23275
1002 -21743
31992 -3192
-31328 32468
27614 -17569
-326 21435
6476 -24434
-12145 -29250
26505 -11499
2203 13502
11875 -20791
8054 -20813
28176 -7118
-24370 28385
-12761 -15248
19329 30953
15751 15709
-5988 -19954
-17918 -28032
-15533 31596
-13838 28354
-30586 11604
-10171 -27048
15717 -16777
-23526 -28953
-16226 -30176
-21242 21904
1582 14139
-815 7475
19355 -30868
22170 4107
27927 2361
4640 32089
-3602 -26262
20380 -10092
-12111 79
15661 30270
-27217 24148
16277 21801
-5748 24791
2213 32676
-32710 -24174
22590 -31431
-29735 -8729
7158 9092
14126 13544
-22089 -1359
30911 -26716
-2600 -25452
4400 -12839
17734 -5796
29171 -26849
-22285 31879
-4983 6571
28263 -27272
20161 -29691
16997 984
21666 -19039
3867 29945
-20903 -13844
-26299 -27850
-28010 26654
4929 -16854
16047 -1781
-11748 2752
-23940 -32355
-20336 -16703
-5979 -14146
-15994 -31619
-27287 -30533
-10303 18247
-9940 -9082
18889 19180
10041 21705
-16943 20699
19202 1632
-29775 -3599
-11959 31823
24835 -32614
22798 32045
3104 31382
-16303 32559
27205 -10300
27314 -31562
-23195 -4044
11680 11153
-19712 -22627
19934 10510
29032 -313
-12310 28160
4817 -22727
6659 1353
-29794 16619
29752 -4734
22729 30903
-5452 -31637
-14279 -32157
-333 10460
30480 6996
-5283 11810
-14761 2013
16266 18020
24311 1171
10667 -6579
23409 -16828
11166 -24645
15385 -12815
-3665 28704
21461 -21501
950 28779
2502 -17480
-17536 -18626
29607 10753
9631 -9668
239 -22559
-5595 9295
31117 22339
-19151 22920
1450 -30001
-5742 7184
6815 -31787
9715 22303
-30072 -28713
21156 -17705
2258 4941
21299 -18251
20919 3024
-22244 -31632
19191 -7089
8737 -24431
12795 16490
18672 -19423
13629 -730
16022 1950
-18393 -9333
18395 24269
23821 -23896
-23511 23866
10174 20695
21213 -22206
6667 16246
26167 -2875
1214 -24320
-1388 -5089
-24330 12050
24748 31588
26496 -30078
6094 16979
28653 -27227
21853 12607
13047 -22760
-2072 -4570
-22791 -26949
32147 -8280
6139 14637
-23060 -20388
7976 17928
28942 22635
-14821 -7778
-3525 549
-6013 28649
29382 -21951
1394 24658
14803 -8806
-23550 26214
-631 14104
32481 -4182
-30756 24690
17279 14626
15521 -26120
-10798 -22871
29870 -30695
-4602 -27365
15605 -1877
8376 -3434
15668 764
31524 -19866
-31019 23772
-6287 9774
-21091 -32074
358 -18961
-15262 -20409
25883 -28547
18977 122
22335 16848
-5408 -25345
-4948 15621
22192 20601
-8728 -11132
-29822 1662
-24759 -18991
-12758 29401
-19154 1089
21097 -31741
6343 11587
30368 -11347
-17500 16982
1157 -29016
-32063 -16322
23819 -2076
-14279 7335
15370 -28716
-1439 -3894
3377 -25301
4813 28068
29487 -27859
-27651 -23738
-17358 10662
589 -15108
-31884 -23463
-9303 -16874
-30933 -5830
26561 1766
-14001 -22888
926 1533
-3438 -20950
25224 -27594
12374 -2979
30569 -8520
28526 -151
-13368 -18218
-14888 -10308
29974 15149
31364 25059
-14340 -18652
24061 -667
-30245 23277
-25519 30717
30812 -30915
8207 22131
-2972 -2478
31514 23556
-21259 2531
-25627 27695
3753 -26846
31489 17759
19865 4917
26590 5329
-535 -1657
-15734 -28917
-12533 -29779
-6260 -2922
-14619 -1447
2982 -29872
21401 3790
-31168 -29837
2555 -13865
-28302 -19129
10972 6291
-10964 20346
-24785 23466
-24400 -22107
5833 -24567
-22195 -22479
1214 9247
-18970 26677
-27726 -6686
17396 -26903
1829 12689
9233 -1142
25090 -18060
22277 11397
20467 -5443
-15436 -6531
3250 -3470
649 4377
13785 -14670
9598 -19035
-17287 -3492
1972 -13250
-32646 31620
8806 12652
29404 -30560
10703 27616
-17380 -23805
-17940 17155
-27624 -11014
-18659 17626
15514 -20925
-6364 13820
7025 -15999
28590 7779
-22190 31782
-7268 23002
24531 -15360
15823 -548
-23795 8787
-24791 10119
16568 -17194
28521 -23139
5854 -22705
10733 -1887
-20639 -16076
-22487 28766
-6906 29062
-29416 25895
-2079 2680
8904 17804
28173 22702
12644 -8601
10818 9277
-20601 29280
31615 11047
-23197 -5000
21016 18891
24822 -1041
26108 -6671
26202 2124
-1922 -21895
13268 -19184
-27931 -24172
-6195 -28886
-11241 21250
-32681 -20328
19422 -22455
-8543 -12277
17398 -7959
-1278 19784
-4689 -19619
-26587 14481
32286 7079
9037 -9609
-15208 -6677
1730 10677
19904 23040
-7870 -1836
9093 -6782
-24978 -16
-18943 -25189
14179 -174
27545 -1555
-12459 11287
-25037 25972
-22258 -884
-30850 8213
27663 -24900
27497 -23622
3234 129
-11001 -4130
6047 -31656
-7188 21165
-21587 -1936
-2714 -14866
-20876 15921
-20953 -8317
14165 5009
27097 7074
655 -13566
26826 27575
3426 -24592
4832 -26350
17254 -10686
-991 -20972
-28018 -3169
21894 32506
10324 -10898
27628 -9190
3412 -16002
22874 -29060
-2958 7615
-27620 -14700
30280 -14819
-2652 17392
-11984 1328
19050 -26341
-32033 -14768
-28119 16200
15568 31221
17362 26336
-13979 -18438
-3990 11594
-19636 15207
19692 -3884
10009 6777
14817 -571
-4872 23249
18579 19409
11111 23662
-25060 -32636
9100 -23184
28682 13240
9213 22324
-27095 3941
-17232 -31595
1301 -23649
15317 20288
13934 -22661
24298 -12516
-5142 19790
-26636 8118
24841 -27082
11597 21466
-6232 20109
21618 -5182
12730 24255
21114 21869
-29610 -28591
16479 28389
-27566 31632
5425 -27092
-518 18384
30618 -21235
-15464 -19606
-12593 -29909
17585 12296
-5472 4473
10305 -19121
-15140 -487
26937 -25349
6303 20020
17006 -283
-5578 15628
28754 13397
20018 -17671
11887 -27505
-3148 7401
14030 25036
-25869 -1058
11306 30921
15902 14629
-23772 -20397
19303 15477
-23132 25595
-30183 -32442
-11910 -302
-22676 -4138
-15498 32386
-5162 -28967
-10352 -18841
-29636 -20744
12368 -4919
4427 22313
6509 18083
26585 -19771
31654 30904
8971 -10843
4556 15692
17020 -19683
2877 -5405
-26117 -22575
10306 -1868
-1131 2556
8964 9707
7399 -31480
11150 -12247
-20276 7208
22772 -19449
-24063 26537
-30499 -7115
-20113 -15774
-6230 6992
-12887 29439
10235 22876
7039 31325
-20893 -25016
-3840 -1451
-24712 -25899
31018 -5891
1600 28876
14064 25105
-11417 19998
29429 -17233
-28813 -13805
13031 29752
278 28174
-22623 2400
31553 21564
924 -28403
-17645 1751
12853 2209
4285 5422
23932 6664
-11126 16128
7123 -15094
-22597 -19064
32052 -14431
-28088 -9646
12022 313
30987 27043
-29540 -13518
-2424 -24154
-2078 24482
15774 -5963
-7567 -22947
-15236 23493
-16149 -76
-17497 18446
-27523 26341
19951 -28037
-8122 8310
-8879 -5755
-16122 14221
-27961 -22247
23456 -12621
-4702 26845
20485 -17138
-30037 -10117
13424 30336
-7900 6594
-9211 23100
-15018 -30848
-4111 -30723
9784 -3899
-6293 22106
8231 2950
-21689 9914
-28562 -32432
17283 32072
-12080 28180
-31937 -2131
-4526 7068
22461 20726
-19454 -607
-32521 -1375
-7691 -9605
8014 -26951
-25120 -21602
20652 4041
-7610 9251
-15834 -12361
1197 13539
-21877 -31544
-23813 -25417
11280 -26913
-28248 -8390
31625 -19282
10704 1391
27189 -21301
16696 13468
5880 -3038
-23152 -5709
-22281 30026
-25831 -694
-4745 9150
2281 -9799
-23626 -25757
30572 -11138
6682 -17545
26282 -21860
-2837 31179
10186 25451
-11826 1973
-8516 879
9995 -10511
-32066 -31511
23307 1182
12409 -26900
6827 -4216
31254 17584
9648 7884
3692 13189
22327 -27677
21120 17141
8047 -10571
-17334 2494
-17102 -24514
30274 -11733
-15055 8122
32754 25290
-27917 -8466
-15415 -27269
-11545 10666
-32121 -22630
7094 -2489
-23970 -31952
-2520 3208
-31195 26829
-11826 -6301
-9532 14353
22009 623
26900 -20035
-30514 18509
11211 -13379
-32175 27485
15821 16666
-18327 -934
21903 695
-20078 15892
-2474 22814
-15528 12151
-32473 13879
7107 22979
22967 2706
751 -27830
16379 -7444
3294 -7975
11086 15633
-30347 -15917
23757 19982
-2909 -723
-26408 24192
8176 30236
20079 761
24900 9491
-24577 -2934
-7143 -27382
909 -32499
2225 22084
-16525 -6796
31073 30163
32281 -311
5139 -14417
-32479 5585
12059 7456
-20923 -26043
6005 -15149
16461 -5020
18817 31759
8910 -32465
-18937 9027
-23719 -18391
23107 2265
6241 26
-2472 -4704
25927 791
2480 25105
26964 -18056
22687 6452
19129 1291
-18236 -423
-1044 12132
-10859 -27225
-26964 11348
-23882 -5011
-12071 22207
18494 30673
-22469 23418
31703 -15031
8279 -19440
-11097 21011
-20465 12272
29830 -13653
-27318 -16916
28933 -11204
-32616 -31158
-16241 3355
10302 21483
-24174 -6304
23789 -20727
-9040 18326
-7136 15040
25670 7142
-8643 -19998
32154 -26338
-13668 31731
16572 -18434
303 -27400
8244 -12623
-25532 31635
-22133 -10489
3061 -4730
8887 25844
13729 -23131
3926 15332
7254 -14821
-4787 -21309
-15236 -28909
-23048 -32343
30696 -14862
-21178 2672
-6972 -30030
-28122 -28990
11864 27697
-13176 10612
9882 9590
27048 -24622
-13711 -3437
-28027 -31927
14434 16401
16834 -11145
-26099 451
20796 -2383
-21339 13767
31062 -22993
-13106 -30149
19709 -15581
25284 22986
6292 14051
-4394 10028
29045 29447
-8682 -20289
3605 26693
10072 -5994
1374 -23125
-7994 -10320
-24303 -9275
27134 -24119
7547 25186
-28752 -32409
21881 -25125
15551 -27738
1721 -26752
27569 30956
-29158 16099
19352 13820
-22206 7605
1671 -28029
-27479 -7991
-12652 14911
-17493 18622
29227 37
-10087 17330
-17039 856
4137 32449
-32373 -31552
28877 23923
-24652 31778
-25570 29618
-13175 -14105
6106 -14309
-23318 846
6138 -6663
3854 17303
-24625 1764
-14691 7525
28597 16217
-12575 -4279
-25101 -24081
-9786 11945
-8571 -14631
14904 -18543
8425 2331
-26605 -8707
4764 14506
11872 -24497
16345 -8769
-35 11841
-14784 -32076
30371 -12767
-11606 21386
-8131 -2824
-20861 -2828
-8380 22732
9643 -6130
-9687 -5762
-22357 3931
-2432 9333
20488 -22409
-11326 9827
-25393 3022
-25280 32024
8449 3431
-14501 -3570
21076 -10918
-11946 -4199
16918 9493
-30614 8707
-22247 -14623
-22882 26107
2963 23166
-11407 -30062
12412 28496
-2498 -808
-6721 9180
24357 475
-4174 22703
-32749 20313
20948 -7704
-4555 20740
-29417 -183
-20745 -13180
8939 4408
32214 4734
-31427 3312
-32232 28685
27511 -19513
12483 -12652
-24206 -12150
-2658 25261
-12066 13675
-8170 -15164
-29845 30757
-19858 22970
26041 -11564
-26677 -3758
-14370 -22052
-21861 27501
-3622 7468
24926 -20243
29212 -17051
-6255 -24605
24512 25724
15087 15394
-28020 -31140
16970 12323
31497 -16092
30264 -20822
5042 -17692
31085 -11430
-29344 -13799
-15622 10406
8988 15528
-23379 -8776
-10077 19069
-2471 29527
12541 17148
-32626 -25982
-11248 -23627
-20033 -27035
-24811 -25672
-1007 -30912
17215 12366
2197 4276
-5203 -4780
-15698 -4428
-15351 -26755
-10157 30389
-11047 26419
5905 -19666
23792 -7100
16517 15732
-30444 -15135
7676 -25994
30604 -16947
-3074 8045
-18433 12428
1941 22274
28424 -26321
-5610 7683
-22290 -7940
6181 -12320
161 -17727
-29148 6313
-938 21523
10054 1363
-17826 -23485
23757 11617
17352 8096
7473 -608
31281 -28606
-19740 -10206
21622 28090
-10292 -1113
-16937 1113
29339 24814
12144 -28958
2511 -2231
-18215 23933
-16488 -28400
-25663 3403
17242 -28370
5387 30750
-28624 -26795
14191 -11719
-575 21173
26846 -25865
17593 -5875
-22981 32343
-27955 21367
-30372 -9740
-26785 -21057
23273 -20629
-26114 23833
-5490 14265
28350 4289
6704 -32424
3969 -28706
4877 21282
-4944 13251
-19904 -27036
-20967 -20123
28967 17478
-1672 8074
-30718 -15221
12308 28292
14216 13494
-30360 -21671
3123 6906
1846 -31814
-21872 4302
-395 27405
22119 -5924
-16155 -10078
-13961 8156
-21481 9012
19858 30379
-16394 32767
-656 14612
-17243 -24467
15863 5208
30004 11210
19648 -23505
-32758 -705
-27460 25066
-31170 -19903
18212 5960
-9948 -3122
17704 23242
-12511 13804
-711 242
-11774 3179
-20331 -31945
11283 21549
-28718 -11522
-20523 -4076
-20140 25944
15266 -13420
-10575 -28982
8966 20646
18085 9114
31955 -23166
-7937 -7058
-23244 6427
18533 22964
15937 -19353
-9308 14012
6594 25203
24061 -24056
17606 -25621
-980 32622
-7294 13029
-12046 19481
30255 -13550
-11184 -24323
19463 -14206
28059 -967
7051 -7051
16270 26958
-32266 -13540
-26322 9930
-27014 -9983
-12614 -16867
27529 24553
-31850 10935
-13668 27672
-17211 14829
-25116 -1165
-3063 25914
-12482 20755
-15580 30760
26387 28094
4558 13986
25841 15738
13830 14969
6348 -13085
-21124 4532
21130 3276
23225 -21332
-6796 -5391
-16412 6652
-10495 15970
30370 10952
29934 -17206
-25669 -11794
25246 -27587
2572 31639
25760 -25156
2003 12050
-17215 -9206
6468 -13526
-10725 -19353
2919 31981
22431 -21845
7960 29208
-22636 32429
26682 1369
30606 316
20564 26660
32410 29627
-21617 -24020
-13099 25239
8965 -14069
3388 -6258
32051 -28124
-5573 2146
4103 16681
14942 -464
-30283 25136
-10939 14054
11071 22618
13929 8664
104 -15699
-3803 -7077
-10747 13797
12415 25376
15073 13285
-12467 19756
21840 29125
-25608 -29779
-19928 -21179
-11537 8534
14603 -11526
-29601 10452
-25568 32548
-25929 7283
-27877 7235
-18649 -29006
-6297 15245
31533 -6919
-1860 204
-20763 31625
21682 18869
-29431 24606
-22216 18059
4350 -1655
-3602 -18527
26934 -21927
-17897 28828
27293 18738
13719 2166
6641 1410
-28338 25653
-23422 -26756
-25345 -24560
-19503 13283
-1203 2637
5061 15547
-31871 10844
-32430 32088
3825 4219
-16642 -26442
23743 -21125
28714 -23432
23002 -30218
-7433 5403
-29645 -15594
-20277 15272
874 -18793
10324 -29212
5981 -23308
27160 -30438
-1972 -2511
-4203 -23280
25830 27270
-24419 -27565
248 -29055
13943 -32598
7100 -14734
19311 -10189
-27644 15715
6977 -9754
-5103 -19718
-4150 -4785
12908 -3174
3878 -5004
23902 -15249
-12620 32479
-15655 26104
2391 7208
-16910 -22343
26212 -13425
2759 -1844
25216 -13013
10529 27550
2990 -3696
18746 18354
-6708 -6666
-31892 -178
-21171 -24147
-2764 32599
-9641 9803
-1082 -3358
29949 -22146
12163 -16848
-14313 25811
-19537 17589
-25663 -28347
4676 -30704
-20120 -4724
-18706 4635
18232 -30414
2625 17847
13364 -10508
5286 20725
13573 -1487
24164 -21083
-27844 -15934
-24148 -9262
-30079 -8907
27337 -25042
-941 -6781
2973 -29379
-13760 14039
-12425 10380
-20379 4417
-2848 -8072
-3412 7052
23927 11290
-27841 8914
-17658 -8139
-1448 -9450
-28671 -2133
-27610 1722
-29788 -6173
-3612 -13868
30980 -8770
-30884 16453
-11035 15990
32651 -26425
29956 27941
-31818 -28843
17966 6825
-19185 15128
30956 -5244
15262 9722
-20608 -15354
-14883 25568
8198 20119
32193 3962
3976 30839
7321 5713
-16225 19861
-31581 8299
-16917 -31806
-4256 -30527
10177 -16806
-13075 27931
15579 3922
9865 -21970
17805 -28911
22650 -19184
-7064 -20790
-24915 12135
-28259 8487
-10333 13268
-14440 3314
-31820 19106
4715 -23486
3451 6629
-16112 -21073
-25989 -22574
11742 5865
3554 -32086
-32708 -12738
14827 21630
-2445 -4349
-27726 31626
-5924 1260
27323 -484
29147 600
1046 -6417
21892 23143
-16687 -5340
-31077 26274
-21245 21702
11260 -10619
26977 4413
-12551 -17948
-14305 5990
-5145 20025
14864 -24024
-32405 -27108
-9249 31983
20995 -5069
-16650 -26956
30565 11137
29376 -10462
8280 18531
4740 -28363
-26029 11267
6571 7144
-22678 18179
165 11738
17259 13455
19816 5959
-608 8693
-18681 28311
-25281 -826
12711 -2974
-3 18022
-10439 -26151
4094 -21957
11319 -18832
5435 -30095
-14442 488
-3189 27651
-32555 -9469
-19392 15554
12412 -24579
-7947 4818
-10064 -15971
18689 -28529
6578 25457
26855 -680
8504 20483
5506 10029
6396 26571
-18187 7939
9686 21659
32485 1950
-27170 -13813
-29821 4768
23948 18696
-32542 -6893
13111 8269
141 -20716
7744 24550
-22697 27172
-2977 -28913
11280 -20565
28329 -3678
-5737 -21901
26652 -18503
32453 25699
9726 -16824
21595 32534
305 16051
24636 -14926
25917 32566
-14173 -7859
-28147 31873
-10794 23782
-4683 -28615
-14912 -1251
-18589 -30222
-22 24967
7532 4072
19273 -9701
-11146 31938
508 18686
19083 3630
14100 7738
1088 -6034
8848 26270
17255 -11111
25244 -15260
-29430 1411
6485 -32445
23398 27070
-18541 27952
19342 -7292
-15212 2547
5292 -18430
28097 24329
-28924 -28221
27554 31861
5938 18260
29278 23670
4930 -9184
-1375 -8247
540 12711
2842 -1217
2710 -628
21325 19832
29257 28745
-32463 -25154
-8373 26355
-23880 -31396
-20604 -25118
25997 16450
-13556 14348
5563 -11535
24835 -3969
-19314 -2099
-27480 -6664
-6473 3072
-10462 -27799
-3489 -29492
-20819 -10325
-5012 18372
3787 25029
-541 15799
26414 10995
-20449 392
8156 -2080
5883 -17110
21192 30919
-30131 16123
3741 18093
13500 5385
12093 19272
-13964 -12793
30708 -25406
-31015 -28495
26109 -4289
24384 -19206
-24026 -16595
-20049 4881
11858 147
-26399 14051
-19124 15852
-18218 27418
18298 2911
-26990 26121
928 13745
20193 7496
-10757 -15900
-19139 26240
-19576 -8924
12900 -23970
-13049 7835
-22828 28057
-30572 -5796
25145 -20996
-25356 -1743
4581 22463
3933 -20051
10436 -30697
-1697 -12650
27338 4286
-14036 -21851
-2925 29152
17178 17476
8554 -32170
-2329 -7776
32129 -27865
8672 -17555
4728 -6794
29631 -13814
26347 -7852
-21554 -11079
5173 23242
-27636 -17593
32046 29717
-29868 18452
22722 21671
6085 -20477
9519 -14025
-22832 2908
8772 -5654
-12782 24452
-14825 11059
7359 -28329
542 -25908
-27243 -28288
30658 10277
-1909 32272
18803 45
-15674 -26908
4427 -12991
3 -13815
-26850 -32596
-14760 -3609
23755 27443
2852 -7991
-5562 -518
-13195 -7908
22877 -15144
29514 16729
-28732 13908
25563 30572
-209 17714
-5802 3376
2671 -7603
20498 -31384
10205 27721
20413 16119
32405 -9895
10453 12143
-15675 31592
-704 13922
-7681 22660
19560 -25176
7900 -9268
23375 16816
27190 27112
-29158 7574
3381 -25841
7263 -9746
-32764 -9614
20731 -32590
5627 -30614
-17093 -16124
-20806 -1577
-24537 -30536
-13291 -12090
-23402 -21332
-30068 10941
-631 6861
-1814 29204
-21423 -16
23396 5611
-21730 -5140
9256 32297
11821 6084
-11768 -9930
1068 -19361
-26975 -20477
-2600 9411
-25151 -6976
-20373 29898
-28854 12056
-17949 4581
4089 30735
14221 24451
28468 -22392
-29458 25858
-2346 -26922
-7662 -28136
-24827 -18624
2958 -6071
29893 -3727
3660 14534
-9224 -6011
-26301 29532
10971 -18012
30274 -10276
4232 -1929
-21339 -4179
8987 27601
-23190 -18468
-28351 11136
8960 32214
7747 20763
8366 -18010
-23147 22770
-1189 20161
9818 -28861
-18952 17524
7908 21619
-3800 -14906
516 4583
23677 15931
1186 -8662
-3969 -11131
-2487 -13153
4437 -1667
4658 -28080
-19636 5093
13855 10800
-26927 -2296
-21800 10396
5 22176
-12260 -19357
-1201 -14930
-32066 2417
11693 -768
-20894 6675
-32409 29177
24204 22128
-20082 -3943
-3853 8488
5978 1018
26551 -26111
27264 1431
-4658 -1460
21194 -28048
-24783 -6459
-24112 13110
32407 -10405
-3395 -6712
14218 -16886
-27216 -28177
-15196 23412
21972 -13164
-32552 4259
-20510 -24969
-11564 -24901
5366 -19877
15814 -22754
-31089 -32209
-23841 18217
-20057 27488
29946 -22185
-19660 -7667
-24012 -12225
-32010 499
26511 19471
23269 15505
22067 -11910
27056 11708
-32085 16310
8265 29863
26414 31316
-27206 19613
25127 12659
12391 20953
30245 1215
-12941 21835
-3946 -32710
31031 22544
3689 16485
-9982 -9359
-31850 27956
-69 18706
1216 -19819
13198 26188
23707 11184
-2613 31163
-24653 -30020
15357 -22556
-6051 11383
-19026 27889
30089 -23616
-7996 14883
-23016 18196
18110 18512
-19652 22962
2426 -10931
5787 4073
-6323 -4035
-25069 21343
4233 -4998
14363 13340
28699 -22117
9451 7485
11671 -20686
19707 -7184
-25169 29968
-18173 -14608
-1082 23551
20927 32424
14763 9504
-5864 12808
-8121 22295
9915 15111
-4616 24479
-23538 3733
-23167 -438
3533 -9849
24091 -21431
16416 22514
-14000 -26098
9163 -25393
-532 2351
-1423 28568
-21515 27368
13858 -32403
-4512 26707
30607 -16581
-2712 27710
-13119 -5538
-10779 -49
-4701 -9336
11623 -26680
-22278 -25739
-20795 9382
-21097 25740
26151 5210
8598 -6056
1613 -8193
-29964 -5236
-25798 18288
-1514 -30871
-12616 -11214
25672 11563
-29012 -29832
29353 3186
27629 26999
16901 -10063
-13384 -13953
-14628 -3434
-19918 -11879
-29848 -13759
-5377 22838
-6760 -17321
-4187 4572
-19357 -20158
-15262 20245
-24586 -16793
26521 25335
-8478 23591
-29575 -6038
18617 -12032
25875 -12525
-18232 -29050
10802 -7881
24548 -9738
-10934 24146
1673 -30042
26898 17116
-26806 13349
-10844 1787
1203 6884
-8588 21743
-7036 5842
-5952 -2954
22009 23021
-23168 -5192
-21374 32196
23498 27353
-23660 18871
-7733 12195
25022 10338
-20270 24532
-29458 -12075
-21600 -21788
23508 -14790
-14139 -24061
19370 6668
-9944 -32705
-17752 9597
-12232 -24351
-28146 -15543
5575 -5617
7348 29638
32217 18559
13314 -21215
6898 13907
-16316 -19413
31245 23962
24154 -24074
-9838 30368
23873 -12983
9508 16763
-2420 1810
-30961 -6749
-20546 -20868
-10832 -5508
6421 9715
24079 935
5824 9159
-20437 -14152
2301 -29397
20839 -27300
-14712 6114
11258 8506
-22463 29580
-22253 -11685
5304 13744
5358 17065
-13378 3562
12825 -5294
-25355 8425
-2898 -5045
3486 8670
-27619 4335
828 -29405
-22507 22690
21454 -12875
-4167 -12333
-22396 -27298
26592 -8063
-3672 -24870
10408 -9235
-13907 -22661
32687 -21158
-7133 26448
14914 -981
-213 31675
13692 14800
-30664 -8652
-11801 26710
10637 5519
16575 575
-7743 24131
-10564 17007
-24526 28839
-29591 -28356
28783 -22849
30116 -19029
11877 -32559
29673 3271
-8976 -31502
-19937 -17926
15208 -30218
24121 20617
-17366 -19142
-14775 -11458
-11225 -31874
-99 23404
10629 -18798
-25879 -18510
27186 -20865
28445 28756
-5757 -2694
-1113 -4502
-11199 -26936
17527 -8202
-4526 -27684
-11877 1505
-10556 -568
-22360 -24705
-31138 -8479
31544 3471
-13118 -13677
19321 -2828
31582 -31987
-27967 28403
2556 7646
27075 21025
-26526 17059
-10960 24611
15209 -32452
-15631 31425
12980 9373
-15303 9308
-16149 19822
-23316 12558
4769 13378
19182 20400
6856 4039
-28902 -393
-14934 -24838
8114 24001
26161 -7880
-1746 -29080
-27626 -431
24459 13683
-12822 20693
11688 -29627
7457 112
24066 2490
3118 19843
8614 -17922
-11209 3553
24380 -4661
31531 15271
-27615 -24379
-12191 -27351
24261 -16431
-2108 21230
20252 18398
30892 6000
-10155 -25325
-9870 10317
-15981 -14841
-7106 -1756
-16324 -30777
-32722 15307
13466 18810
-18947 -22817
-10455 27915
8621 20218
-27896 -8960
-16582 -3116
32641 20128
-8317 21598
-6293 -7183
31104 13574
14405 -3357
1635 23757
12141 27716
28168 -24246
19499 26381
-3416 18873
-844 28521
-19305 -28878
3239 -4710
-26981 -708
25425 8865
-27109 -28042
-12861 537
28082 27567
-24021 -11461
-25788 -7260
23720 4360
31029 685
21697 7025
4952 27952
-16496 7067
30797 22687
32044 -31092
26261 -2340
5086 -10145
-25587 185
6933 -23191
-21941 28123
25966 -6102
-6873 29945
-5165 15852
-11362 6940
-4446 506
8531 30424
-5103 -21621
20966 -2474
-22546 25707
-5989 5815
-28385 1852
-29973 19457
7059 -6362
-10363 -14380
-29522 -7776
-12731 -19011
-21409 -22460
13600 -24593
18294 1880
5854 30891
289 13219
-16048 31956
-22878 -18683
-18072 12054
-666 16302
-10103 -23945
-16600 -27634
24432 -20847
19795 -1717
18761 30226
-16765 31676
4338 -12081
19043 -21986
20446 26632
-16385 5177
-13643 -5405
-3307 -28580
-29122 21188
-26992 6776
-5758 -26435
27709 -15660
11234 -9110
-29405 -1777
-6265 -32112
-6366 20651
-11965 17861
-16420 -570
31531 31201
14873 11364
30590 30579
-23368 2617
6577 27485
-31404 -5188
22087 -5702
-11751 -27805
2384 -22232
-22486 -21372
-32009 -29066
26257 14979
22098 -16818
11725 -17124
-31070 26752
-14281 32133
-25256 -17564
22972 -14984
27729 -11847
-9090 -23555
9623 -22786
20135 17032
2822 1415
27934 31256
-30751 16889
29800 -10081
-25204 -29087
-10864 25652
18839 20150
-3788 23494
-13653 -26322
30554 12251
-2670 -8491
29685 -1439
17105 23802
-22531 -15759
-1354 -15008
14052 19593
-29251 -21117
-8967 -18050
10397 16109
-32751 -15015
-21377 20331
14578 -1623
-5374 4768
14906 15445
15888 -31110
-12696 -7917
-9792 -14793
3714 -8985
-20020 -3355
-1317 3998
16614 17533
-23317 -32424
3794 27189
22134 30210
-12370 32488
-3604 -25712
2147 -9637
-15333 3444
20969 6447
-15177 -13763
677 -26187
24283 -20807
-12115 24731
-5537 -29214
4400 -2497
-12729 13813
-1957 12854
30852 12326
-20231 -22981
22737 -23783
-27005 19354
7634 -25641
-29683 29378
-21719 -18467
15153 13360
8793 26893
-24669 -29984
-21623 -2993
21228 5377
-11220 9882
13615 3254
-23627 6744
-13650 30243
-23284 -10705
14099 24199
11619 7437
-18060 -31077
16713 3534
-9504 -18590
3924 -23080
17381 -15946
13215 26179
15903 -28881
7236 -28720
10641 -1508
-5230 13272
-21416 -3932
12944 -30511
24249 3483
3743 15617
-1175 28339
-2243 -6566
20816 -1464
-7419 -26059
25687 21684
27479 -22445
-10161 -15094
-10167 -15443
31467 -23060
8608 -6807
7300 -31386
21773 5156
7293 13648
-17093 7491
-25497 32163
7715 -26301
15317 17979
-13798 32147
10036 -8761
27583 -29328
-28095 -12013
-16002 -7542
-26278 24726
-21141 22140
2064 15046
22782 -17515
28978 -314
17768 24650
-22154 20075
-1970 27631
28714 26890
27986 -25200
30310 -14285
-19427 -19711
30551 -12225
28386 -6527
15742 24742
15574 20399
6153 -15053
2924 10267
16317 -16063
4908 -11058
-28731 -8600
29479 13671
15099 -7627
-2792 -16457
-17626 -30076
14373 -27747
-27229 -1210
9451 -31494
15797 28171
2508 -8278
-24637 -28960
-15043 -52
29581 27912
26911 -31476
2320 -15172
-9350 -16230
-8715 11285
-31733 3265
-31586 20267
-24566 27847
-1392 4862
-17385 -32706
31794 -5140
-30953 19631
3807 9226
9323 -19992
-1690 14712
20036 25086
12693 30094
13482 15030
8432 2031
-2730 18727
-10715 15417
3687 -12821
-1977 12710
-11076 -13928
-6355 7827
24184 -17123
-24302 -8139
-18473 4112
7891 -6740
21113 2645
-22910 31075
-21173 -6086
21797 -12318
-16898 -17581
15686 31303
-2497 5070
17367 -10353
-32067 -5930
11230 -4924
28285 208
-26701 19029
-24886 -20139
7545 -3899
-26887 -30558
28645 28528
24046 -13817
-6725 18780
-8288 -32338
25381 4792
21659 -23649
-27064 -11133
9261 -24205
6221 26514
-1749 19614
31529 7781
27561 -29114
-31627 12417
16061 9740
-1451 413
-18527 -28718
-8273 4284
2296 -12191
-30097 -32707
8016 17531
-8799 4738
-30451 -30153
-32423 -31849
-31008 -28268
19650 10257
-15553 25354
5064 16884
13292 17366
18324 -25302
-19106 2593
-13128 16571
14065 -4352
23175 -18450
13656 26653
10689 -26759
-12066 -23497
-8648 -24562
-5397 27132
-7860 -11806
-10125 -25525
28518 -24426
19356 -22903
13825 -21153
16086 22805
10721 4946
-31121 -22673
16513 -12973
31304 -14557
12837 -28760
16804 23776
2685 9198
6187 30267
19262 112
-9051 -18960
4866 4790
-340 -826
-1603 14820
-17707 -2259
-26744 -24847
-12296 -12460
-23429 -8823
5651 -8682
-10568 -22467
-32254 -22681
-19596 5586
11221 13804
-23995 -19936
-31422 2863
-463 -13528
-29985 -27309
-11211 -26679
-24189 6054
30155 -2643
13038 -25768
16349 1590
29413 30581
-29305 7256
5553 -12102
12898 -6076
-12766 -9821
14407 19177
-15576 14865
-24173 7412
-12122 3961
24330 -17028
-20765 -30032
4765 -23622
15425 4928
-28641 30448
-25451 4949
8354 -16552
11185 -7566
-24347 4660
14389 7750
26913 -28020
-3702 30595
25779 22423
-7294 18592
-6081 29625
27662 15444
3180 14292
31571 7154
30182 -1604
19002 -16051
1910 30112
21650 20014
-31525 26527
-14446 -14697
29823 5107
31322 22412
19900 -8905
16234 -2584
8133 13864
-6690 4147
-18540 28824
32765 17827
-22561 -17527
-15586 2250
-32232 19133
-4614 12738
-26565 -30718
-28771 -20699
-22731 -28537
-1445 -19073
-24124 -1088
-16314 12086
9213 -7553
18125 -18245
3631 -10326
25722 19660
1389 30501
-4971 13497
26813 27671
-29532 14999
-12137 -21391
19054 -8816
-17916 8354
-23030 -8400
-4490 -27580
-11604 28369
-1345 3134
29097 -9746
9009 -2953
8754 -11927
-28052 -17937
-15079 -25543
-24125 21053
14173 7897
24553 15545
-14511 17895
-7565 11712
-29088 2082
14959 581
9931 -801
1570 -26792
-10680 -13879
-9894 -16066
-6724 7383
23274 -25197
-2595 7288
17745 -25400
13572 -31796
-9776 1803
12215 15197
-3998 4031
-30445 -21262
-28592 -18418
8338 -13193
24540 -15590
24047 -24124
-26022 12107
18365 1457
-2093 -17765
7935 22663
-1878 27234
-18277 19096
11984 3822
-7448 -842
18651 3152
-32229 26994
9165 7294
-12101 -10103
7221 14850
8519 -26774
-633 -9048
15749 7848
20797 20523
19690 -11610
29372 28756
19285 -5937
12312 -31165
-23400 5388
-22732 25177
26920 -20916
8687 9622
2802 -1599
27219 -19755
9518 689
8720 -32564
-14545 -1883
-17328 -32599
30474 -12370
-29121 -29633
-13371 -24146
-23208 6766
32240 14234
-7933 -22269
17494 -13035
12091 -2013
-18129 21732
-30530 15562
-6897 -27162
-30854 -23273
-20065 -9276
-25195 29686
28871 9393
31539 27345
21676 -8153
1897 -7352
22286 4558
-7452 19420
-23752 -29482
1955 -30437
-1909 -18417
19749 -4240
9537 22300
-18238 -25048
-3113 -24054
4733 4507
593 16740
-9797 29489
25609 3963
16607 -10421
9154 18186
19464 -30842
-32075 21913
22160 -7692
-25925 8754
-7145 -13160
-30729 -17780
6055 13796
31399 21104
9212 -29500
24381 -4237
12307 25384
-10300 10818
673 -20332
-26294 29116
-10822 -31787
16574 -5780
18232 29773
-22347 -15904
15398 19494
-18543 -24498
9013 -13508
30812 -26072
-2436 6605
-26665 -6745
-29738 2826
19042 -31697
-24288 -3583
15533 17123
-30460 -21543
-7255 12405
-638 23226
6427 -741
-1126 20704
16999 -28951
20623 -19146
-21804 13861
-10597 -6962
5257 -1165
26920 -30846
25018 15422
11853 18829
7921 -17999
32375 13944
20579 17915
31251 -31187
26657 16359
-8325 -9492
29365 13512
-30103 -3167
-25505 -9887
-25440 9309
-3281 -30432
31939 -12604
-4512 13230
26607 -31115
-29315 -17137
-174 15420
-6933 12482
-6972 29335
29201 31197
-21528 -8103
1113 31066
-18547 -28338
31660 8160
-9313 14291
-17273 19677
-30095 29391
-13039 13721
-32093 -32598
1969 -25109
3424 -343
-13373 19868
21074 -27011
21315 -28357
5514 -27700
27807 -30992
7101 5730
25734 -3440
-854 31528
12361 -26618
30773 -24437
29900 -17305
-2482 7977
-16314 32693
-5963 14500
-8856 -20030
-21897 7423
23408 13558
21782 -410
29290 -7978
3233 31607
-23900 16423
2566 9096
-26527 15198
14811 -1698
-9579 5391
17332 27925
-10832 -9
22724 -20712
-1684 25074
21622 -2383
-29439 -26420
-7636 -10964
-26236 -24251
3676 -32418
8928 1627
15193 -131
-1122 -28596
5038 27098
-12322 22779
29299 22849
-21605 -25775
7017 20071
3174 1610
-18924 -8621
12416 -3127
10986 13484
-10204 -22519
-9191 24013
-18476 -29392
31711 -217
25569 27669
1314 12442
32085 22126
-13091 -28645
15835 -31484
2722 -29613
13054 11546
-9601 9637
913 -16216
31698 -374
23652 5541
30666 29046
-12884 -8460
15758 2202
-20468 18181
-19725 -7326
-15931 -6396
-21443 23579
-278 -9845
-10136 -18444
28474 -16
1834 15253
31592 -17473
-28178 7299
-8072 -11379
17833 15912
-4284 -15357
14586 1087
-9674 29552
-26162 -7239
-13211 2372
3533 -27359
-5043 26869
-5488 -15899
-20630 16978
7409 -7714
-2132 -21491
-24322 9933
-11094 -20330
-16384 6333
-15876 14885
652 30684
28688 21802
-18196 -12020
20203 27461
21817 9532
12547 -23857
31450 29830
-1973 -2046
-14389 -2663
10900 21832
-5004 -16874
-9192 -11271
-17822 -3972
-31462 -9297
-2942 5333
