17017 -7320
1904 -5246
8833 6113
-7677 -8060
9668 -5384
-13484 7221
-8926 -5418
-15099 2892
-20416 1979
-19817 3493
20309 -5044
10204 -2478
345 -2467
1809 8955
-3658 -6401
12815 -8909
-14715 1785
-17697 1990
16620 -6055
-2631 4999
14978 -23
-7361 -6054
233 7405
-5962 4709
-433 -9513
6655 -253
-385 5803
10424 4094
-13111 7392
-4361 11442
12500 3293
-8476 9829
-15040 -607
21911 1378
-15983 -3564
-2838 -11099
14014 4072
12024 10557
4654 5547
9756 -9049
17972 -5219
-10320 2505
-7374 -10910
-4768 9796
-2995 4206
9881 3063
12300 -11889
-6774 -9309
14938 5066
32 2905
-9119 -6796
10438 -6754
7999 10240
19109 3972
-8320 7160
-9957 -11668
-14545 10661
-28446 3225
908 -2382
24626 2985
-4210 1404
19473 -1453
25129 1311
-5873 145
15624 501
-17708 -9343
-1646 -14211
24236 1387
12383 9942
2328 -5861
-5241 281
-4280 1041
-924 10984
8710 11181
-13523 -9391
9212 11456
23024 -9138
17231 -10549
2188 1029
5812 7134
4351 -1721
-4259 -2589
-8549 -8932
14852 -5409
576 3903
-5414 8341
305 4670
-12242 12589
15305 -2307
8771 4090
-7542 6054
-319 -407
9552 -353
12332 -4180
-9453 -5997
5929 9796
-732 -3176
2981 -7125
-21456 -4452
1284 -1426
3288 6106
1403 -5406
-10310 2415
9550 12371
2936 8720
-2871 -8711
15142 -5599
-3629 6361
-4937 10268
-6436 -706
3238 -4853
-24555 5414
5013 4288
3908 10925
22228 -7084
-6846 5472
-5401 -3603
-4183 -7300
-24232 4975
25406 1184
21928 3780
-6062 -3530
-24 -12873
-22543 3246
-6933 1649
5694 6299
23963 972
-5766 8477
-1388 -6885
1316 4618
21779 -220
-830 26
-1624 -12384
5877 -216
-1803 12015
-1262 5240
3034 5293
-22736 -2181
1264 5668
-2054 -1943
-380 -11370
-2866 -5215
-6404 -4710
23546 -4418
-7563 9733
194 4952
6891 4542
8533 6259
2424 2943
-1381 -8876
-9956 13552
-6834 3578
6766 14452
-19840 10214
-3960 4278
-2196 13441
-15174 -6391
353 3486
-2085 -4306
8588 6120
-5789 -1001
-7412 -2097
-9731 14094
549 -8713
-23013 4168
16892 -3266
14487 -316
-3874 587
252 -5176
9115 -11459
3528 -944
-1105 -5858
-7209 -870
25911 3012
-12962 -4661
20260 -2442
3196 -5962
4336 -12857
12274 1457
-4583 10901
13955 1284
-2075 11534
-12203 -149
16685 -2726
-327 -4285
10344 6986
526 616
809 -2186
-7552 2541
-3654 -12735
-5256 5533
-20111 -8185
-2728 4608
11439 3879
-551 2347
26500 1316
6341 -2511
6065 1126
-23016 3168
7777 10533
3182 10166
100 -905
10537 1029
-2679 141
-18022 464
-18982 1985
9057 -10232
-15203 -5933
18585 -3949
-20389 4873
17311 6727
-1659 -6324
17106 -1278
-16948 3823
6161 -4157
9865 4500
3122 -2375
1002 1546
-777 -3805
9072 -13153
13596 -6571
7961 6686
19154 191
5467 -391
-14513 -10362
3871 1910
12060 -1399
-6943 -987
-12856 2770
-11777 1156
-13933 423
-13053 -1630
-1686 9375
10310 -6596
3572 5630
-26431 -4364
17453 2387
-2226 -3876
-8897 -5307
3658 1462
18503 5663
15133 2886
-6848 -9898
4193 7282
-606 2128
5403 -4960
12870 6665
1281 -8975
-21201 -2928
-6287 2537
-6091 7057
7409 -2397
8331 -6978
8246 3270
21074 5723
-7296 -374
-3069 3313
2553 7467
-16141 -2638
-4991 -3677
7388 -4137
11959 693
16963 3956
-90 -2101
-1389 -4338
-12466 -5887
9617 287
-10704 -4573
-18097 -5209
6978 5723
-16482 -6508
7128 4958
2385 -5142
15758 3851
-12804 -5674
-5554 -3932
18992 11736
-20699 -3689
10367 -1115
-6460 11926
4305 -1733
-4760 4974
-4302 -7452
-2331 -371
15766 -4789
-4585 6212
8353 6308
-8085 4524
6279 66
1729 1147
4174 -9369
-2784 6219
-11590 13909
-9799 2161
28671 1419
-23865 1658
-204 -2615
-2649 -4722
-8074 -1066
11143 137
14870 -13371
20712 -3675
-11839 5236
7951 -783
-17620 -264
578 89
1453 -12722
2328 -4159
14296 -132
-12236 289
24179 1200
-10716 5317
-14161 -243
2254 -10797
-6317 11609
-26386 -1692
-5215 6314
19815 -10491
15775 -5473
-18561 -105
2257 1171
-2819 -3070
13841 10901
2016 2613
1946 -5483
362 -6980
11264 -3262
-6175 6103
3700 -12481
1228 6941
-846 3124
-8104 -3410
-17047 6546
-8167 -11798
13333 -2923
13512 8421
-8418 -5856
6208 -1712
26253 -3283
-5675 2154
-16151 5053
-7993 1790
1935 11834
8902 7937
-4910 11729
3814 793
-7129 8126
2863 445
15553 -100
-4013 -4968
-2853 3496
4537 5271
-8443 6869
-14393 -5683
12914 -3867
-829 -2106
10759 8882
-1105 -7237
7645 5659
13658 469
-10307 -3314
-17695 502
-10569 5434
13762 -7178
1906 -14098
457 4822
3038 9505
-12704 -801
-5333 -5257
-1055 8064
9154 -437
789 5694
9469 3778
1346 -2817
-5392 -6102
301 -3370
9918 5877
-1724 -14051
11249 3550
-11150 -1475
-4574 6661
89 10714
9549 -3289
6200 -3079
-3280 9888
1729 -10279
4906 1315
1445 -13597
-3960 -2697
760 -4420
-4844 -9418
-2572 -661
-6024 -11020
-8294 -6234
4149 7548
9434 810
5038 -8108
-16619 -2174
-3294 -8955
4972 12516
-6919 -14607
-17579 3430
-10105 25
1796 9110
196 -4692
-5025 -838
-4634 4394
-1837 6499
11229 -3995
7912 7145
-2635 -10322
12828 -3877
-9136 5845
-11650 -2725
11446 3694
8530 12175
11296 -10696
1140 -7452
-7726 15028
11129 -5022
7215 -4326
4510 -5503
-501 -1664
-28699 2389
-396 1198
19967 -7545
-9752 -7817
9185 10003
-6506 -1118
13881 5822
10814 -7004
-7517 2019
-11600 2231
2786 -10155
3602 2975
1544 -4882
-18444 274
-3369 -4465
-4231 5051
-4345 3592
-4872 16011
-19436 189
3034 3954
-11621 916
584 7639
4187 -7691
5553 11843
5618 10571
14518 -7679
-8334 -11465
-20950 -712
-14944 -12406
-5018 14179
-6488 8242
10824 -241
-13692 3595
11216 12913
2244 10668
-10189 12968
16299 -5758
3373 -8204
-15285 141
5332 -1209
-3517 14260
-10311 -4040
5238 2243
6026 -2061
-6415 -2363
19214 8145
3974 1318
-4923 10030
-1822 1312
-11007 -6412
10506 -319
-1655 -4158
21565 -7890
4403 -12477
-15396 332
5308 -6361
5534 -5107
-4131 -7119
-327 -9756
3369 2349
8086 2266
-2678 -6749
12338 2719
9770 3120
16273 -3236
-1120 -6828
3663 1694
-3363 -7942
1839 -7849
-6620 -1139
15631 731
-1209 1742
-6566 881
23336 -5432
-15382 3260
7339 4624
12261 1973
-14004 -5452
9688 -5730
-8058 -3882
-10550 -7017
-8570 -2354
5868 8067
2937 -7879
-14469 6211
-6453 7148
2601 5805
18812 -2942
-11204 6700
2699 3466
-14617 7530
-2419 1795
-12506 5597
11891 660
-5550 -3827
-86 4795
-425 3332
11447 -388
-4393 -3240
-13595 1164
-125 -6683
-10694 766
3914 3597
-7692 2920
4226 2323
1954 -7934
21034 -5779
-24906 4417
3813 2665
-20105 62
193 -52
23943 -1839
-22092 3218
16314 -2394
16059 -2724
-13963 -3946
-13853 6938
6073 -5416
-22857 3166
-5284 -6082
-5488 3895
-12213 -9129
-18825 -1207
-6799 -11463
18899 -10604
21327 1156
1469 -13332
-12499 8362
17187 13405
12307 -3531
13945 681
6903 1585
13102 -14091
-17461 -6076
-150 2391
22510 1284
7511 8126
-3436 6220
-15341 3880
1513 -12358
691 7188
11160 -5373
-6540 14360
-15777 -218
-12125 9226
-1057 7895
6668 5666
-20368 -1404
-17920 9933
-2774 10375
-15632 7922
-4768 3324
-13342 7692
14138 8668
27268 1646
5544 -14151
17074 7724
-10588 -3216
7406 1853
-9240 6274
6923 12971
-12950 7473
-2805 9428
-24118 -1057
6195 -7432
-4392 -4365
725 -13854
-4819 -13491
15651 -11096
5922 -1546
9470 -10625
9125 3142
5961 3447
-9623 841
-5858 10639
-3033 12436
-9871 -4073
-4792 -5517
12567 -4042
-9868 10442
2869 -8890
19440 4803
7629 -4439
5191 -1740
-25693 851
-8724 -325
1388 9083
20085 8952
-17185 6268
7854 8298
-839 2525
1051 -6079
11600 -8941
-19976 -4042
-1705 -6552
-17291 8995
-5385 -238
-4284 11228
19331 -1490
4241 5406
-226 -4482
-3787 6304
-5169 9021
4780 2002
161 8550
-20891 1479
-8841 -782
2856 403
24755 -236
4754 -6765
3638 -8974
3353 4951
-2058 12167
6110 7141
-24330 -2690
7135 5248
7454 8021
2566 -5748
1022 -13434
5271 3883
22525 -3318
4766 4806
26 -5896
-1958 9230
1193 10773
5353 4225
-3176 6652
-7650 6447
1230 8856
5998 1106
2265 -8653
1139 -8759
-587 -3609
-5737 3900
112 -2487
2474 6674
18574 1771
20866 6639
-21422 -101
20603 2948
-22662 6716
-6337 10744
-12670 4831
-916 308
23859 6035
4512 -8527
-8101 10008
1224 -322
415 1395
983 -5424
19847 9344
11406 471
2432 -3225
6561 -7846
-8642 15703
-13066 5592
1625 -7314
1203 -2520
-983 -13550
18724 1823
491 12913
-493 -10716
3738 2047
190 -12854
15681 -1532
4299 3967
20268 538
7110 -10222
-6253 -1693
-8085 14322
-1399 -2180
-85 -2990
10290 -2987
-3654 -3556
32 -10168
-1399 1643
-933 -8651
19770 -4718
-8486 -3252
-22497 592
-4333 5034
11797 12447
24787 1932
-11026 11726
-13254 -3470
-3215 8999
-1268 2782
18822 -4212
5247 -295
-8199 -14658
11183 -14833
-11982 -7004
5861 -843
-21057 1922
-1945 -9443
19592 -4778
-11107 -4955
6082 -746
14782 1482
3904 -8341
4628 -8952
3625 15657
-14246 6142
7916 12571
-16893 -7364
9932 -3845
-2454 8155
13506 -4175
-7819 -6165
23569 3652
25593 1704
16969 -3826
15070 5667
-17032 -3208
11277 6188
4681 -4908
4059 -276
-358 7688
-12451 1894
-7127 3546
-744 -2399
6836 -2633
3630 -9833
10265 -7684
-3366 5196
-5366 -1256
24618 6993
-13445 6506
17293 8789
387 1239
-4744 1974
-8504 -5973
-3184 -1876
-4030 -6324
-4435 6249
3386 -5724
-63 5987
4051 -2692
8697 6342
11103 -4961
1642 -6456
-2281 -577
-2672 846
14358 7410
-466 3055
-11830 -884
-23603 -7744
9559 6840
-22826 -6401
-8048 781
424 -4082
-17479 -4679
-3737 -5253
-12722 5328
9339 1899
9960 -985
-15691 -8355
12781 -2156
-9607 -8174
13940 -153
24221 2975
4583 304
1600 -2018
-19392 -2105
8078 1742
11693 2550
-4288 -6961
-2333 3942
13388 -6939
4269 -1544
-11145 417
-9420 280
-18933 -1270
3780 877
15423 -1739
134 -7630
-3303 -5862
11266 4392
1894 99
18887 6546
2575 4140
-10169 8090
15523 -4978
-20709 -1205
-17250 -5394
12316 -1895
-18585 -4398
-17315 1355
10742 -6680
-4194 2495
8887 1167
2962 -1705
-5023 -7050
-2259 -3778
-14591 1991
-11843 -11822
3646 -6059
-3582 -13147
20030 7010
10492 -4687
-21426 2989
3838 -3922
-12894 6989
4083 8472
23418 689
-7426 2392
2965 4680
-9181 2795
-17676 2047
15911 -4406
-9661 3029
-7146 13038
-7989 606
13276 -792
-3076 -9968
4049 10204
-3176 3230
7830 -11888
15781 1338
-3720 -2914
-9315 -8539
14392 8590
-18628 1916
12851 8182
4775 -4581
-9761 5503
-19353 5769
-2183 -11879
24869 -1582
-2479 12852
9025 -11898
-5068 -8701
3970 1089
-9314 14345
-2335 27
-4957 -4670
-5815 8730
6913 9762
3550 -1822
-18674 -1481
4840 -6714
3117 -6400
5559 6330
18380 6040
-7368 8552
-1615 -15430
11168 -13492
-15361 -815
13268 2762
-9997 -2617
-190 -10861
18700 3232
11183 -4721
3682 -5659
2195 12263
-1027 5402
13603 944
-6667 841
-4257 6090
2155 -4907
6439 2046
-12526 -479
-15043 -1904
11556 7287
1597 -3264
-12892 570
-2885 -1271
4863 -1253
4257 1257
-2081 4391
7786 -1899
-913 -8204
-3183 3153
-5061 6077
-4096 6673
-660 -11964
-5702 -250
-5292 2064
500 5328
1281 8915
1886 3765
2120 -11321
14982 289
-3935 11788
3622 -7896
-257 10487
-2317 -9884
-6289 -12926
-7361 -1569
14243 304
4384 6456
4178 9847
-10735 -1668
-9026 -6109
2067 6554
-9595 -2824
-3958 -10676
4165 -7552
4292 3638
1983 9708
14800 -4834
2789 -7686
-3206 6848
-664 -5052
-20555 -1216
-13964 -3694
-16030 12454
768 1169
19510 -1400
-1367 4558
-14103 990
10511 -11197
-513 -10451
10556 -7985
-2737 9380
-779 -1026
12517 13977
-20507 4608
10535 12992
2535 -938
-20999 -2327
-8958 -2921
2472 -417
-2004 -7981
-7560 -5291
1573 2791
16765 -6739
-13506 1768
-5065 10949
-7439 13114
-21105 11200
8220 8712
29548 380
-9742 12758
-5991 7167
1914 -11152
-17862 10009
-3489 -8018
2803 7203
22904 -3463
-13303 -2789
47 -10440
-14989 11926
-10910 12541
-27846 -3391
649 7822
-509 -173
-4057 6467
-12042 -2547
14360 2465
17804 5544
-14595 -3253
-1127 -5199
-10824 -14031
11911 4128
-6704 -2356
-15684 -5571
21893 3318
-16812 5086
7944 -9921
20765 -1499
-5901 13485
17269 4319
-9777 1307
20821 2354
-5919 -1593
6152 -6252
-15668 9205
-11310 -2352
14815 4309
-2099 -266
-1183 -10770
-11683 -636
-11144 -2423
2073 -10916
-5965 -699
4855 -8563
-19048 1667
-3299 -3044
-8535 -164
-277 -3411
-7869 7874
-1193 -2848
11261 765
2611 -4868
-9761 5369
8114 1153
-5556 3884
-17341 4433
10781 -1948
2060 1444
-11527 3198
5942 7412
-10668 1133
-14341 -188
-9373 -6285
13006 3869
-4641 506
-8998 2917
-14649 8081
15895 -2281
7869 -4582
-7088 2245
-7018 -6884
-12804 6060
2977 3783
14871 -7511
-16415 3026
6401 -1784
-13381 7628
9133 945
-6686 389
15371 2492
17405 -8865
-11344 4679
4801 3460
1366 1297
16733 -4525
-8513 2795
12665 -3080
-7844 -2839
8191 -866
12693 6610
-13620 3196
391 6234
-892 -4567
-2832 -1018
-8047 9995
17094 4302
-1272 7107
-16919 -269
5067 2153
-6980 2445
9949 -2476
-8544 10559
-11356 1421
15876 -944
4238 -2393
4414 10704
11444 -685
16078 -638
17022 7848
-23148 -642
-3459 14450
-942 8943
2302 -3321
2458 6493
18324 -9621
8612 -5446
-20585 -2241
17509 4053
2296 3890
12812 -7442
-11496 4825
-3622 -13010
17978 1852
20317 4733
6412 9540
-8160 -11755
3454 -13744
12500 -6445
-2460 13541
13742 2864
10144 -9727
-14210 2833
10608 -9598
7409 3556
-2021 -3356
-21131 791
-27208 -1490
9889 -11636
5921 7173
-11586 -11081
842 -795
-132 -12566
-3286 896
2798 11641
2973 2140
12222 4288
23366 3253
-17779 -1
4097 5840
-815 -3977
17918 -809
13776 -3618
-13851 -4671
7038 3396
-2935 -11200
12354 -2010
-24784 1811
-8349 -9772
-15800 -3571
16436 7321
-6315 -13882
-1711 -8226
-13680 4842
18900 -1170
2057 8206
-8045 9242
-21820 5422
-7842 9462
-5564 1071
-6049 1972
5069 -5979
-8116 -9757
2327 -1712
-24538 5355
28572 -285
19111 2567
3300 11844
-494 3707
-3080 918
123 9054
6309 -2438
-22382 -168
10212 6836
-3287 2536
7195 -4112
-6323 8012
-6808 299
-23998 -3948
-5749 -2011
-363 -7618
6200 -9908
-2589 9470
-6081 -7472
4405 -5153
-7797 -6581
-7998 773
-4540 -2268
-3971 3352
7738 1348
2376 3235
-1968 7070
2153 -15
1042 4233
8519 188
-440 -3477
8816 6972
3150 13892
-2004 5117
-21082 -2197
-9290 -3683
-3977 -9009
-8944 5646
-24303 -1216
-6638 4862
-6111 5124
4675 1999
-10223 11453
11102 -10420
-21393 -864
1173 6620
24598 -884
-3464 -586
-5217 9391
3529 -5857
-4111 14752
-15453 -1818
232 -11163
2783 -13958
1463 -1561
-7084 1053
-17447 10930
-707 7093
-20945 7372
4326 3935
5189 11313
-19633 -9433
3416 -913
-9701 -15084
-2014 -2301
-12125 14412
15923 -10472
23165 -987
4095 3587
-12466 -2868
-17353 -6379
-24168 230
3113 -6233
-12422 -4117
-20401 8785
13697 -13603
10194 -10000
6076 3251
6509 4103
11296 1658
-1695 7747
-368 -14292
-5722 244
1925 -5463
-9723 -5362
758 -13301
11984 7422
10842 3739
-356 9768
-11710 -8139
-5141 -4580
-2530 -180
-9865 3798
3987 1109
-5862 -804
-1115 2259
-13123 3676
-10756 -10025
13248 -11280
8915 615
21709 -5157
-4440 9920
-3833 7723
-10877 -705
-21507 -6780
-15118 4972
-2014 11031
3252 1082
-10705 -2168
20552 -1300
4144 -381
20545 -1410
4841 -161
12376 -3332
5079 -6870
-18426 -6133
-7688 -9092
22055 1438
2781 -2101
-8542 1154
5427 -3701
-515 -350
4066 5858
19563 733
11893 4686
2175 8372
7876 6682
-21535 -7706
4107 6353
-3104 10497
12209 645
-19646 -10376
1096 -3566
-17984 -288
6260 9180
4363 -5265
2006 3764
-6937 -1957
9984 4657
-493 -5177
821 -6787
15117 -1691
15376 6429
3291 483
11357 -1204
-7066 -1956
1890 -4150
1582 -687
-622 5449
-12869 -4714
-6502 1890
15015 511
4274 5862
2165 3519
18452 4126
11383 276
-11408 -4266
1963 4903
14775 2312
-3391 1168
-10817 -5485
3021 3416
-4112 -4959
7126 4990
11927 -722
186 -6576
-3059 2622
4027 -1946
15677 1698
-2836 7957
-9508 -4392
15273 -7614
14081 168
-10413 7652
-1144 -334
8796 -1556
12962 5428
12212 8201
7556 -2577
3271 2913
-274 -5798
-1819 -8075
-41 -2075
-340 -6140
-7371 4891
2848 2017
14850 -2954
-10963 9040
11659 868
22397 2794
19743 2814
-21033 1854
11732 -1416
3239 2173
6507 368
17917 -7725
3859 10945
86 -5006
-25935 5604
-10476 3126
2295 -2765
18634 -5119
-16999 -3809
-18438 -8639
-14917 1751
10448 -10750
-3308 -5411
-9369 4715
-773 9297
-24498 2139
11954 6553
-506 14348
640 -4224
5501 1874
-17725 -1798
6940 9380
2974 3673
-15396 5183
4192 -9731
13951 5343
-5414 6203
-7999 13651
19028 1354
-6082 7196
213 673
15744 -4508
3593 -11103
-18534 1722
-8854 2916
-15224 -5560
-10214 10427
15383 109
3441 -2536
3883 3957
-1227 -5818
1648 11370
-4302 -985
-1591 -9723
-14766 9409
15537 8903
55 -6260
18579 6363
18783 7512
1031 4282
-351 -3438
-8813 -3075
-776 7781
2453 5663
5956 -8737
5099 -865
-1057 -4651
869 -11773
-2521 5555
21495 7087
350 11009
-383 2100
-7709 -2545
-2234 -2425
-2886 -5784
4470 -1123
-2467 -4923
-4490 -3278
-539 -10356
12904 -474
1989 -6128
-1076 -4294
-3890 -9958
-3573 -624
-5938 -5384
157 3188
-8278 -596
1543 -14208
3637 -10288
-11371 2269
11628 -2359
-1013 -13229
-2613 -9551
-4317 10744
3868 5622
2074 -5611
-4017 -6298
-5753 -5141
-2769 11235
-7593 7052
1064 -1467
-4994 9139
-3229 -6180
-681 6804
16711 -2336
9185 1472
-5722 -9112
8591 -4159
-4011 -5216
-6307 4744
-2501 11789
-4871 -9385
16350 -352
4443 13830
-2399 -7521
-7666 4591
3400 3156
-4030 10487
4174 3400
16036 -11453
2991 1804
-3660 -7547
-1121 -1058
11465 -612
-7581 3082
-1735 7327
-163 7863
3471 -10162
11903 -13156
-4894 -6868
6777 831
953 1827
-1739 9746
5163 -1583
-8076 -1464
-13876 6057
-6031 6303
14601 3523
-11429 -8955
26080 -2145
-17409 -11847
-5611 -13485
15461 -7601
17440 -965
1937 3874
-19167 1751
-3486 -13218
12234 2573
11568 -9031
-7401 -6109
-2064 -1091
11688 -6482
10319 7351
29608 1635
-17165 -10697
-14673 -6465
-4786 5086
1538 4862
-8872 10712
17348 1103
4044 3882
21262 2267
20076 -8573
-14554 -5896
-9159 12881
-8475 -11890
14949 7328
-790 4892
24352 -3229
8770 14902
11874 4924
16309 -7485
-9233 -8909
13327 379
11892 4295
3591 -15110
17658 3856
6169 4209
-14634 545
-4724 3656
-3860 2924
-2530 12691
-14142 8462
14665 -10784
-25803 -894
-33 -4345
-3706 -11505
17208 12287
7212 -3094
6175 -1745
-11194 -3774
15664 -8250
-3866 -9407
7003 -10291
9359 -9057
-5526 6807
5166 -3396
-2491 402
-7555 3194
12342 6275
14141 -3721
9041 5102
-18955 7356
-7582 5747
97 -3973
-7861 -5701
-17415 -1308
7804 -6037
-1239 -2941
-5909 -7776
7446 -5472
-4413 -5332
14818 -4977
18060 -5583
8054 -875
-14188 6604
-23078 6828
-9251 5863
-13539 3499
-12628 -2752
9876 -6185
-428 2735
4575 1576
14029 -8116
12339 3601
-14697 4008
19473 -5330
1625 1870
-659 -1429
-12469 -164
1882 -6526
4671 -184
11896 -6716
7946 7936
-8523 -6164
-5559 2675
6405 5659
18478 -5622
4493 6049
-11111 4628
-8164 -7015
-3577 328
-2072 -8801
-4354 4411
13530 2765
13477 -5500
-14837 -5566
9894 -8960
18543 -2214
14194 -2965
-4902 -10177
-4626 3138
4267 -6487
-10728 -4063
-13334 -5180
-220 7566
-7641 5007
1078 2102
-6528 4118
-22533 4866
-13897 14752
5911 8776
-8008 9477
-16522 508
-13417 9219
-18634 -1979
24977 630
-4255 -6347
-15376 -3696
-7043 2853
-93 -2296
-5057 -7059
-2455 -2815
12522 -4092
431 -4818
22523 4248
7168 2449
10317 -8674
21504 1521
-3281 -2127
26758 1420
-15769 7821
-19964 -1398
-11280 3991
26481 3836
3222 -13205
-19473 -2065
-6385 -887
-21031 -756
-4455 7509
-1729 -1469
-10452 -9472
17591 2710
18028 -1845
-19218 578
-19783 -10317
22047 3890
-6323 5728
-5320 10968
8547 1231
-8622 -13120
-17257 -5171
-15862 -11528
7820 496
-1634 1576
-7225 1194
2426 13708
3689 2845
-1847 -1136
-20359 -4544
12932 -11558
22184 -5342
-17422 -3904
-13230 -9479
-12084 -12045
825 2562
-5254 -1288
-8083 8819
15502 6642
-385 -9546
11199 -4467
23555 690
-24293 -846
-2684 -12138
-1772 7234
-24249 -4322
6887 11554
-942 -5284
2847 -3386
2805 2313
-6316 -8720
-3373 -5743
-21321 -2421
-4666 -7006
-3079 -8213
25905 -4375
23992 384
-4858 11350
9296 -953
23171 -3089
-3840 3801
-4869 -7736
-1362 -11433
7166 -8170
6005 -195
-459 6907
-4071 3359
-20704 3972
-3729 168
-1221 -1402
-7010 -3380
1472 2196
-3210 7500
4535 5028
3124 -10045
-6364 -3491
-1045 1907
5130 -2625
-65 -1862
-4289 -1246
-2451 -2216
2188 -8619
-23834 696
-18176 -1492
-7121 1402
16176 3900
-5740 98
20561 -1729
-7106 3565
-1245 -1619
-4248 -9047
21 -4358
21452 6138
1316 -8474
26310 -2290
-5321 3543
-4624 -7937
18158 400
-24747 2835
2485 -8046
-15220 2696
-9981 2086
4700 -13209
-6429 5353
4159 5330
-9719 446
-929 2932
1847 -4309
-13745 -4154
5227 5219
1190 -351
-1589 4894
1779 1210
-1044 3736
13635 12037
20213 -4970
12794 -12652
-1625 305
9680 11505
-13460 -2339
3326 11760
-3295 2804
-4436 -9700
4445 -13212
572 -4133
11303 4755
13338 7805
2672 -190
-3659 1683
-7266 4503
3513 -10112
1653 -3154
-11489 4274
19395 -4375
-6324 -3957
21561 -3550
4604 2329
-12145 -7987
-14963 8814
9710 -10804
-13769 5882
20714 4624
-756 4192
19243 -1268
-9279 -8444
11359 -13729
-15094 7873
431 9070
23380 -2107
17379 6585
22224 3841
-387 -7064
-8697 -4824
-15263 3883
-7319 3908
11470 7221
-15079 1865
-13807 1789
-8909 -13359
-4989 -6780
-12553 649
8216 9559
11907 -400
-2196 8455
2874 -2806
1581 -1697
-125 12018
12085 -168
15859 7538
-17282 -668
15869 3944
-13107 -2288
3520 -1437
-17694 -4145
-15350 4803
1475 9647
-138 3318
-5930 7291
-4795 -388
-6177 -9340
-2159 -3143
12922 2137
6658 3082
18718 1143
14131 10748
15543 3377
1390 376
17912 -2489
8756 -5396
-2621 -4167
-11069 -6999
4875 -5609
7086 -2898
5397 2801
-272 -4155
-11419 3139
-9980 4676
-1274 6230
16266 2554
5031 -3467
18643 6300
-1127 -6457
15521 896
-10361 -436
-5768 -2476
-11927 -5196
13747 1313
-617 425
16798 7526
-9012 -6613
2206 5295
9156 -7647
-2216 -2585
3927 -1441
7193 2435
4318 3511
17720 129
143 -3632
-6982 -2500
-5496 -8508
-10323 -3232
-9932 -4666
-17477 856
-9142 526
-2869 -3769
-7986 -4913
-240 845
-3805 -3310
22763 -2487
5038 608
-4372 2742
5809 373
17786 4271
9806 -12527
-5240 350
25790 2577
3315 -562
6925 -3285
-12352 -3778
-14276 -818
-12040 -4217
-2244 7266
13001 -236
-12989 -167
-663 -1285
10932 -2800
-13620 10659
-22284 -9063
23536 -6625
4396 -3324
-2709 -3375
10720 338
-12116 -1551
-14032 10935
-13894 985
11995 8030
9460 -12521
3501 -3992
-15868 1370
-13352 -6309
-11358 10701
-6244 -13095
-13563 13795
6710 -14125
17635 -736
-1973 -3445
-12307 -10705
-17134 953
-5522 -5280
-2225 -7111
-1071 -10512
-13062 5109
-14841 -5843
13290 -637
-21763 5196
-2533 1505
15239 12222
-8166 -4686
5486 -1002
-7391 -3989
6948 5257
-9514 -2758
-16433 828
12978 909
-11720 -933
-16001 -2132
-52 6521
9396 8705
4994 6640
-6557 -644
-2411 -5304
1896 -2276
461 -12430
-5117 -3317
4271 -13858
14534 8591
1512 1194
1201 5893
4318 939
5175 -1674
-5826 11518
10559 1005
8548 -4349
7352 -526
9798 13345
-364 810
1651 9236
-877 -6150
1970 -3959
5225 2676
-2436 4742
7326 4474
180 -4072
-3171 9688
-4745 6565
-3489 -7075
-10096 -2156
-97 -10944
-50 4091
7201 6587
-693 1333
-3680 -861
4405 -1145
-5859 -9928
10853 -839
3559 3421
3216 10052
12820 -1792
10654 -1371
4971 6663
2253 8995
1375 -760
-5461 -3904
-7033 5007
10591 -2584
7503 5209
-822 -4192
8001 5338
-1609 4050
-4943 4099
3525 -2103
12620 655
-4398 -340
665 4141
363 -1983
5329 -29
-8202 -15156
-3436 -6487
5362 6031
3676 -6057
-1720 -937
-7790 -10063
-6463 6301
-12203 417
5072 11121
-4510 -6273
-1225 4992
-8092 448
1830 -1134
-6442 1453
-4314 8084
2104 11876
-3756 -4424
-4055 -13925
10989 -4943
8185 3500
-2264 -2910
13077 -11938
3736 -11095
-10436 -13665
4230 -1728
-1877 3829
2455 9872
815 3924
2468 4852
-8782 5279
5558 -3513
18147 -1408
-9470 2012
-3000 -3565
10879 -12923
-7544 -8980
12176 10713
-8302 -8564
6101 3537
4568 -6680
-3815 4325
-26391 1895
15895 3809
413 1717
-4570 -5074
14517 5190
-9320 15441
5646 90
4911 6043
1748 -11798
-3339 -3116
10375 1649
2011 -5959
1667 -13321
16424 -7783
-3740 14892
-3176 1648
-13758 3054
-13132 -2858
-2127 11676
23675 -4602
4321 -10790
-5852 -13584
11441 -11364
-1541 7201
23859 5244
26569 -19
-8297 8359
19460 -5540
672 677
-5588 -13800
83 3019
376 1679
-11273 -10576
6881 -1765
10096 2439
18227 -4610
10997 2605
14973 -3956
-12740 -7029
-2562 12305
-6281 8211
18417 -9192
16065 -5749
-475 9147
-7934 -3102
9523 -5671
7597 -3397
-16120 5280
13700 1309
-5625 1326
2412 -6617
4899 -9535
10277 -3083
918 5382
-3619 9999
12365 -5301
2807 199
-11139 -4942
7372 1352
7752 4263
10870 -2998
13803 1294
-5387 -1243
-4776 7426
-19116 5143
-6179 7282
-16066 2701
-6362 -5312
2854 8039
4087 6246
248 5271
14455 -4666
4242 -2414
-10117 -1193
-6963 4952
-22435 5751
-14287 122
-12145 2267
-2865 7706
-12671 3668
12190 -886
14805 1089
-12240 2344
-16822 4609
15326 4957
-10210 2745
-14105 -3639
20024 -8822
-280 -169
13558 -4420
-1350 1375
-14292 -6787
-22275 5114
14104 -2969
-17790 7302
4806 -483
-1695 4895
1722 5230
20501 -8140
13895 -9029
-3306 3599
6640 9438
8762 5544
12035 -7000
2670 -86
-8500 -8902
3818 -1550
-17000 4049
8554 14482
-16087 241
-27 1310
-17463 4656
-13819 -10880
2162 3368
-23127 -1418
-20687 -2372
-9057 -10522
-779 -10659
-3615 5338
-11546 1254
21792 2885
-5052 2899
10546 8742
3880 -10701
-4044 6109
-13822 -5095
18001 4944
15574 -537
-3632 -11
-17517 -6532
16676 242
-1509 1425
-5233 -7620
-344 2861
-361 8101
-26613 880
-8067 -6657
-10045 -9297
3775 -9763
2127 -8203
7287 -10720
-9991 457
7271 802
21565 5167
-6119 -9664
730 3204
-18492 9634
-2054 4740
-3600 -4008
8037 -10175
-2065 1040
-2232 -3755
12776 2486
-6665 -5514
-14601 2596
-4831 -5153
3902 7224
-805 -5992
-1762 -5188
7289 -6967
11 2888
-20378 3377
-11568 2546
-14332 140
3222 1089
7361 3987
-5024 2898
19708 -4495
6822 -1012
-1364 9466
-9799 15134
5056 -3952
-8733 -11793
587 -7098
-4333 1357
-3051 -5049
3896 -7304
2506 5330
-6436 10821
19845 6492
-21547 882
1436 8167
-20335 -2006
1833 4952
529 491
4762 -4558
-2265 -5203
4095 -3044
-5809 9518
6442 1254
5228 5044
19061 3172
-22115 779
2898 2344
-20489 187
22090 -3131
-8093 8266
7850 -3075
2158 12108
-3157 1706
-348 2126
22378 995
-6011 6673
6806 -5471
5187 -4170
1862 -7206
1370 5527
-8563 -413
696 11814
22287 3333
274 -11033
-2526 7749
20991 -9534
1281 4314
-1098 6325
22344 1329
-895 8143
115 10542
-3794 5119
-1301 -6048
21590 1819
2229 -9944
-2384 1850
6812 -4757
11807 7360
22299 5483
3145 3951
-16380 -6785
-19690 -6993
3127 7935
-3519 -7418
5138 18
-18627 -5769
20235 1804
-2804 -4165
1008 10739
-2713 962
3847 11535
-2535 -8510
-20709 5938
-5748 4030
-1288 8916
14185 10332
11750 -11497
13758 12501
22249 7841
-6891 -817
2857 7847
-403 -6294
807 2243
17126 645
4426 6998
6008 8493
-8242 -5822
-702 11291
1928 640
-13690 -12800
-10011 337
10974 -1321
27142 671
-19283 -4343
-18996 -7805
9991 3584
7951 2541
-7283 -4644
11620 12116
-1877 -7506
-5936 9620
-6001 10247
-19345 1157
-19339 3128
6273 2067
-7822 -10548
13286 1257
20435 -6944
-2675 758
-13113 727
414 8723
-15984 -7846
18533 -8428
-9322 -2084
2477 -7100
-864 -7113
12117 -518
2305 3588
-14085 4162
7372 -5898
-4675 -3556
-11291 -4603
18536 2688
-20974 1232
5252 3166
-12058 4413
2704 4271
12030 1879
-12143 -4685
-4207 6434
-10820 6462
-6930 1214
8803 1663
-9194 -3406
-10785 -5610
5094 -3921
10832 -381
-7704 -3797
211 7492
13616 -3839
5671 -4894
-1144 3236
-11085 -3974
-2128 -5333
-14297 -3175
-5382 -7409
-4580 -8007
4892 6033
214 -2090
-10746 -861
8850 294
-1797 3050
352 905
-14447 -4987
5064 63
-8975 4790
-9778 4958
-15301 -5492
11049 407
14913 -2593
16370 8695
-6886 2689
-1225 8419
-15214 -6376
-378 -5810
-4656 3153
-892 7267
-7977 -3742
12690 7631
-11845 -6318
-16822 -2358
17560 2242
12099 278
-9636 -2321
-18589 -6789
14117 8349
7067 -6691
11595 -5468
9783 3160
13370 3926
-20499 -4905
6023 -8196
-1068 2304
14334 6031
-12042 -2527
16577 6709
8018 5169
-10055 -637
2642 2522
15039 8998
-8850 -2162
3421 -11023
16215 4102
1159 6584
-1094 -2920
-456 8208
17704 -10401
-5606 5358
6188 7126
-14341 -4232
-11856 221
12327 8205
-5392 -1187
-10513 -15435
-9727 10396
13493 -7855
-16305 -2004
13984 11550
10116 -8798
9505 -160
8753 9011
-6824 3149
23256 731
-1182 -12364
-10904 12431
-1756 -7387
21816 4147
16389 644
-14439 -1944
-2573 -10724
-6704 -2796
-369 5631
-5630 7857
5948 -1296
4912 -2024
15492 -2059
10882 -7867
-5989 5520
-22726 513
10015 -11328
11017 -21
-2820 10478
2248 921
5829 1453
6513 10630
-4627 -6399
-5240 12340
-12853 9825
-1347 -11718
2027 -2061
2461 -7738
189 -6032
1082 953
-7410 -3832
-20276 -6373
-20134 592
18117 -6922
1953 -1162
-8065 -2383
-8139 11474
3144 -13494
-7460 4768
311 -7524
-12625 -951
-5899 -2406
8040 -5123
-23410 -4128
2849 -4225
7578 1772
6387 3541
-3326 -13377
1433 -12266
-1432 2066
-8863 -391
-4950 3103
436 2244
-1159 -9216
-5235 740
-11539 -3550
-2301 2326
15620 194
10987 23
9177 1220
-3600 -7486
-5093 9706
-8562 3550
6838 8044
-931 10658
8898 -7646
-13037 362
2784 -12808
-9110 -6102
3866 8174
-3526 825
5829 6615
-10953 -2037
3127 11266
2661 -3324
8419 -4708
2715 2661
15214 880
4598 -1073
7701 -6382
-3773 -7825
-7650 -3739
9950 -5276
6544 11345
9905 -1453
12892 -2977
8012 -6944
1731 -5308
-3849 -3124
6759 14568
-8196 -13317
1730 2525
11187 -2821
-2450 1604
854 1085
5580 3298
-4801 10567
-272 2584
7728 1190
9646 -9710
-4547 -8386
-7222 -5410
11777 -1174
10252 -5613
-656 1476
-692 -12259
14097 -9142
-332 -3213
1388 11501
15680 1132
-7377 5919
-3628 -9177
4767 -2981
5075 608
18161 10206
115 -12844
7112 -4448
1481 6020
-727 1362
10616 8565
23383 -1116
-22368 -3931
-5285 -8377
-25681 -1960
-2275 721
-3238 5727
4504 -2333
110 -2672
-11658 -7591
2485 13710
-17865 -1187
-30999 1390
810 3206
-18524 6876
-20941 -4018
-12484 3884
-14530 10006
8908 37
-18714 460
-9836 -3305
5015 -1020
-218 -4518
3603 6527
13643 9709
5982 -2190
-12920 7583
-13499 11508
4969 680
-24460 -329
5753 -3363
-7806 -9060
18244 -9888
-1024 7775
5564 -6641
5110 9679
20827 -5376
-1163 -14548
7758 -5780
-12779 13457
7773 -5719
12406 1013
-2569 803
-10244 -4167
-9128 -3326
-3587 10564
-4066 300
17786 -11222
-7060 -664
-2967 -10398
1546 -2545
-15916 1484
10344 3043
17283 1880
-8245 -12594
16738 -5826
-2413 2016
5416 -4574
12916 -2235
-6480 93
12585 -6555
-1370 1765
-6868 -2818
1455 -6046
19437 -4473
4065 -9324
-17624 4496
-6874 2509
13477 -2721
13672 -4473
9471 6419
-7580 3069
11281 -6002
-9873 2503
5010 -5198
-7279 -435
-4256 -4041
12316 -4860
-10860 3316
20156 -5491
5003 3856
-12269 -801
1994 -7982
15030 -1622
-12577 4893
2184 3437
-17591 4257
-2992 -6666
142 -806
-10742 -5409
-860 5482
11525 7491
895 -7436
13695 -9159
4673 5642
10630 4421
13532 -1373
-16824 1855
3881 6104
16838 -3260
-14336 8996
350 9513
-189 -3595
-8675 4146
-14967 -1216
14292 -3056
10750 1550
-4477 -3574
-5983 688
1091 -324
11428 -5242
-6330 -5208
1549 -2517
14499 -10842
-11411 -235
-18185 3153
4864 77
17262 -6890
3325 -1615
-2910 11831
-8549 13864
-22889 4869
-11494 -12133
25707 -949
6622 6519
-10813 363
3467 -5990
594 13514
23793 -3150
-8290 1307
-12929 1745
-10485 -5877
8725 -10432
2421 3067
3036 3354
-9337 -6210
-3829 8982
8681 12983
2628 1413
-11235 14119
29230 -450
1957 -5341
-1476 -12623
-6959 10582
2470 1919
-5850 -4020
7592 7502
9268 -8655
-12952 -7712
1998 -1743
-18875 1762
6780 5557
3109 -3253
-2136 8805
16847 -1919
957 2860
-3535 -9894
-10546 -3290
-23827 1566
11848 -13626
-14231 -2743
1276 4756
15264 -3360
-4183 -2320
-7945 3573
-17570 6509
-9168 1827
8949 6917
3535 15314
18302 -1584
3318 -5655
-19002 7067
-6847 -2438
27092 -4025
-14679 9494
-6230 -2973
-8825 221
1205 -10685
22462 -6236
-896 7240
-19797 -11940
17668 127
1329 6905
-8837 8704
3604 -5200
3491 5353
5179 -7128
9049 -5790
-16004 -1592
-5924 5335
497 -14616
-6180 -4295
7828 2881
-16539 -1275
23711 4779
-19694 -521
-3069 9479
-2447 -7758
6535 5154
-3403 2294
3207 -14266
-2578 -14600
-1423 -11621
-3286 -8661
-2241 -6975
-950 -8379
1220 7526
-22237 901
-640 10591
1540 -1684
-7758 -4398
4511 2295
2848 -5738
2438 3986
-1376 4085
73 -6743
-1472 1681
-9174 -30
1018 7796
6093 -7716
-5043 3866
-788 -5683
3144 -942
2679 -4044
2462 9015
-935 -2848
1437 10366
11606 782
11339 3651
-5327 193
-1300 2503
2976 -1363
2060 3985
11136 3373
316 -9461
-2516 -15350
-473 7120
-1117 -5218
2198 8374
-105 1354
10549 6441
3511 -550
5749 -7501
-3809 6716
3908 -6176
8450 -1075
-12010 -4094
9222 13421
-17255 5117
-15531 -15713
5228 10635
3566 -11291
6518 -1561
-19599 -3876
2820 5498
-14073 11582
10374 6012
-15503 6435
-7201 -1517
-4881 -5211
16884 12743
718 2966
-15460 11658
3663 -2770
2349 3953
-7883 -7466
-23633 -3656
13544 3429
-1836 -9906
-12118 484
11445 3320
3786 -36
-7116 -13351
-5098 888
-18386 9547
7418 -8580
3176 -14092
10932 -1488
-4689 -1182
-14075 -3133
22746 -5713
15309 -3791
-10547 -689
11685 -1974
-18986 -3392
-3523 12732
-8930 10670
-149 -4305
-15278 6201
-16303 192
7004 613
-5085 10497
6748 -996
9827 1306
-15241 -4825
8745 -1128
-5796 -5403
-41 3804
-2029 3238
-4271 627
9744 273
8399 4824
4236 5012
12237 4442
-18265 -1227
2949 -1080
-10330 -998
2789 2299
-12126 3525
455 -8226
946 5539
7073 -70
4413 -5212
1013 -1782
4869 -2971
1661 -2482
-7001 -1920
11998 5398
-7323 -1613
1843 337
-6245 6318
-1746 -2006
-5407 182
-15948 1645
-1863 -2410
-157 -5509
-10550 1208
11748 -1459
5214 -5868
11871 2230
2086 6540
-11641 -6840
21375 7145
-7840 3938
3366 5469
13279 1504
13779 528
-9139 4149
-6474 3109
4499 -537
22036 5809
10986 -4892
-471 1945
11437 -522
-4396 -940
4302 -3108
-408 6606
-1568 -6253
2580 -5983
1808 -4095
6564 62
-4570 7113
-12630 -1176
3474 4165
-7457 -2770
-4460 -6867
-1012 -5886
-135 1198
8583 2582
-20493 -2710
9616 -5640
-10869 -3776
16154 11899
-7875 3053
7373 -5064
-5509 -1149
-17068 -6239
16173 11199
-3992 -1321
16527 9101
-5601 7472
-6185 -2336
-11393 2296
7179 3023
15183 3836
-8575 1033
-15606 4705
-5484 7641
-10261 -5288
-17396 4260
6037 -1089
22240 -2485
4851 -11195
-18762 12598
11715 2268
-27367 4705
-756 -1365
-4401 2285
10827 -12745
-7127 -6428
-4581 1236
312 7752
27369 -2050
-22961 -8208
16495 14672
-7468 8266
26622 -1289
2301 1924
-177 217
10391 -2380
2313 1946
16739 6705
8578 12559
-6668 -71
-18693 -1479
2495 7569
-2780 448
-1514 -9542
8407 900
-9423 830
-17116 -9352
610 1087
-4341 15058
8182 -8988
2940 -15927
13952 1072
-14106 7408
8385 -2271
16636 5214
16233 -248
7442 7179
6662 2066
5871 -2494
9761 2488
-16518 865
-5081 -3857
364 8128
1932 -5598
-303 7251
806 -6281
-9152 1174
-15216 -770
5486 -2863
-547 5256
2398 -8856
-5972 11605
-1861 -7277
13646 2407
-8384 1642
-892 1144
840 -5601
5053 5343
1327 9029
-2284 3932
4287 -7802
-8080 8202
5667 -740
-128 4480
10052 -2416
5286 -6728
-9559 8198
2586 977
2061 1246
-1098 -4055
-2344 7796
-3027 -8503
-8962 -5281
6791 -6444
4179 188
5624 -2949
12824 -311
11958 -4385
3592 -1765
4093 785
1451 -8141
-6981 -2744
-4676 -11198
1350 -7649
8202 -5826
-79 -6809
1895 4158
5073 -5480
-4429 9131
652 2668
7251 3477
-938 7001
-4390 4121
-868 -7630
7352 -493
-9691 -3975
13256 5827
-3046 13680
6827 -1003
-6921 -9173
6579 -4055
-1991 -680
-9336 4664
-2844 7897
9169 6836
2898 -4603
7712 1302
1739 11397
-3376 -3807
-4582 5705
9093 -4861
-4149 810
-16779 -3145
2059 11041
4553 -2101
7130 2853
-15508 -687
-1751 11378
-6900 -4910
-673 -5203
-4768 1535
8596 4969
-3194 726
-8731 11039
-11933 4230
5085 378
-18456 -9834
15984 -8842
22980 6823
-10526 7989
1195 -8275
-8182 5896
-1068 4308
6929 -4280
-406 291
10436 -12340
-15078 13250
10934 6585
14635 4981
289 -9174
-2352 4487
-20938 -4099
-3064 -315
-2508 6884
-6166 10062
9911 -2199
-4911 1307
-1806 -11775
-16057 8724
-7052 -7913
351 12886
-7842 -12864
-13026 -3279
17369 6017
-6428 1976
-8399 5242
-12410 3023
509 9630
-13347 -8138
14195 241
4680 -7055
-5555 -2312
-10842 -11502
9382 7822
7225 7384
-15356 -10675
16551 3088
11394 501
-6827 1648
4016 -6968
-5955 6757
3321 -3672
-383 3608
-15769 13417
-9060 -2543
10673 -5175
12588 -3066
4167 4219
-9322 11404
-7362 8469
3378 3992
21951 -1730
2381 2662
6893 7565
-8168 7630
-14688 2139
-8240 3090
9113 2959
990 -1880
11883 -4153
-21426 -451
4018 2814
-5221 -7298
17797 -8410
-1627 6627
-4546 -3954
10994 -1741
-10215 7029
10982 -6608
7046 -152
-21674 6517
4638 5821
17747 -3059
-10367 -5043
13136 -7169
7331 -7564
11611 -3247
19805 -4627
-18368 4462
3856 -2175
-2286 7777
11244 -6640
3530 -6303
-3595 5824
-9117 4830
-9645 -1257
2231 -6307
-3552 -5467
-12266 -2195
22733 -5466
8282 -1469
-7311 -2530
-20301 3466
3607 -2390
10692 -2145
11381 -6328
-9131 513
21857 -2095
12404 -1960
-6465 3147
-10950 -2650
-3763 9356
-15035 3678
4860 2693
23 3877
-5453 3587
9657 2302
885 4377
9375 -5096
-17292 7617
9884 6207
10867 3968
3560 -2579
-1869 4313
14289 9248
-890 -9002
5602 3969
-2768 -1133
-11427 5112
-746 678
10982 2245
-14378 -5693
10628 -3861
14048 12118
-6994 -12117
-20091 -2048
11970 2064
-1603 9259
5570 -822
-15981 -233
9517 9209
-5316 126
-22287 -624
-9575 -14247
-18722 -12272
-6324 11921
-5955 -5074
-9503 -4405
-19583 -70
10365 11006
-1305 -3952
-12404 -196
20214 1215
-4376 -2019
13052 -3943
-11413 -10735
7245 -402
-14683 -6301
9165 -15742
17356 88
-5097 -14837
-27368 -545
-12593 -1818
-797 5751
-5442 3470
13801 12205
-3787 -1980
11552 -3296
-11828 -10235
21340 -1355
-14802 -2370
-5082 -1097
4301 -4157
10022 2475
15775 9105
12337 6780
5016 3497
-5090 -4096
18940 -2613
-12620 7937
-6854 -419
6285 -825
-24225 -1501
25532 -3581
14726 -5271
-21275 5485
-511 5620
17500 -3442
91 1134
10366 -3786
18212 512
-8230 -4337
-7602 4236
-2328 -2449
-21478 6375
6666 -144
-7871 873
-6838 -312
-220 -6378
19156 1492
7753 -2361
-21113 -107
-21170 -6779
-6438 -1683
121 6548
-23691 1138
-1988 2164
4059 10390
546 13705
20333 -2786
-7548 5677
804 -11968
-3234 4731
1643 2844
-887 -310
-4790 -9279
1500 792
-5594 4357
3933 -7989
4083 -7615
961 2228
3078 4448
5035 1848
17891 878
4 5126
-25076 -863
2211 4239
3217 -9908
-23826 -8015
22251 -2234
19475 6941
-1626 931
10086 5892
6357 80
3669 -525
226 -10246
-5818 -6055
26364 4415
-1416 -901
-9555 -683
-484 -12665
-25001 2770
24021 6308
2918 -5388
4876 -6768
17431 -2961
-3029 -12963
5006 -5916
-4890 -6140
4521 -15138
-501 864
-2170 13005
1298 6274
5094 6030
8908 -8860
5329 12586
2279 -9424
-705 3218
12345 -9954
14915 -5448
-14839 -11997
-1794 2063
14381 3431
-13543 -9525
-16930 -11429
-9718 1221
-21870 709
15775 13880
-19958 -5573
6410 2302
-902 1196
1929 9199
-5502 4446
-2895 -9908
1733 2849
20291 280
1482 -10063
-8817 13183
7887 12251
2587 -2320
14638 -4311
10210 -9692
20635 -4074
10949 -10557
4969 4881
-3547 981
-1558 -1703
-13707 3935
-27301 3668
8531 -11000
-3747 -6741
13802 -13518
-5284 8359
56 -2452
-17667 -2012
-7227 -6184
-1003 10191
-59 -13251
-6572 -14491
10173 -9753
2082 12064
892 3182
-14639 -4175
23607 -1302
8192 -6838
-22022 -3556
-10122 -6447
-22743 -3232
-2109 839
4331 -8128
-6211 -9272
-13554 -357
-6043 7390
8220 11656
629 3744
-18492 -2396
-15227 -1969
-15262 -2208
13011 3276
4271 -6027
-5594 2524
8898 -1834
404 -4418
3542 -4199
3211 9133
5925 -6020
19887 3186
19508 3452
-5577 5920
7509 1777
7922 5629
-7464 -3919
13923 -978
-7008 9310
16176 1849
-1294 2373
-1070 3847
-10097 -2090
9740 -3194
22095 6336
-15532 244
23858 8603
369 -5194
-4201 -7647
4293 -2758
9627 4545
13258 3308
16269 5529
2433 3445
-14933 -6024
-899 4623
-14560 2911
2926 -8295
-1866 2437
5761 -509
-14750 -2609
-9507 -1197
-3286 7714
-16303 -4968
9414 8043
-7015 2069
-2154 6435
-4424 2032
-9135 -1698
6032 423
5831 8476
-13355 -4386
-15520 -5422
-4828 9791
-3674 -268
-1634 1506
5010 -758
10250 -1736
-4346 7780
235 -10039
6988 -3522
15305 2546
-10755 -9780
9934 -10324
-18591 8875
17678 -7584
22575 2062
-3810 -3211
6685 -4959
1450 3617
11759 -7514
-1554 -6929
2106 -7237
7327 -4373
-3441 5191
-11974 -14042
17780 10364
21840 -5837
7781 -5819
-10713 -10630
7268 -10121
989 -1370
-2254 -6668
10934 -6748
17719 -9078
-19747 -1639
-9173 -6638
3556 -4410
3152 -1694
3618 -14180
11810 -10988
-7834 391
20507 -5619
-7085 -8935
-6414 2402
13549 -13025
-2924 -11028
-23415 4671
1383 7630
11652 -4680
-5171 -9472
27703 -3402
20482 -5379
-3017 -2420
-2018 109
4622 -3395
-11527 226
-13462 11335
6693 14104
-3275 9361
-2803 -620
6596 5807
3663 3797
18235 8965
-2181 -11921
13083 3059
1714 10142
8628 2865
-14535 -853
-5589 132
-2568 7292
10396 -9422
23940 5610
-8791 -5481
7689 -5436
-12433 10369
-7800 9453
6700 -5229
15762 7310
9780 -4990
3641 -3473
-844 -6746
263 -5075
5245 9574
-1102 -2801
-10994 2500
-457 4175
-5999 -7179
3068 178
-4435 325
11380 3268
-679 10719
-3607 -11684
3429 3473
1424 -9445
3530 1997
916 2614
1614 253
8519 975
4245 3794
2029 9319
-9267 -455
13210 1403
-1456 10744
-4647 -10026
-915 -1378
5925 7988
4991 2499
1375 -9328
-7142 7098
1183 -11496
3909 -3088
-11121 3973
-4573 5265
7868 8460
-6027 -777
893 -397
653 4923
5990 -1974
856 -12672
5491 -9640
4286 4922
1543 -425
-185 -9635
-8936 -3240
1361 8349
3473 1786
9321 -4769
5070 8418
1497 -3968
-14190 882
6442 2904
19122 -2815
1144 3717
4003 9133
-3013 -6126
-24188 5871
-21940 -1067
-24288 7012
4782 -5247
-6461 -9854
7398 5417
-4994 9577
11728 13717
2877 1530
8228 -2457
-3829 -7371
-14521 6738
5488 3548
-2066 -7181
7804 -7404
-4197 12158
-18972 -4812
5728 2355
3058 -2504
13611 8975
-2432 -408
-9711 8674
-1550 -2249
5808 8967
2608 -1184
1891 -3722
-5937 -11732
4733 -1875
8138 -9550
-2824 -3117
-14417 13502
10136 9463
-608 9125
-11129 6284
10206 -11922
-17641 -9318
12324 -1707
10958 -6761
-12915 -2156
18603 3944
-20051 -2105
-7327 -7168
11019 4862
-13917 -3131
7006 -2470
7672 -2823
8132 -8120
9933 11743
21509 945
10495 -8702
18494 9370
2788 -3209
5811 -4918
13734 5097
4134 5802
-12903 -2026
-11980 4853
-2693 -6766
12283 -7367
16089 600
14304 -11020
-4417 724
-6171 -7197
-11484 -1197
1108 -4993
-248 -2839
-4425 1760
-816 5517
-11642 4326
-11300 -1189
-148 10005
-9692 3349
13837 1933
21553 -8484
1452 8450
2788 5247
3660 1200
-4694 5109
21012 307
-11272 5785
12713 -7645
-3740 7961
-12797 -4493
24581 -4238
-15989 4063
6303 -3568
4667 -8711
22138 -8124
16334 -399
16714 -4410
-7508 2842
-21023 6614
-1252 -1064
-11827 6253
16403 -4258
-7523 -4107
-10250 1436
-10573 3299
-10958 4182
-12524 -2140
8918 -3219
12870 926
1075 4521
2826 6615
12429 2206
8796 -6898
-9786 -4079
-9536 7478
-4980 -1781
-4863 -1503
-13030 8834
-7657 7508
-4348 -817
11062 -3188
8296 3542
16706 -9055
-10329 -1802
-4339 -5706
-491 376
10190 -762
7988 -6344
9814 65
13554 -8385
-15401 5167
6240 -12016
1404 -8785
12300 1931
-2634 4812
4736 5479
-5162 -4559
2009 -7483
-3024 5316
-332 12232
11043 -2290
23017 4057
7325 -1386
22572 2424
7093 12926
-4338 -3908
-3244 392
14608 -264
-21392 7208
5256 3382
15039 -4416
14039 -15945
17467 11460
-11871 11599
-8500 -1456
-6590 -9274
-4887 -1992
10331 9135
1340 80
9233 11097
756 8618
16887 2756
-18153 -5050
-20536 264
2560 -10309
-12746 -1414
-1386 -4649
-11965 2650
12302 1522
22048 2038
-3911 13971
-173 -5076
-3494 -9668
-10275 972
20773 2215
9553 9471
16663 5606
12137 2262
4359 -14185
8723 11064
-1895 8711
-8029 1844
10831 -1656
-13432 -2307
19442 -3395
-20131 4125
375 -9417
2279 -10008
-12506 -6206
9225 11539
-1914 3595
-3061 9668
-2767 -8149
-12053 10630
5325 10603
-11810 -11039
24028 5983
3298 14406
-185 -5745
-8606 -14803
-18622 3737
-6250 10159
-6836 -979
11855 1902
-441 2386
-3558 7364
23605 -7028
-6710 -6734
-10985 -7635
-21644 -2895
-6440 -11888
-6381 -5131
-2512 -994
-4130 -7865
-8389 8229
-4535 -730
5895 -194
20159 -2751
-2436 7046
-15982 2825
-1779 -13677
1232 -1439
414 9458
3806 -8857
23131 -5921
-20944 4058
-938 8582
3669 -9638
-22316 1167
-19767 837
-23201 -1113
-4498 -10340
-6192 3549
1297 7719
-21299 -3096
5502 -2167
-4520 679
-2445 11595
-22556 -3420
-2063 -3472
4318 -8363
-3524 9353
-6885 6606
8052 -6680
0 -5869
-18341 1606
-22848 -7620
460 4537
5423 -3458
7792 -8865
5291 -2284
22530 4962
21117 5999
-16093 4358
25336 607
-17473 -5307
4019 -1288
-8621 -3644
21500 3056
5257 -1179
4626 -12885
-6386 905
1209 -79
5466 6330
-4169 2780
3133 -8498
1139 12798
4208 1394
4523 9182
24941 2951
20358 976
-10417 -3489
-934 -14369
-2952 -10450
14016 4044
-20572 6182
22621 3924
-3740 3266
-9419 -7954
-12088 -5461
-16174 -9233
7494 -3085
-24149 -5176
7535 3140
8483 10183
-16547 -2455
-1578 9073
-23289 4066
10147 -4461
-12308 -8942
18273 3402
-10930 12527
3465 -6706
3474 -2670
5906 -4617
194 10391
-10632 -9299
12280 13784
-13405 -3499
-11254 -8269
4110 -6248
119 -14207
-10568 1569
19311 -569
-14629 -13668
-9110 165
9160 -12283
18480 -2090
-16788 -5601
-7878 -4016
-6860 6331
-12613 8567
23773 -2155
17005 -5566
2108 6458
-13147 -5999
2749 -9299
-13013 4817
-17998 -423
17486 3861
-2085 -7903
-6700 -9126
7729 -5696
6204 -1761
-14760 318
21589 -3327
-11210 -7678
3109 12973
-6358 8520
-16427 -533
-13582 1913
-10560 -7490
7680 -2259
-10390 -6373
-1319 4199
9771 4889
9454 -10893
2593 -3686
-12443 -7297
1776 -10514
-10715 1085
6560 6694
-9799 3202
10336 -2786
-5334 -5986
-4710 -2001
22215 1647
-2841 -2036
7367 -3351
-14008 -7579
-4986 -7187
-12834 5577
10179 2487
-3165 -9280
7939 -3030
-66 7063
-831 808
-11345 -8338
-1240 3219
-17115 -1857
-15582 -6863
-5867 1314
-2388 5284
-264 5970
-7353 -7055
9347 6000
-7242 -2840
9652 149
-16776 -4416
14262 6269
1902 -3865
-4151 -4197
19447 649
16537 2571
13857 6916
1196 6407
9794 5075
18399 7538
16810 1605
-15244 -4363
11189 9953
5568 871
-4741 150
-18571 -4441
-108 -7927
15944 2091
1392 4415
-22140 -6646
-8283 2397
19358 9136
27880 3381
8834 -2660
11591 100
200 7482
-1122 226
-22231 1351
-6554 816
16714 -11433
6022 -5704
-13243 -534
-6181 -11847
-7274 10283
2244 1892
-6850 -11760
-14618 -7442
-15437 15872
14321 1427
-6129 6772
-12404 -7383
3736 12368
2831 -3858
3036 -4217
-3848 1829
-14041 -14840
1460 -4298
-10636 -6006
-10090 5874
7947 8676
-25932 303
11258 -4629
-14716 -6092
-3955 -13484
1585 -2886
2419 -10234
-812 280
7476 -1449
-12119 5516
-20845 240
-15086 -1112
12238 5580
16001 -9642
-4470 -553
-16372 -15243
-17827 5231
3956 2855
-2088 5787
-14862 7445
1914 3889
-8493 7843
367 -6768
4367 -311
3499 2423
14611 -2001
846 -999
-3886 -2533
7904 -13079
-16166 13227
-9052 11699
13852 -11820
13586 8881
-331 1929
-15418 -9488
1650 12870
1094 5763
-6023 -7057
20777 6072
-2631 -6061
-14953 -1575
672 4935
-7647 -9503
9570 3204
16092 -723
-10239 -6617
-6939 1442
6079 -9589
-3617 -6350
3879 -3996
4503 -5594
-4382 -10445
-1692 -4915
-14409 1508
-2403 -2887
4423 4152
-583 -4625
220 -5627
-5040 3225
7943 -8158
14628 3405
4131 2823
7985 -410
4829 -4204
-6315 -11770
2076 9774
11417 123
681 -5887
11158 1012
6329 -2568
850 -12967
10627 -2698
-2730 -7641
5127 -9023
-8473 4748
2302 -8067
-1246 12713
3770 -10289
7706 -4813
-10042 -112
5601 -5512
2632 -12161
-8612 453
973 9578
5260 -4246
-3307 7502
4015 -1194
2342 9882
-160 -11705
6682 3894
-9370 3527
13760 2210
-21607 3324
356 -2552
2661 1467
9832 7365
39 -9286
978 -10425
4159 -3052
-8732 7213
2179 8448
6361 -4717
13793 -7706
8588 1092
6132 -3316
1423 1891
-6750 4963
17360 1795
3243 -7729
-13442 -5602
-6414 10755
12520 -9267
2145 -5742
12541 -8487
19167 -4230
3545 1840
-2613 8853
1888 -163
13450 5430
-11303 -203
-14777 16121
-9864 -5418
-3327 -8038
3024 4798
3633 -8964
18029 -4362
-18680 2876
19501 -824
-15742 4851
7045 5001
13498 6008
-22214 6019
25894 -6274
-4448 -832
-15380 -391
22726 291
14714 4563
1972 2431
-14622 -15388
12343 1440
21332 -81
14619 -8561
-1067 2558
-7431 -1477
-19641 -5977
-1987 -14740
13147 -4460
-9985 -1658
-3613 1195
-8219 7596
11343 5188
24976 -1675
3994 -10261
-11171 896
-19027 -7961
-11966 11678
4829 -13075
-26919 4567
14264 6011
-8418 -4242
15110 -12225
18489 -10292
-10418 1225
-14762 6528
10277 -4078
-5367 6015
14540 -1296
17755 5630
3309 1282
-22470 3450
-2272 2417
-18177 308
13771 3460
17790 -5494
7763 -11641
-13817 59
7274 6088
-9330 -7109
12786 -306
-6743 -2511
7938 -6870
16496 -5376
-9332 -9514
7193 -5210
-17360 4431
-1281 -3287
-2578 -2311
9919 7645
-1206 2800
17718 -4045
4329 -5549
-2811 -6803
-3426 -1390
-2284 -2280
18092 -3415
-6711 5700
11484 -768
7054 4762
14604 -4426
-15381 6577
-3394 5193
