28119 0
12730 0
22174 0
21245 0
23257 0
26755 0
21429 0
11746 0
24326 0
11147 0
10611 0
9055 0
14892 0
25342 0
21368 0
24841 0
28241 0
25700 0
19491 0
24401 0
26533 0
18455 0
6449 0
5745 0
25002 0
15687 0
23347 0
16814 0
24083 0
28672 0
16305 0
25697 0
14351 0
20708 0
28042 0
24108 0
27639 0
19765 0
25056 0
27496 0
9816 0
27894 0
24158 0
16365 0
21147 0
12765 0
23011 0
8329 0
27152 0
20377 0
27916 0
20864 0
25515 0
23895 0
17815 0
24031 0
22825 0
22989 0
28552 0
18564 0
26930 0
13150 0
20050 0
4808 0
24369 0
22239 0
23293 0
18955 0
25487 0
3965 0
23276 0
18294 0
26509 0
21763 0
19606 0
25862 0
8277 0
24174 0
21009 0
20957 0
18935 0
23008 0
9020 0
27238 0
23703 0
18255 0
15939 0
23670 0
27265 0
19591 0
28123 0
19306 0
22567 0
26881 0
10927 0
19473 0
21175 0
14254 0
10367 0
21589 0
13950 0
23134 0
16446 0
17285 0
15370 0
12471 0
26670 0
5914 0
22066 0
24112 0
20842 0
19676 0
25861 0
16709 0
9520 0
12545 0
14747 0
21673 0
18768 0
14753 0
28504 0
26117 0
27911 0
12066 0
16633 0
27698 0
25044 0
18542 0
16874 0
22215 0
27288 0
20777 0
11768 0
23926 0
26261 0
24381 0
25328 0
26631 0
18497 0
17758 0
26969 0
19979 0
27139 0
16141 0
9395 0
3261 0
27343 0
9255 0
16865 0
28409 0
28196 0
20026 0
26686 0
20565 0
18174 0
9307 0
25877 0
21547 0
16297 0
20131 0
25927 0
26284 0
16047 0
16095 0
15061 0
13296 0
25690 0
27132 0
23664 0
26583 0
27025 0
28252 0
5863 0
21081 0
27016 0
10640 0
19410 0
27008 0
9937 0
8971 0
10846 0
16356 0
22229 0
15185 0
17229 0
10787 0
25424 0
24107 0
14204 0
20395 0
28672 0
7879 0
19393 0
18054 0
26938 0
23610 0
14490 0
5313 0
26502 0
27210 0
28227 0
27831 0
16073 0
28036 0
23564 0
21239 0
22483 0
26368 0
12879 0
26984 0
8341 0
4928 0
13506 0
24338 0
12626 0
19119 0
19537 0
16153 0
20342 0
22792 0
17627 0
21294 0
22675 0
26790 0
25487 0
13146 0
14604 0
16422 0
27661 0
18284 0
14180 0
28672 0
11823 0
19159 0
28313 0
21068 0
25517 0
28672 0
8913 0
19069 0
25189 0
28091 0
19765 0
19598 0
15743 0
25893 0
11599 0
12837 0
23600 0
5400 0
21222 0
12474 0
20262 0
11341 0
23537 0
20810 0
17236 0
22124 0
28252 0
11302 0
21236 0
10441 0
27746 0
26807 0
24788 0
25713 0
27628 0
10647 0
13139 0
21121 0
19964 0
21405 0
19944 0
17554 0
10588 0
24051 0
25694 0
17547 0
25256 0
23275 0
16026 0
21140 0
25629 0
15848 0
25984 0
16483 0
22013 0
7696 0
22236 0
18207 0
22266 0
23215 0
23408 0
8780 0
24122 0
20631 0
17773 0
16238 0
14816 0
14920 0
25655 0
18313 0
19278 0
16499 0
14686 0
18165 0
13911 0
21112 0
23410 0
14985 0
25669 0
19169 0
22701 0
27293 0
8721 0
12738 0
22049 0
19495 0
17955 0
22358 0
27923 0
15346 0
21068 0
23481 0
22711 0
5438 0
27578 0
7153 0
20747 0
13191 0
27900 0
24241 0
22603 0
20955 0
27122 0
26700 0
23482 0
19715 0
19854 0
20281 0
14476 0
17447 0
15854 0
9694 0
13888 0
17370 0
26313 0
18095 0
11545 0
5554 0
25238 0
24712 0
25411 0
8731 0
16329 0
1926 0
19732 0
26230 0
20718 0
13734 0
22597 0
28347 0
18275 0
17731 0
8904 0
22440 0
26072 0
28359 0
18879 0
23163 0
15335 0
26068 0
17597 0
22677 0
27361 0
22264 0
22232 0
12185 0
24612 0
14664 0
6918 0
27449 0
16497 0
14521 0
16185 0
27611 0
22696 0
12926 0
24902 0
22429 0
17855 0
21352 0
22860 0
21021 0
28575 0
14911 0
23006 0
12227 0
22600 0
28672 0
26215 0
28311 0
24805 0
28672 0
19263 0
22210 0
5516 0
25055 0
22890 0
26219 0
14049 0
27165 0
27700 0
16093 0
26309 0
24546 0
26497 0
26693 0
14132 0
25631 0
27533 0
23521 0
25547 0
24440 0
19425 0
26271 0
21217 0
26562 0
21496 0
25924 0
24808 0
24376 0
26411 0
17382 0
23325 0
24792 0
11781 0
17021 0
13575 0
23611 0
16952 0
11719 0
16963 0
25831 0
13012 0
11239 0
26271 0
15767 0
27896 0
26831 0
28005 0
21031 0
21372 0
21238 0
26514 0
10177 0
13048 0
13726 0
22809 0
8835 0
17558 0
12686 0
4130 0
25673 0
18644 0
26909 0
4563 0
28045 0
27169 0
21238 0
25448 0
18963 0
28095 0
8866 0
24692 0
23417 0
22763 0
24052 0
6406 0
11577 0
5404 0
13262 0
13443 0
7316 0
22834 0
27713 0
20752 0
13640 0
18130 0
19593 0
19986 0
25102 0
5871 0
14952 0
14946 0
18399 0
22666 0
26097 0
21822 0
23981 0
25813 0
23391 0
18146 0
24661 0
16711 0
19141 0
11484 0
26377 0
8489 0
26299 0
11737 0
24191 0
25640 0
27254 0
16295 0
9373 0
28533 0
25164 0
27827 0
2898 0
18618 0
16565 0
13143 0
19177 0
22624 0
25170 0
21643 0
25055 0
19602 0
22420 0
22241 0
18612 0
27046 0
28413 0
23570 0
25063 0
12101 0
26061 0
28672 0
24290 0
22622 0
24692 0
17548 0
11430 0
23797 0
26667 0
22946 0
22474 0
26770 0
25362 0
23303 0
26555 0
27433 0
24248 0
24844 0
24385 0
14328 0
19680 0
19182 0
18354 0
14014 0
28118 0
22524 0
25919 0
10747 0
26894 0
13564 0
22950 0
23798 0
15214 0
21063 0
24238 0
21220 0
20037 0
17482 0
24723 0
17963 0
21427 0
16866 0
22453 0
13622 0
5243 0
9637 0
25247 0
25139 0
12757 0
21662 0
15793 0
5139 0
23553 0
26236 0
22089 0
5208 0
23658 0
19495 0
19857 0
28457 0
19804 0
12940 0
12174 0
20782 0
28160 0
22976 0
25021 0
12102 0
7715 0
28672 0
19180 0
15408 0
23338 0
20113 0
28020 0
26592 0
25221 0
16246 0
20351 0
11098 0
5480 0
28444 0
19107 0
14683 0
14079 0
20209 0
25445 0
28225 0
23370 0
19867 0
15465 0
27244 0
25606 0
18599 0
15157 0
28301 0
27910 0
19462 0
26166 0
28482 0
13322 0
21286 0
20566 0
25418 0
28022 0
5675 0
8468 0
14348 0
23782 0
16018 0
27367 0
20656 0
23176 0
27654 0
14319 0
23335 0
25227 0
6506 0
22288 0
24012 0
20982 0
25491 0
26561 0
22275 0
27917 0
8499 0
16610 0
18907 0
23386 0
19329 0
26618 0
11603 0
28672 0
20769 0
24728 0
21805 0
26670 0
24227 0
24397 0
27488 0
14323 0
22208 0
13490 0
24363 0
24358 0
9813 0
11291 0
11595 0
19537 0
23758 0
25094 0
20690 0
27212 0
8524 0
26703 0
24127 0
24525 0
26981 0
19589 0
21700 0
22267 0
17187 0
12395 0
25761 0
26643 0
27057 0
5533 0
23758 0
28600 0
24160 0
9518 0
10176 0
21154 0
27625 0
4226 0
19743 0
23211 0
24730 0
13541 0
26082 0
22216 0
23740 0
8185 0
25270 0
12102 0
27564 0
25825 0
26698 0
28210 0
19711 0
25209 0
27167 0
17972 0
16920 0
25074 0
23093 0
19858 0
14218 0
19132 0
11419 0
10714 0
4971 0
24766 0
12516 0
15208 0
5664 0
18333 0
25206 0
21142 0
20416 0
27231 0
4795 0
6908 0
24703 0
15851 0
14626 0
15060 0
20915 0
16847 0
23337 0
18774 0
18611 0
23394 0
18448 0
8489 0
18494 0
19579 0
26656 0
26345 0
22340 0
14815 0
18322 0
20611 0
20380 0
20036 0
21036 0
3558 0
13521 0
10638 0
24963 0
21591 0
28294 0
15401 0
26644 0
20947 0
25219 0
24010 0
24569 0
26940 0
16662 0
22750 0
25865 0
21913 0
25925 0
24629 0
27575 0
9694 0
8177 0
24452 0
15253 0
13552 0
12808 0
11206 0
19202 0
1606 0
7967 0
15632 0
10233 0
24956 0
12049 0
26489 0
10857 0
9680 0
14803 0
24490 0
13521 0
14598 0
2905 0
10659 0
23702 0
15823 0
20579 0
13993 0
24314 0
20417 0
18909 0
18557 0
22678 0
12695 0
28672 0
26349 0
19936 0
4761 0
25912 0
25322 0
27937 0
27262 0
25858 0
28022 0
26460 0
25011 0
28414 0
27385 0
10641 0
26323 0
15454 0
8899 0
26126 0
13366 0
26012 0
19804 0
19622 0
21582 0
9446 0
14147 0
22849 0
24664 0
24770 0
22177 0
13443 0
26261 0
25960 0
18975 0
9328 0
23793 0
9840 0
22433 0
14506 0
20832 0
26493 0
22420 0
13357 0
23930 0
10476 0
27976 0
13006 0
28500 0
28672 0
17404 0
19561 0
27389 0
25515 0
8727 0
27141 0
28322 0
15993 0
25228 0
27695 0
10316 0
22344 0
17298 0
11557 0
20493 0
24124 0
21602 0
24237 0
24177 0
5696 0
24194 0
27167 0
6673 0
13433 0
24388 0
4501 0
16751 0
27138 0
21568 0
14973 0
11425 0
10228 0
23752 0
14395 0
13059 0
25311 0
24155 0
27993 0
18191 0
22360 0
14222 0
19477 0
27645 0
8177 0
22610 0
16072 0
20387 0
13634 0
24739 0
16539 0
17021 0
20327 0
11656 0
11955 0
26978 0
25156 0
9557 0
23100 0
27672 0
26286 0
14565 0
19073 0
17521 0
20646 0
24721 0
26727 0
25130 0
26907 0
21753 0
17960 0
27114 0
20679 0
17535 0
23282 0
26626 0
25174 0
8575 0
20067 0
23625 0
16779 0
16529 0
22184 0
11026 0
27818 0
21784 0
13419 0
21909 0
9497 0
11727 0
28532 0
22734 0
22056 0
21411 0
12075 0
17805 0
28628 0
28425 0
23611 0
16317 0
28477 0
4053 0
22184 0
20687 0
18107 0
24417 0
19238 0
27024 0
23216 0
11662 0
25672 0
26106 0
14171 0
25844 0
28201 0
23919 0
21777 0
28062 0
26951 0
16908 0
14212 0
26806 0
28672 0
28065 0
17126 0
8924 0
16273 0
25156 0
19695 0
13132 0
8302 0
17234 0
9868 0
24044 0
25832 0
15946 0
16858 0
25789 0
15636 0
16410 0
9896 0
20656 0
19363 0
27482 0
22197 0
26248 0
24616 0
16768 0
7283 0
12344 0
10328 0
22458 0
6098 0
8974 0
25993 0
27977 0
16973 0
5663 0
21116 0
13839 0
26878 0
28672 0
15759 0
18361 0
27649 0
14352 0
14959 0
7663 0
17185 0
28407 0
25074 0
24955 0
23385 0
22938 0
4067 0
14046 0
24773 0
25923 0
18736 0
13691 0
20733 0
23190 0
10838 0
20342 0
24010 0
25217 0
26747 0
24395 0
24640 0
14056 0
25457 0
25746 0
23666 0
12938 0
25372 0
6055 0
23919 0
8580 0
10771 0
26820 0
17109 0
20797 0
10876 0
24532 0
21657 0
24898 0
8578 0
20664 0
15466 0
12226 0
24686 0
14833 0
11403 0
16292 0
25673 0
14013 0
22219 0
9058 0
21237 0
12072 0
7865 0
20015 0
24956 0
11372 0
22100 0
16882 0
2843 0
14451 0
20589 0
26614 0
26040 0
18405 0
12587 0
26047 0
22664 0
28212 0
24197 0
9436 0
19416 0
8596 0
14596 0
17617 0
13510 0
6866 0
27980 0
28110 0
22901 0
22659 0
26820 0
10360 0
17940 0
18030 0
26677 0
20723 0
23040 0
19981 0
25240 0
28337 0
10174 0
20218 0
19780 0
27180 0
27784 0
13105 0
21447 0
20034 0
13103 0
11449 0
16843 0
23908 0
22796 0
25399 0
9876 0
27592 0
28672 0
14367 0
20887 0
15714 0
4212 0
20684 0
25696 0
20049 0
5669 0
21630 0
23100 0
24990 0
17922 0
19644 0
10118 0
24754 0
26707 0
26872 0
16409 0
11388 0
15125 0
21997 0
6842 0
22074 0
18526 0
19632 0
26718 0
24088 0
23693 0
17289 0
27573 0
22879 0
27327 0
26367 0
24390 0
15078 0
21731 0
4667 0
20542 0
26962 0
12193 0
18839 0
21088 0
26371 0
17445 0
14022 0
2536 0
17200 0
20247 0
22849 0
18450 0
28199 0
27523 0
18617 0
19235 0
27262 0
13124 0
22464 0
23351 0
18869 0
18279 0
16192 0
17529 0
23048 0
23407 0
5054 0
25393 0
11551 0
12173 0
8663 0
10873 0
21467 0
21112 0
17847 0
14567 0
18664 0
23394 0
27320 0
15671 0
20725 0
26021 0
25642 0
28035 0
26436 0
7441 0
18189 0
9320 0
27610 0
10871 0
17752 0
10763 0
10635 0
18594 0
10682 0
18376 0
18041 0
6839 0
18869 0
19285 0
24968 0
26093 0
25750 0
20771 0
497 0
16057 0
23066 0
17382 0
14978 0
23589 0
20235 0
20445 0
26922 0
27710 0
18130 0
12623 0
26920 0
19101 0
18971 0
26535 0
25074 0
22256 0
27409 0
15542 0
15503 0
27330 0
17835 0
27236 0
16289 0
26396 0
14695 0
4775 0
24441 0
20025 0
28143 0
10482 0
17185 0
12611 0
28112 0
25612 0
18069 0
25982 0
25610 0
25006 0
12110 0
26112 0
22713 0
25966 0
22837 0
2889 0
27190 0
13471 0
15845 0
7786 0
26484 0
12190 0
26172 0
27414 0
24173 0
17864 0
20616 0
10584 0
3017 0
21749 0
26338 0
16538 0
5322 0
25199 0
14805 0
28301 0
28322 0
13733 0
10304 0
16159 0
25366 0
16098 0
2576 0
23043 0
16927 0
28114 0
13644 0
23140 0
27285 0
19695 0
16892 0
10280 0
24014 0
12841 0
11741 0
17199 0
27645 0
27928 0
24589 0
17332 0
24066 0
24731 0
22017 0
13727 0
8856 0
19950 0
14161 0
14100 0
9681 0
6567 0
11387 0
10899 0
22502 0
18560 0
16626 0
24966 0
26300 0
27380 0
28219 0
23236 0
12935 0
23179 0
23756 0
14583 0
10228 0
21954 0
8031 0
20088 0
25675 0
21496 0
28671 0
25709 0
25394 0
21218 0
13370 0
21214 0
5308 0
19576 0
18029 0
16118 0
12054 0
15381 0
27055 0
7921 0
1372 0
18798 0
17234 0
25665 0
18817 0
22628 0
19299 0
27548 0
27087 0
26723 0
3470 0
15615 0
19600 0
20708 0
19192 0
5250 0
12009 0
15833 0
28252 0
14746 0
11322 0
12696 0
24309 0
19188 0
15506 0
13909 0
20525 0
15244 0
20275 0
18687 0
22443 0
18141 0
4834 0
28594 0
6902 0
11222 0
18462 0
21432 0
18599 0
10815 0
26535 0
10978 0
10555 0
16226 0
7278 0
19694 0
28469 0
19841 0
26796 0
22984 0
6442 0
23250 0
13790 0
5978 0
17570 0
21730 0
17502 0
18089 0
18232 0
17225 0
1555 0
23100 0
20973 0
17132 0
8896 0
7424 0
12614 0
21428 0
23819 0
21208 0
21701 0
26561 0
24869 0
17099 0
24344 0
14284 0
16475 0
26803 0
17119 0
21129 0
25927 0
27120 0
17028 0
17523 0
14029 0
20921 0
22177 0
19390 0
13855 0
22075 0
18043 0
21537 0
13736 0
23508 0
19087 0
14477 0
19040 0
10339 0
20443 0
11218 0
19851 0
19392 0
21075 0
28014 0
26741 0
15780 0
19774 0
12214 0
4167 0
3336 0
28391 0
24591 0
22443 0
22147 0
18079 0
27062 0
27955 0
15011 0
21912 0
10250 0
16060 0
16302 0
21519 0
21536 0
24493 0
24657 0
15677 0
22413 0
23642 0
17167 0
24479 0
20893 0
18339 0
28199 0
8521 0
28179 0
6314 0
17983 0
21129 0
6146 0
24214 0
10047 0
19272 0
20617 0
23569 0
19960 0
23282 0
17332 0
26465 0
19676 0
13889 0
27293 0
12320 0
10758 0
17869 0
18928 0
27287 0
13585 0
10894 0
15541 0
4090 0
23393 0
7873 0
22668 0
18183 0
10099 0
9547 0
22880 0
25843 0
24771 0
28672 0
24103 0
4274 0
28279 0
9072 0
16235 0
9755 0
12544 0
11266 0
23646 0
12178 0
23292 0
11523 0
17984 0
6447 0
19897 0
16533 0
10766 0
7769 0
25449 0
25964 0
8813 0
23800 0
13408 0
26125 0
28564 0
25518 0
28672 0
6619 0
17375 0
16657 0
2996 0
9195 0
3885 0
26649 0
14153 0
25518 0
20394 0
24206 0
26208 0
25300 0
10893 0
18228 0
20269 0
14841 0
26024 0
13932 0
9701 0
20084 0
25350 0
23894 0
15631 0
27083 0
25822 0
14151 0
9923 0
21246 0
14833 0
13120 0
20737 0
17043 0
21323 0
15792 0
18952 0
25536 0
15475 0
15806 0
18710 0
11370 0
22524 0
10893 0
15589 0
20615 0
18634 0
22086 0
23286 0
10153 0
16325 0
28147 0
26513 0
12991 0
16954 0
9988 0
21019 0
21390 0
18873 0
21413 0
26595 0
23209 0
17304 0
19337 0
9143 0
12832 0
25453 0
18018 0
28031 0
9676 0
26923 0
27788 0
21213 0
17784 0
27467 0
9453 0
16809 0
23772 0
24378 0
10443 0
22695 0
20048 0
22521 0
19936 0
26932 0
19858 0
28021 0
18676 0
21474 0
22011 0
21419 0
22647 0
2891 0
28535 0
26355 0
27468 0
15249 0
27309 0
25991 0
13026 0
25291 0
19701 0
27922 0
25025 0
27181 0
16305 0
14324 0
25289 0
26496 0
26856 0
21989 0
12933 0
13191 0
13501 0
16884 0
12853 0
25430 0
22433 0
20469 0
19129 0
27626 0
28307 0
23795 0
18653 0
21483 0
25697 0
22825 0
11711 0
18296 0
18315 0
24287 0
24734 0
13446 0
26981 0
13643 0
17563 0
24632 0
27544 0
24707 0
27131 0
23771 0
14784 0
25438 0
26508 0
19063 0
12269 0
6438 0
27113 0
19032 0
24069 0
27975 0
23083 0
17465 0
10965 0
26383 0
24183 0
18973 0
21589 0
28489 0
28672 0
27606 0
26386 0
7853 0
11993 0
19696 0
26680 0
22374 0
11338 0
15150 0
25158 0
27791 0
5647 0
24363 0
26083 0
14505 0
18591 0
26099 0
18658 0
24472 0
24877 0
14851 0
13674 0
10647 0
28414 0
18162 0
12481 0
27770 0
26820 0
15863 0
9065 0
16680 0
18889 0
18009 0
16435 0
26421 0
27742 0
28641 0
27937 0
27356 0
28386 0
23437 0
27720 0
20664 0
9853 0
19902 0
17075 0
25036 0
24537 0
19990 0
5460 0
26438 0
25666 0
26937 0
27786 0
28241 0
9050 0
26303 0
10231 0
13284 0
15665 0
20905 0
8967 0
20116 0
21668 0
13095 0
25013 0
18917 0
25079 0
15399 0
16401 0
25539 0
8563 0
19843 0
8030 0
26860 0
19952 0
26355 0
6183 0
27917 0
19412 0
26681 0
18144 0
4221 0
18270 0
17937 0
27782 0
16425 0
21481 0
14326 0
17099 0
11558 0
13652 0
16462 0
21133 0
21013 0
20940 0
18005 0
19534 0
14112 0
22529 0
21384 0
4557 0
21657 0
27537 0
26422 0
14754 0
24704 0
18754 0
20019 0
4102 0
23684 0
27762 0
12705 0
20545 0
15584 0
24957 0
13336 0
3452 0
24965 0
25342 0
21473 0
12586 0
22834 0
12238 0
28054 0
27279 0
14752 0
22959 0
20116 0
26962 0
24048 0
13287 0
6962 0
13342 0
27216 0
27510 0
8449 0
28168 0
16695 0
17962 0
25082 0
16238 0
19176 0
22281 0
13566 0
19051 0
9844 0
26462 0
22032 0
25623 0
17128 0
27877 0
10036 0
26205 0
15680 0
25493 0
28423 0
20475 0
12862 0
25230 0
3511 0
22242 0
24457 0
25434 0
24563 0
15556 0
13323 0
28266 0
14868 0
27434 0
22874 0
20131 0
1239 0
18435 0
24248 0
10460 0
26381 0
24593 0
16044 0
13395 0
25860 0
27076 0
16424 0
20686 0
26832 0
26775 0
27154 0
19262 0
2968 0
27208 0
18970 0
24130 0
23594 0
27186 0
17015 0
22899 0
1554 0
25406 0
26160 0
5845 0
13160 0
26242 0
18359 0
27640 0
12236 0
25132 0
9233 0
17700 0
22055 0
21718 0
21600 0
19789 0
7988 0
23240 0
24628 0
23644 0
11000 0
7712 0
21587 0
19125 0
17542 0
13874 0
3140 0
3727 0
12940 0
16759 0
15494 0
11697 0
28672 0
10968 0
26844 0
24061 0
20933 0
16065 0
24539 0
16695 0
18413 0
11990 0
14103 0
24649 0
27706 0
20024 0
21098 0
13478 0
21189 0
22060 0
15148 0
24589 0
19971 0
9024 0
18427 0
25067 0
25326 0
26107 0
2242 0
15476 0
24284 0
10696 0
9099 0
25517 0
27296 0
20665 0
18022 0
21352 0
22477 0
22560 0
19262 0
16890 0
24808 0
25379 0
18491 0
28672 0
19752 0
10846 0
14856 0
17208 0
17270 0
23632 0
27883 0
8512 0
13675 0
9240 0
20057 0
7254 0
7589 0
22224 0
22144 0
12040 0
23735 0
11270 0
22623 0
19844 0
27362 0
23838 0
23693 0
2463 0
9994 0
27803 0
18417 0
19257 0
13111 0
18634 0
18702 0
12027 0
23343 0
11974 0
24025 0
21622 0
23160 0
14730 0
18454 0
24884 0
28340 0
9639 0
23807 0
14105 0
25531 0
6560 0
24535 0
26128 0
15115 0
10854 0
23152 0
28397 0
24972 0
27216 0
22941 0
16237 0
10042 0
17549 0
16863 0
8391 0
12598 0
20240 0
16880 0
20601 0
28660 0
20390 0
24730 0
19431 0
24076 0
27749 0
20797 0
17649 0
19932 0
20894 0
17213 0
23674 0
23800 0
18680 0
17493 0
18549 0
21120 0
19033 0
26277 0
24738 0
27575 0
23809 0
15983 0
26424 0
17259 0
26274 0
15020 0
5156 0
16835 0
13615 0
23203 0
17415 0
14513 0
13572 0
24793 0
17149 0
24171 0
6373 0
21804 0
23003 0
26953 0
13547 0
21168 0
16523 0
22293 0
28490 0
10789 0
20209 0
28235 0
25450 0
16590 0
26299 0
10455 0
19421 0
15720 0
22895 0
27330 0
9591 0
13628 0
17326 0
4833 0
23220 0
8651 0
2134 0
8391 0
27649 0
10820 0
18109 0
19558 0
23117 0
27055 0
17967 0
6015 0
25656 0
19914 0
27307 0
21993 0
3728 0
22765 0
26774 0
25164 0
21864 0
17395 0
25383 0
25579 0
25930 0
24549 0
20163 0
27242 0
24956 0
15807 0
10879 0
4641 0
20573 0
14009 0
13311 0
20140 0
27678 0
24945 0
10152 0
26747 0
26215 0
21238 0
21319 0
13435 0
20182 0
20454 0
14498 0
16037 0
24451 0
24636 0
7475 0
8137 0
14475 0
24834 0
20157 0
23387 0
17557 0
26650 0
26441 0
7280 0
20110 0
27096 0
26986 0
8194 0
19240 0
6835 0
19346 0
28482 0
27960 0
24555 0
28313 0
6082 0
19286 0
17390 0
28672 0
8508 0
23686 0
22348 0
17703 0
7992 0
14223 0
11744 0
27705 0
22344 0
23653 0
25085 0
27305 0
8999 0
23423 0
14242 0
4778 0
20626 0
26170 0
22970 0
7903 0
8678 0
22641 0
26383 0
15456 0
22630 0
27179 0
22167 0
10716 0
7819 0
9301 0
28426 0
20027 0
23641 0
5607 0
26980 0
8075 0
11438 0
24321 0
18113 0
9353 0
15535 0
21553 0
26123 0
13541 0
28293 0
24795 0
23964 0
10470 0
28474 0
5840 0
28062 0
2704 0
27664 0
10716 0
12456 0
18891 0
23170 0
27068 0
11810 0
28521 0
14480 0
16404 0
18798 0
17936 0
19859 0
13955 0
28672 0
20004 0
19729 0
24455 0
13965 0
7082 0
13576 0
26922 0
20420 0
2913 0
23475 0
26354 0
17202 0
21420 0
21873 0
24063 0
28540 0
19221 0
14827 0
26822 0
27879 0
12719 0
28672 0
10185 0
22891 0
13359 0
14036 0
27686 0
28511 0
16938 0
21122 0
19852 0
5094 0
4220 0
22319 0
21864 0
23226 0
19484 0
16371 0
16324 0
10513 0
23926 0
23961 0
21265 0
19328 0
26736 0
20388 0
27373 0
17114 0
18282 0
18275 0
25734 0
24271 0
24949 0
28672 0
14579 0
18695 0
21520 0
20448 0
15932 0
13057 0
22094 0
17602 0
27768 0
27662 0
16233 0
24079 0
11149 0
27578 0
19734 0
4242 0
22511 0
20343 0
13313 0
13072 0
18749 0
25399 0
28404 0
26492 0
18899 0
26380 0
25470 0
24132 0
11897 0
8288 0
23300 0
12365 0
28040 0
14248 0
14363 0
23205 0
17829 0
19040 0
26812 0
26484 0
16878 0
21756 0
12192 0
8672 0
25663 0
17857 0
23254 0
8446 0
20338 0
9134 0
21633 0
23375 0
21935 0
28462 0
22088 0
24374 0
23512 0
26984 0
25881 0
16566 0
19798 0
24629 0
24412 0
12944 0
16191 0
25207 0
15061 0
15277 0
28290 0
28672 0
24900 0
27703 0
25813 0
12446 0
12624 0
20771 0
5934 0
15037 0
21915 0
13223 0
24655 0
11371 0
22331 0
10349 0
12906 0
16329 0
7005 0
23647 0
12590 0
21539 0
13935 0
10258 0
28170 0
26208 0
18610 0
7483 0
18621 0
19788 0
8071 0
8844 0
19930 0
8064 0
19712 0
10278 0
22587 0
27918 0
7026 0
13056 0
18074 0
10821 0
14436 0
27155 0
19834 0
22741 0
20167 0
26408 0
24831 0
2554 0
7930 0
20945 0
19762 0
28672 0
17962 0
18045 0
26108 0
18520 0
7455 0
27820 0
27867 0
28571 0
23705 0
11174 0
21548 0
22001 0
11863 0
13372 0
26810 0
19996 0
22419 0
23710 0
19399 0
23961 0
6432 0
21443 0
25193 0
21633 0
22406 0
13367 0
27351 0
14482 0
27193 0
26114 0
15584 0
26832 0
26044 0
14037 0
13484 0
20825 0
16583 0
25733 0
14902 0
28672 0
20777 0
23759 0
22567 0
27152 0
14696 0
3639 0
4921 0
14104 0
23514 0
26488 0
23014 0
17311 0
20451 0
14085 0
27006 0
22848 0
26411 0
6937 0
16497 0
19387 0
24504 0
6620 0
19872 0
10884 0
15615 0
25872 0
18730 0
8430 0
20653 0
20420 0
14816 0
6172 0
27004 0
17640 0
24476 0
9373 0
15188 0
25305 0
25442 0
2056 0
20839 0
24954 0
22823 0
24927 0
26803 0
25414 0
12050 0
18424 0
23123 0
15027 0
28197 0
24829 0
26943 0
23805 0
19997 0
23218 0
12379 0
24439 0
28475 0
25221 0
18519 0
11492 0
23760 0
18714 0
24979 0
6962 0
27246 0
24653 0
12072 0
26933 0
5940 0
27941 0
19506 0
23877 0
18987 0
14504 0
12584 0
19164 0
26479 0
28568 0
12683 0
21512 0
13513 0
25886 0
20671 0
28672 0
24395 0
27642 0
15568 0
9072 0
20234 0
11976 0
990 0
10670 0
28056 0
18753 0
25496 0
18326 0
22598 0
12991 0
25463 0
17962 0
15457 0
27594 0
7313 0
20706 0
19991 0
17038 0
12158 0
21950 0
21153 0
22522 0
28441 0
11298 0
16943 0
26106 0
21386 0
16663 0
24185 0
6273 0
23485 0
28601 0
23400 0
24005 0
14862 0
23721 0
28237 0
24110 0
15428 0
22344 0
22572 0
18058 0
26812 0
24479 0
12135 0
22244 0
12995 0
11553 0
18851 0
18122 0
19955 0
6314 0
14728 0
13871 0
26207 0
25825 0
22828 0
24242 0
27581 0
22173 0
10441 0
15431 0
11939 0
17038 0
27881 0
19260 0
25454 0
28273 0
22980 0
26413 0
23225 0
27992 0
21121 0
21981 0
12414 0
5579 0
27678 0
5244 0
14493 0
12707 0
26866 0
12194 0
19688 0
11821 0
13840 0
6296 0
11970 0
22101 0
12822 0
17184 0
25382 0
26160 0
18635 0
10463 0
12411 0
26269 0
28377 0
23056 0
24760 0
25484 0
13237 0
27224 0
1995 0
27569 0
18605 0
26120 0
19807 0
3439 0
16315 0
23200 0
25122 0
23514 0
11637 0
5444 0
25164 0
23515 0
22545 0
17433 0
2205 0
13501 0
28255 0
28672 0
3589 0
23240 0
20408 0
24758 0
26544 0
6872 0
26307 0
18110 0
16548 0
25664 0
20498 0
26737 0
2301 0
20474 0
23758 0
24223 0
25527 0
28627 0
12996 0
16530 0
24556 0
8638 0
17357 0
4291 0
10927 0
4482 0
20547 0
28316 0
22738 0
6204 0
19654 0
22568 0
2047 0
21697 0
24003 0
3338 0
16036 0
6237 0
28273 0
21232 0
28421 0
8804 0
3042 0
25838 0
14846 0
22482 0
17463 0
24907 0
26970 0
17973 0
16736 0
26716 0
15513 0
11326 0
18032 0
11509 0
20776 0
24731 0
21497 0
26687 0
23553 0
6037 0
25810 0
12408 0
11240 0
18200 0
7167 0
6068 0
20569 0
24729 0
15819 0
8372 0
25455 0
24527 0
26432 0
12238 0
26740 0
27391 0
13888 0
28203 0
25844 0
28209 0
15353 0
17155 0
26719 0
12987 0
18400 0
22269 0
17501 0
27802 0
26881 0
6039 0
17276 0
28001 0
27934 0
26815 0
14809 0
24337 0
13265 0
19327 0
25401 0
19452 0
18295 0
22169 0
25095 0
11507 0
13003 0
28210 0
20654 0
5698 0
18543 0
23108 0
9907 0
28179 0
28672 0
18823 0
3909 0
27570 0
5551 0
23541 0
25137 0
5719 0
20147 0
14969 0
27560 0
18957 0
9485 0
23238 0
15808 0
12885 0
17419 0
21125 0
28672 0
27882 0
18004 0
23690 0
26377 0
25337 0
16112 0
24921 0
23143 0
6148 0
20211 0
10168 0
14735 0
16972 0
7504 0
24669 0
22489 0
10755 0
15666 0
22986 0
19316 0
16582 0
26437 0
13005 0
24092 0
28672 0
17336 0
21610 0
7322 0
14078 0
25067 0
22172 0
23131 0
17820 0
8673 0
23147 0
16282 0
18849 0
28057 0
24142 0
26461 0
20587 0
28672 0
11105 0
18230 0
21378 0
23673 0
25403 0
18098 0
24421 0
19267 0
22953 0
28029 0
14825 0
28364 0
13942 0
21189 0
28392 0
12769 0
27786 0
20706 0
25142 0
13416 0
26548 0
21743 0
6223 0
16497 0
27843 0
16247 0
16331 0
11970 0
5383 0
22883 0
14731 0
21721 0
26119 0
28493 0
23583 0
24355 0
16557 0
13678 0
16230 0
24218 0
25676 0
27776 0
15875 0
25251 0
8140 0
7320 0
11019 0
2120 0
2004 0
18292 0
25233 0
28672 0
22958 0
27575 0
22082 0
22380 0
12452 0
10197 0
21364 0
17268 0
24413 0
6032 0
24428 0
25909 0
18585 0
15973 0
21798 0
13721 0
22745 0
18261 0
6769 0
15075 0
26951 0
26733 0
15729 0
11445 0
16760 0
12586 0
26502 0
27506 0
22478 0
20969 0
21391 0
17911 0
10009 0
23467 0
17101 0
23888 0
15644 0
23984 0
11924 0
17302 0
14016 0
22857 0
17497 0
21077 0
11786 0
24447 0
27118 0
21635 0
22554 0
19552 0
17648 0
26964 0
11172 0
23554 0
19223 0
25405 0
15189 0
28252 0
6908 0
27746 0
15464 0
6048 0
25560 0
22687 0
19228 0
20234 0
24549 0
27673 0
26502 0
19515 0
18021 0
12376 0
20346 0
7308 0
21293 0
13340 0
24892 0
22773 0
24856 0
26459 0
28135 0
16086 0
23648 0
11471 0
12192 0
28625 0
13283 0
23910 0
7096 0
5235 0
11914 0
19650 0
25458 0
25508 0
26648 0
15397 0
5445 0
6756 0
27565 0
24153 0
17494 0
27987 0
10522 0
27540 0
12079 0
19725 0
22133 0
8213 0
20086 0
23620 0
25881 0
22715 0
8631 0
28672 0
28620 0
26891 0
15324 0
18573 0
26823 0
11998 0
20845 0
26677 0
5901 0
25451 0
19113 0
20104 0
19382 0
28157 0
9976 0
10665 0
17045 0
23971 0
8132 0
22375 0
26058 0
25615 0
16073 0
26790 0
21292 0
24542 0
26144 0
23660 0
24723 0
22092 0
5416 0
25789 0
12614 0
8439 0
25738 0
15864 0
26123 0
3336 0
19040 0
24048 0
20659 0
25175 0
28084 0
18065 0
15862 0
20622 0
17538 0
25357 0
16951 0
18814 0
13146 0
3907 0
20350 0
7683 0
9843 0
11613 0
3515 0
24674 0
17549 0
11756 0
23929 0
19443 0
19301 0
17041 0
13167 0
28426 0
9864 0
18650 0
28672 0
20811 0
17940 0
7324 0
4864 0
22951 0
23489 0
4444 0
24646 0
22053 0
21466 0
27989 0
5977 0
14879 0
24759 0
20383 0
18858 0
28672 0
21952 0
21892 0
17496 0
20013 0
28287 0
21229 0
23949 0
25836 0
17570 0
21378 0
28377 0
22830 0
19993 0
18942 0
23307 0
28442 0
26027 0
27299 0
24173 0
21619 0
18231 0
26097 0
19003 0
28672 0
26785 0
14322 0
9102 0
28237 0
16265 0
17445 0
22812 0
20377 0
27165 0
26371 0
19840 0
9857 0
24300 0
25961 0
12920 0
20507 0
16095 0
19989 0
9668 0
4697 0
5901 0
22303 0
4477 0
12201 0
24745 0
7903 0
18204 0
16877 0
26119 0
16269 0
20504 0
28268 0
12551 0
11104 0
19405 0
13119 0
21316 0
20964 0
20639 0
8722 0
20713 0
19597 0
22939 0
22323 0
1954 0
24894 0
23844 0
28456 0
23266 0
26414 0
24143 0
11847 0
9800 0
8273 0
23449 0
22625 0
18564 0
22420 0
22515 0
7156 0
7273 0
26586 0
22941 0
27116 0
11407 0
22096 0
26207 0
25317 0
23808 0
14421 0
12313 0
13167 0
17796 0
26485 0
19880 0
15260 0
4032 0
17742 0
17612 0
21881 0
22839 0
20539 0
26246 0
15923 0
22274 0
25522 0
9085 0
21112 0
21025 0
26390 0
23169 0
23823 0
9856 0
5921 0
18922 0
6524 0
5576 0
20041 0
20640 0
28069 0
23831 0
21070 0
10568 0
21527 0
21363 0
26144 0
19268 0
20202 0
21157 0
16582 0
28672 0
15901 0
21411 0
24996 0
5019 0
25830 0
27823 0
18667 0
12066 0
17090 0
26972 0
21168 0
26469 0
20522 0
14565 0
2485 0
27459 0
18363 0
9846 0
8398 0
20702 0
7911 0
18250 0
25826 0
23991 0
13241 0
9484 0
25780 0
19839 0
11923 0
14829 0
12074 0
10855 0
22554 0
4518 0
7483 0
24535 0
25833 0
20062 0
18405 0
10895 0
23989 0
22901 0
21865 0
8740 0
19932 0
28234 0
23039 0
12683 0
27613 0
12847 0
27199 0
23268 0
8940 0
14136 0
21012 0
14778 0
25131 0
26260 0
24818 0
25984 0
28593 0
25597 0
27668 0
17813 0
26544 0
20739 0
16853 0
13296 0
27993 0
20376 0
16552 0
23012 0
23421 0
25059 0
5405 0
4043 0
23673 0
14969 0
24327 0
10760 0
9604 0
21721 0
27614 0
27234 0
12071 0
16539 0
28092 0
24839 0
6587 0
23324 0
23578 0
21432 0
28499 0
27394 0
10990 0
13758 0
17241 0
20769 0
11603 0
17747 0
5632 0
25657 0
21837 0
20898 0
22524 0
25549 0
24541 0
21035 0
18004 0
26027 0
6158 0
20691 0
17260 0
15785 0
10176 0
20965 0
27223 0
24531 0
24036 0
20861 0
18473 0
17353 0
26663 0
22263 0
9004 0
14351 0
6586 0
27034 0
28672 0
16356 0
20069 0
24323 0
17588 0
24777 0
14877 0
28194 0
18795 0
6389 0
26849 0
12237 0
20685 0
24149 0
24280 0
22981 0
16411 0
24853 0
25372 0
4225 0
23976 0
21880 0
24640 0
11621 0
24205 0
21386 0
22932 0
20388 0
26783 0
18618 0
24355 0
14802 0
26580 0
27671 0
22611 0
8981 0
22757 0
20396 0
24505 0
22353 0
26099 0
13768 0
10310 0
4258 0
26518 0
19022 0
17978 0
22391 0
5608 0
25205 0
26594 0
5810 0
12686 0
26200 0
16738 0
19756 0
21623 0
15640 0
26927 0
11464 0
27859 0
20386 0
16181 0
14161 0
21056 0
24283 0
21011 0
16954 0
26345 0
27614 0
10675 0
19341 0
23200 0
14705 0
12306 0
25111 0
25850 0
23986 0
23234 0
23878 0
9463 0
26097 0
28202 0
17967 0
15526 0
14735 0
27223 0
12647 0
26654 0
20815 0
23947 0
27846 0
18959 0
24433 0
19557 0
20043 0
28376 0
22608 0
18969 0
15087 0
27554 0
28014 0
22467 0
19733 0
23896 0
20714 0
20041 0
17251 0
2102 0
27246 0
27275 0
25708 0
25555 0
22343 0
17528 0
20454 0
23135 0
26368 0
7533 0
25607 0
20724 0
20083 0
13236 0
17041 0
25963 0
15897 0
13993 0
28672 0
19073 0
12389 0
5070 0
13412 0
27325 0
11477 0
13048 0
7966 0
17885 0
3395 0
15239 0
28475 0
23688 0
26331 0
28324 0
22602 0
8536 0
13784 0
17981 0
13648 0
23017 0
20881 0
21537 0
25666 0
3483 0
11984 0
11144 0
26628 0
20212 0
20914 0
23997 0
22540 0
26341 0
19372 0
12892 0
23429 0
26340 0
19288 0
18207 0
10185 0
11546 0
21042 0
26360 0
20741 0
21071 0
9800 0
27296 0
14257 0
16370 0
20299 0
14841 0
22804 0
25375 0
25234 0
8944 0
11510 0
19107 0
26801 0
20851 0
13562 0
24694 0
5849 0
17847 0
22905 0
22109 0
23677 0
13311 0
13616 0
27167 0
7165 0
27566 0
18684 0
11839 0
15324 0
28040 0
23117 0
15629 0
28026 0
8414 0
25766 0
24951 0
14370 0
23361 0
19270 0
13062 0
19567 0
24989 0
21466 0
19753 0
24074 0
24758 0
24121 0
26154 0
17367 0
26365 0
24471 0
21546 0
17746 0
13275 0
8881 0
14159 0
9779 0
25508 0
25427 0
12845 0
14504 0
26420 0
24382 0
24193 0
27661 0
24547 0
7347 0
25444 0
13531 0
25516 0
27645 0
13379 0
14305 0
9772 0
28134 0
28006 0
24263 0
4151 0
28672 0
27453 0
27452 0
7970 0
17597 0
12770 0
21847 0
26229 0
13048 0
7011 0
16283 0
13387 0
11322 0
11018 0
12291 0
6746 0
20794 0
21632 0
16532 0
6538 0
18107 0
27088 0
18894 0
18705 0
15487 0
27287 0
4333 0
14829 0
28427 0
9459 0
24382 0
23731 0
22143 0
6235 0
26842 0
24859 0
20673 0
16330 0
28399 0
21841 0
20797 0
24049 0
21283 0
23097 0
17059 0
27221 0
25578 0
28042 0
13686 0
1638 0
25232 0
7607 0
10771 0
28672 0
15237 0
8067 0
27013 0
28672 0
27500 0
16827 0
22082 0
14671 0
15092 0
22243 0
17086 0
14397 0
11940 0
19911 0
23219 0
23518 0
20664 0
21595 0
23638 0
10434 0
22438 0
24586 0
20144 0
18613 0
19852 0
9014 0
27599 0
14082 0
27024 0
25269 0
20701 0
7945 0
26381 0
16487 0
16694 0
4088 0
826 0
12865 0
15862 0
23769 0
11127 0
20868 0
7700 0
19762 0
28590 0
17514 0
11976 0
21364 0
27862 0
11941 0
26605 0
23448 0
21533 0
26019 0
22651 0
13938 0
26656 0
26010 0
10693 0
10919 0
11538 0
16677 0
13997 0
21519 0
10975 0
20922 0
26382 0
20773 0
13130 0
26539 0
22638 0
14587 0
9420 0
21672 0
12223 0
24621 0
26668 0
22190 0
16165 0
25819 0
23837 0
12403 0
27258 0
26042 0
16260 0
26245 0
18577 0
27952 0
13008 0
25728 0
27040 0
17045 0
13838 0
12028 0
6222 0
25118 0
28302 0
20109 0
14006 0
28571 0
11043 0
26982 0
25543 0
25074 0
16793 0
21476 0
14643 0
7694 0
16068 0
9139 0
22140 0
26586 0
11707 0
24109 0
26208 0
18821 0
16305 0
16044 0
20519 0
24236 0
24720 0
2639 0
25093 0
7516 0
10540 0
24913 0
22454 0
21477 0
12034 0
21117 0
15555 0
10145 0
25820 0
12722 0
8323 0
23547 0
12248 0
14161 0
6357 0
22151 0
6274 0
22329 0
27925 0
8922 0
13195 0
3866 0
27007 0
25386 0
11648 0
21105 0
21212 0
23137 0
15702 0
15648 0
19727 0
23727 0
16606 0
10119 0
6885 0
15953 0
28568 0
7652 0
10956 0
12891 0
23531 0
8021 0
13413 0
17855 0
16862 0
25333 0
16507 0
27373 0
20843 0
21927 0
23188 0
8316 0
2085 0
23450 0
7961 0
28597 0
13095 0
28628 0
26298 0
26033 0
21231 0
20675 0
27843 0
19589 0
14940 0
10213 0
18913 0
27082 0
23870 0
27365 0
17925 0
25872 0
24895 0
27230 0
18599 0
6537 0
19133 0
16890 0
25900 0
26736 0
16219 0
16913 0
19410 0
22021 0
21151 0
3841 0
14545 0
25700 0
22041 0
14164 0
15810 0
27090 0
28434 0
19023 0
23052 0
11619 0
27256 0
11969 0
27107 0
25916 0
20966 0
22108 0
9380 0
17894 0
25374 0
27917 0
14135 0
25949 0
19922 0
16954 0
21539 0
11923 0
26593 0
5677 0
23700 0
26389 0
27839 0
21620 0
14880 0
27020 0
10752 0
20220 0
5257 0
18013 0
25436 0
17678 0
19446 0
9640 0
4233 0
27094 0
21524 0
16373 0
15853 0
27961 0
17640 0
27392 0
22958 0
8409 0
25327 0
26708 0
22685 0
22628 0
26732 0
27580 0
11473 0
27329 0
26019 0
13390 0
10819 0
25565 0
27195 0
19205 0
27080 0
24899 0
27335 0
12402 0
17115 0
26701 0
11903 0
28627 0
22074 0
2629 0
17282 0
23738 0
24916 0
24341 0
27222 0
5846 0
22150 0
27484 0
23394 0
26559 0
25795 0
6877 0
28504 0
12585 0
17630 0
19528 0
20115 0
18692 0
25262 0
27553 0
21280 0
7856 0
23579 0
12593 0
8750 0
24332 0
9846 0
19516 0
21837 0
18552 0
26127 0
9697 0
23324 0
28469 0
7445 0
12927 0
25125 0
23608 0
19829 0
25270 0
22657 0
17459 0
2410 0
16926 0
10497 0
11696 0
19808 0
20909 0
25822 0
27380 0
24108 0
10784 0
27707 0
25168 0
27652 0
26015 0
11055 0
8769 0
14293 0
27369 0
20328 0
26466 0
11641 0
13421 0
18277 0
17627 0
14308 0
20529 0
8718 0
16242 0
24548 0
13244 0
27276 0
25024 0
10060 0
15237 0
13541 0
12396 0
25755 0
23260 0
11928 0
24043 0
23408 0
14015 0
18419 0
6853 0
18908 0
21650 0
17892 0
14704 0
14259 0
26746 0
24735 0
16289 0
23926 0
18723 0
20979 0
27152 0
2094 0
12958 0
19000 0
14868 0
9966 0
15962 0
27897 0
4564 0
