32135 0
14548 0
25341 0
24279 0
26579 0
30577 0
24490 0
13424 0
27801 0
12739 0
12126 0
10348 0
17019 0
28962 0
24420 0
28389 0
32275 0
29371 0
22275 0
27886 0
30323 0
21091 0
7370 0
6565 0
28573 0
17927 0
26682 0
19216 0
27523 0
32767 0
18634 0
29367 0
16401 0
23666 0
32048 0
27551 0
31587 0
22588 0
28635 0
31424 0
11218 0
31878 0
27609 0
18702 0
24168 0
14588 0
26298 0
9518 0
31030 0
23287 0
31903 0
23844 0
29160 0
27308 0
20360 0
27464 0
26085 0
26273 0
32630 0
21216 0
30777 0
15028 0
22914 0
5494 0
27850 0
25415 0
26620 0
21662 0
29128 0
4531 0
26601 0
20907 0
30295 0
24872 0
22406 0
29556 0
9459 0
27627 0
24010 0
23950 0
21639 0
26294 0
10308 0
31129 0
27089 0
20862 0
18216 0
27051 0
31159 0
22389 0
32140 0
22063 0
25790 0
30721 0
12488 0
22254 0
24200 0
16290 0
11847 0
24673 0
15942 0
26438 0
18795 0
19754 0
17565 0
14252 0
30479 0
6758 0
25218 0
27556 0
23819 0
22486 0
29555 0
19095 0
10879 0
14337 0
16853 0
24769 0
21449 0
16860 0
32576 0
29847 0
31898 0
13789 0
19009 0
31654 0
28621 0
21190 0
19284 0
25388 0
31186 0
23745 0
13449 0
27343 0
30012 0
27864 0
28946 0
30435 0
21139 0
20294 0
30821 0
22833 0
31016 0
18446 0
10737 0
3726 0
31249 0
10577 0
19274 0
32467 0
32224 0
22886 0
30498 0
23502 0
20770 0
10636 0
29573 0
24625 0
18625 0
23006 0
29630 0
30038 0
18339 0
18394 0
17212 0
15195 0
29359 0
31007 0
27044 0
30380 0
30885 0
32287 0
6700 0
24092 0
30875 0
12159 0
22182 0
30866 0
11356 0
10252 0
12395 0
18692 0
25404 0
17354 0
19690 0
12327 0
29056 0
27550 0
16233 0
23308 0
32767 0
9004 0
22163 0
20633 0
30786 0
26982 0
16559 0
6072 0
30287 0
31097 0
32259 0
31806 0
18369 0
32041 0
26930 0
24273 0
25694 0
30134 0
14718 0
30838 0
9532 0
5631 0
15435 0
27814 0
14429 0
21850 0
22327 0
18460 0
23248 0
26047 0
20145 0
24336 0
25914 0
30617 0
29128 0
15023 0
16690 0
18767 0
31612 0
20895 0
16205 0
32767 0
13511 0
21896 0
32357 0
24077 0
29162 0
32767 0
10186 0
21793 0
28787 0
32103 0
22588 0
22397 0
17992 0
29591 0
13255 0
14670 0
26971 0
6171 0
24253 0
14256 0
23156 0
12961 0
26899 0
23782 0
19698 0
25284 0
32288 0
12916 0
24269 0
11932 0
31709 0
30636 0
28329 0
29386 0
31574 0
12168 0
15015 0
24138 0
22815 0
24462 0
22793 0
20061 0
12100 0
27486 0
29364 0
20053 0
28863 0
26599 0
18315 0
24159 0
29290 0
18112 0
29695 0
18837 0
25157 0
8795 0
25412 0
20807 0
25446 0
26531 0
26752 0
10034 0
27568 0
23578 0
20311 0
18557 0
16932 0
17051 0
29319 0
20929 0
22031 0
18855 0
16784 0
20759 0
15898 0
24128 0
26754 0
17125 0
29335 0
21907 0
25944 0
31192 0
9966 0
14557 0
25198 0
22279 0
20520 0
25552 0
31911 0
17538 0
24077 0
26835 0
25955 0
6214 0
31517 0
8174 0
23710 0
15075 0
31885 0
27703 0
25832 0
23948 0
30996 0
30514 0
26836 0
22531 0
22690 0
23178 0
16543 0
19939 0
18118 0
11078 0
15872 0
19851 0
30071 0
20680 0
13194 0
6347 0
28843 0
28242 0
29041 0
9978 0
18661 0
2201 0
22550 0
29977 0
23677 0
15696 0
25825 0
32396 0
20885 0
20263 0
10176 0
25645 0
29796 0
32410 0
21575 0
26472 0
17525 0
29791 0
20110 0
25916 0
31269 0
25444 0
25407 0
13925 0
28128 0
16758 0
7906 0
31370 0
18853 0
16595 0
18497 0
31555 0
25938 0
14772 0
28459 0
25633 0
20405 0
24402 0
26125 0
24023 0
32657 0
17041 0
26292 0
13973 0
25828 0
32767 0
29960 0
32355 0
28348 0
32767 0
22014 0
25382 0
6304 0
28634 0
26160 0
29964 0
16055 0
31045 0
31657 0
18392 0
30067 0
28052 0
30282 0
30506 0
16150 0
29292 0
31466 0
26881 0
29196 0
27931 0
22199 0
30024 0
24248 0
30356 0
24566 0
29627 0
28352 0
27858 0
30184 0
19865 0
26657 0
28333 0
13463 0
19452 0
15514 0
26983 0
19373 0
13393 0
19386 0
29521 0
14870 0
12844 0
30023 0
18019 0
31881 0
30663 0
32005 0
24035 0
24425 0
24272 0
30301 0
11630 0
14911 0
15686 0
26067 0
10097 0
20066 0
14498 0
4719 0
29340 0
21307 0
30753 0
5214 0
32051 0
31050 0
24271 0
29083 0
21672 0
32108 0
10132 0
28219 0
26762 0
26014 0
27487 0
7321 0
13230 0
6175 0
15156 0
15363 0
8361 0
26095 0
31671 0
23716 0
15588 0
20720 0
22391 0
22841 0
28687 0
6709 0
17087 0
17081 0
21027 0
25904 0
29825 0
24939 0
27406 0
29500 0
26732 0
20738 0
28184 0
19098 0
21875 0
13124 0
30145 0
9701 0
30055 0
13413 0
27646 0
29302 0
31147 0
18622 0
10712 0
32609 0
28758 0
31802 0
3312 0
21277 0
18931 0
15020 0
21916 0
25856 0
28765 0
24734 0
28634 0
22402 0
25622 0
25418 0
21270 0
30909 0
32471 0
26937 0
28643 0
13829 0
29784 0
32767 0
27760 0
25853 0
28219 0
20054 0
13062 0
27196 0
30476 0
26223 0
25684 0
30594 0
28985 0
26632 0
30348 0
31352 0
27712 0
28393 0
27868 0
16374 0
22491 0
21922 0
20976 0
16016 0
32134 0
25741 0
29621 0
12282 0
30735 0
15501 0
26228 0
27197 0
17387 0
24071 0
27700 0
24251 0
22899 0
19979 0
28254 0
20529 0
24488 0
19275 0
25660 0
15568 0
5991 0
11013 0
28853 0
28730 0
14579 0
24756 0
18049 0
5873 0
26917 0
29983 0
25244 0
5952 0
27037 0
22280 0
22693 0
32522 0
22633 0
14788 0
13913 0
23750 0
32182 0
26258 0
28595 0
13830 0
8817 0
32767 0
21919 0
17609 0
26672 0
22986 0
32022 0
30390 0
28824 0
18566 0
23258 0
12683 0
6262 0
32507 0
21836 0
16780 0
16090 0
23096 0
29080 0
32257 0
26708 0
22705 0
17674 0
31135 0
29263 0
21255 0
17322 0
32344 0
31897 0
22242 0
29903 0
32550 0
15225 0
24326 0
23504 0
29049 0
32025 0
6485 0
9677 0
16397 0
27179 0
18306 0
31276 0
23606 0
26486 0
31604 0
16364 0
26668 0
28830 0
7435 0
25472 0
27442 0
23979 0
29132 0
30355 0
25457 0
31905 0
9713 0
18982 0
21608 0
26726 0
22090 0
30420 0
13260 0
32767 0
23736 0
28260 0
24920 0
30480 0
27688 0
27882 0
31414 0
16369 0
25380 0
15417 0
27843 0
27837 0
11214 0
12904 0
13251 0
22327 0
27152 0
28678 0
23645 0
31099 0
9741 0
30517 0
27573 0
28028 0
30835 0
22387 0
24799 0
25447 0
19642 0
14165 0
29441 0
30449 0
30922 0
6323 0
27151 0
32685 0
27611 0
10877 0
11629 0
24176 0
31571 0
4829 0
22563 0
26526 0
28262 0
15475 0
29808 0
25389 0
27131 0
9354 0
28879 0
13830 0
31501 0
29514 0
30512 0
32240 0
22526 0
28810 0
31048 0
20539 0
19337 0
28656 0
26392 0
22694 0
16249 0
21865 0
13050 0
12244 0
5681 0
28304 0
14304 0
17380 0
6473 0
20952 0
28806 0
24162 0
23332 0
31121 0
5479 0
7894 0
28231 0
18115 0
16715 0
17211 0
23902 0
19253 0
26670 0
21455 0
21269 0
26735 0
21083 0
9701 0
21135 0
22376 0
30464 0
30108 0
25531 0
16931 0
20939 0
23555 0
23291 0
22898 0
24041 0
4066 0
15452 0
12157 0
28529 0
24675 0
32335 0
17601 0
30450 0
23939 0
28821 0
27440 0
28078 0
30788 0
19042 0
25999 0
29559 0
25043 0
29628 0
28147 0
31514 0
11078 0
9345 0
27945 0
17432 0
15488 0
14637 0
12806 0
21945 0
1835 0
9105 0
17865 0
11694 0
28521 0
13770 0
30273 0
12408 0
11062 0
16917 0
27988 0
15452 0
16683 0
3320 0
12181 0
27087 0
18083 0
23518 0
15991 0
27787 0
23333 0
21610 0
21207 0
25917 0
14508 0
32767 0
30113 0
22783 0
5441 0
29613 0
28939 0
31927 0
31156 0
29552 0
32025 0
30240 0
28583 0
32473 0
31297 0
12161 0
30083 0
17661 0
10170 0
29858 0
15275 0
29727 0
22633 0
22425 0
24665 0
10795 0
16167 0
26113 0
28187 0
28308 0
25345 0
15363 0
30012 0
29668 0
21685 0
10660 0
27191 0
11245 0
25637 0
16578 0
23807 0
30277 0
25622 0
15265 0
27348 0
11972 0
31972 0
14864 0
32571 0
32767 0
19890 0
22355 0
31301 0
29160 0
9973 0
31018 0
32368 0
18277 0
28831 0
31651 0
11789 0
25536 0
19769 0
13207 0
23420 0
27570 0
24688 0
27699 0
27630 0
6509 0
27650 0
31047 0
7626 0
15352 0
27871 0
5144 0
19144 0
31014 0
24649 0
17112 0
13057 0
11689 0
27145 0
16451 0
14924 0
28926 0
27605 0
31992 0
20789 0
25554 0
16253 0
22259 0
31594 0
9345 0
25839 0
18368 0
23299 0
15581 0
28273 0
18901 0
19452 0
23230 0
13321 0
13662 0
30832 0
28749 0
10922 0
26399 0
31625 0
30041 0
16645 0
21797 0
20023 0
23595 0
28252 0
30545 0
28719 0
30750 0
24860 0
20525 0
30987 0
23633 0
20039 0
26608 0
30429 0
28770 0
9800 0
22933 0
27000 0
19175 0
18890 0
25353 0
12601 0
31791 0
24896 0
15335 0
25038 0
10853 0
13402 0
32608 0
25981 0
25206 0
24469 0
13799 0
20348 0
32717 0
32485 0
26984 0
18647 0
32545 0
4631 0
25353 0
23642 0
20693 0
27905 0
21986 0
30884 0
26532 0
13327 0
29339 0
29835 0
16195 0
29535 0
32229 0
27336 0
24887 0
32070 0
30801 0
19323 0
16242 0
30635 0
32767 0
32074 0
19572 0
10198 0
18597 0
28749 0
22508 0
15007 0
9488 0
19695 0
11277 0
27478 0
29522 0
18224 0
19266 0
29473 0
17869 0
18754 0
11309 0
23606 0
22129 0
31407 0
25368 0
29997 0
28132 0
19163 0
8323 0
14107 0
11803 0
25666 0
6969 0
10255 0
29706 0
31973 0
19397 0
6472 0
24132 0
15815 0
30717 0
32767 0
18010 0
20983 0
31598 0
16402 0
17096 0
8757 0
19640 0
32465 0
28655 0
28520 0
26725 0
26214 0
4647 0
16052 0
28311 0
29626 0
21412 0
15646 0
23694 0
26502 0
12386 0
23248 0
27440 0
28819 0
30567 0
27879 0
28160 0
16063 0
29093 0
29424 0
27046 0
14786 0
28996 0
6919 0
27336 0
9805 0
12309 0
30651 0
19553 0
23767 0
12429 0
28036 0
24750 0
28454 0
9803 0
23616 0
17675 0
13972 0
28212 0
16951 0
13031 0
18619 0
29340 0
16014 0
25393 0
10352 0
24270 0
13796 0
8988 0
22874 0
28521 0
12996 0
25257 0
19293 0
3249 0
16515 0
23530 0
30415 0
29759 0
21034 0
14385 0
29768 0
25901 0
32242 0
27653 0
10783 0
22189 0
9824 0
16681 0
20133 0
15439 0
7846 0
31977 0
32125 0
26172 0
25896 0
30651 0
11840 0
20502 0
20605 0
30487 0
23683 0
26331 0
22835 0
28845 0
32385 0
11627 0
23106 0
22605 0
31062 0
31753 0
14977 0
24510 0
22896 0
14974 0
13084 0
19249 0
27323 0
26052 0
29027 0
11286 0
31533 0
32767 0
16419 0
23870 0
17958 0
4813 0
23638 0
29366 0
22913 0
6478 0
24719 0
26400 0
28559 0
20482 0
22450 0
11563 0
28290 0
30522 0
30710 0
18753 0
13014 0
17285 0
25139 0
7819 0
25227 0
21172 0
22436 0
30534 0
27529 0
27077 0
19758 0
31512 0
26147 0
31230 0
30133 0
27874 0
17232 0
24835 0
5333 0
23476 0
30813 0
13934 0
21530 0
24100 0
30138 0
19937 0
16025 0
2898 0
19657 0
23139 0
26113 0
21085 0
32227 0
31454 0
21276 0
21982 0
31156 0
14998 0
25673 0
26686 0
21564 0
20890 0
18505 0
20033 0
26340 0
26750 0
5776 0
29020 0
13201 0
13912 0
9900 0
12426 0
24533 0
24128 0
20396 0
16647 0
21330 0
26735 0
31222 0
17909 0
23685 0
29738 0
29305 0
32039 0
30212 0
8504 0
20787 0
10651 0
31554 0
12423 0
20287 0
12300 0
12154 0
21250 0
12208 0
21001 0
20618 0
7815 0
21564 0
22039 0
28534 0
29820 0
29428 0
23738 0
568 0
18350 0
26361 0
19865 0
17117 0
26958 0
23125 0
23365 0
30767 0
31668 0
20719 0
14426 0
30765 0
21829 0
21681 0
30325 0
28656 0
25435 0
31324 0
17762 0
17717 0
31234 0
20382 0
31126 0
18616 0
30166 0
16794 0
5457 0
27932 0
22885 0
32163 0
11979 0
19639 0
14412 0
32127 0
29270 0
20650 0
29693 0
29268 0
28578 0
13839 0
29842 0
25957 0
29675 0
26099 0
3301 0
31074 0
15395 0
18108 0
8898 0
30267 0
13931 0
29910 0
31330 0
27626 0
20416 0
23561 0
12096 0
3447 0
24855 0
30100 0
18900 0
6082 0
28798 0
16920 0
32344 0
32367 0
15694 0
11776 0
18467 0
28989 0
18397 0
2943 0
26334 0
19345 0
32130 0
15593 0
26445 0
31182 0
22508 0
19305 0
11748 0
27444 0
14675 0
13418 0
19655 0
31594 0
31917 0
28101 0
19807 0
27504 0
28263 0
25162 0
15687 0
10121 0
22800 0
16184 0
16114 0
11064 0
7505 0
13013 0
12455 0
25716 0
21211 0
19001 0
28532 0
30057 0
31291 0
32250 0
26555 0
14782 0
26490 0
27149 0
16666 0
11689 0
25090 0
9178 0
22957 0
29342 0
24566 0
32766 0
29381 0
29021 0
24249 0
15280 0
24244 0
6066 0
22372 0
20604 0
18420 0
13775 0
17578 0
30920 0
9052 0
1567 0
21483 0
19695 0
29331 0
21505 0
25860 0
22056 0
31483 0
30956 0
30540 0
3965 0
17845 0
22399 0
23666 0
21933 0
6000 0
13724 0
18094 0
32288 0
16852 0
12939 0
14509 0
27781 0
21929 0
17721 0
15896 0
23457 0
17421 0
23171 0
21356 0
25649 0
20732 0
5524 0
32678 0
7887 0
12825 0
21099 0
24493 0
21255 0
12359 0
30325 0
12546 0
12062 0
18543 0
8317 0
22507 0
32536 0
22675 0
30623 0
26267 0
7362 0
26571 0
15759 0
6831 0
20080 0
24834 0
20002 0
20673 0
20836 0
19685 0
1777 0
26400 0
23969 0
19579 0
10166 0
8484 0
14416 0
24489 0
27221 0
24237 0
24801 0
30355 0
28421 0
19541 0
27821 0
16324 0
18828 0
30631 0
19564 0
24147 0
29630 0
30994 0
19460 0
20026 0
16033 0
23909 0
25345 0
22159 0
15834 0
25228 0
20620 0
24613 0
15698 0
26866 0
21813 0
16545 0
21760 0
11815 0
23363 0
12820 0
22686 0
22162 0
24085 0
32016 0
30561 0
18034 0
22598 0
13958 0
4762 0
3812 0
32446 0
28103 0
25649 0
25310 0
20661 0
30928 0
31948 0
17155 0
25042 0
11714 0
18354 0
18630 0
24593 0
24612 0
27992 0
28179 0
17916 0
25614 0
27019 0
19619 0
27976 0
23877 0
20958 0
32227 0
9738 0
32204 0
7216 0
20552 0
24147 0
7024 0
27673 0
11482 0
22025 0
23562 0
26936 0
22811 0
26608 0
19808 0
30245 0
22486 0
15873 0
31192 0
14079 0
12294 0
20421 0
21631 0
31185 0
15525 0
12450 0
17761 0
4674 0
26734 0
8997 0
25906 0
20780 0
11541 0
10910 0
26148 0
29534 0
28309 0
32767 0
27546 0
4884 0
32318 0
10368 0
18554 0
11148 0
14335 0
12875 0
27023 0
13917 0
26619 0
13169 0
20553 0
7368 0
22739 0
18894 0
12304 0
8878 0
29084 0
29673 0
10071 0
27200 0
15323 0
29857 0
32644 0
29163 0
32767 0
7564 0
19857 0
19036 0
3423 0
10508 0
4439 0
30455 0
16174 0
29163 0
23307 0
27663 0
29952 0
28914 0
12449 0
20832 0
23164 0
16961 0
29741 0
15922 0
11086 0
22953 0
28971 0
27307 0
17863 0
30951 0
29510 0
16172 0
11340 0
24281 0
16951 0
14994 0
23699 0
19477 0
24369 0
18048 0
21659 0
29184 0
17685 0
18063 0
21382 0
12994 0
25741 0
12449 0
17816 0
23559 0
21296 0
25241 0
26612 0
11603 0
18657 0
32167 0
30300 0
14846 0
19375 0
11414 0
24021 0
24445 0
21569 0
24471 0
30394 0
26524 0
19775 0
22099 0
10449 0
14665 0
29089 0
20591 0
32035 0
11058 0
30769 0
31757 0
24243 0
20324 0
31390 0
10803 0
19210 0
27167 0
27860 0
11934 0
25937 0
22912 0
25738 0
22784 0
30779 0
22694 0
32023 0
21343 0
24541 0
25155 0
24478 0
25882 0
3303 0
32611 0
30120 0
31392 0
17427 0
31210 0
29704 0
14886 0
28903 0
22515 0
31910 0
28599 0
31064 0
18634 0
16370 0
28901 0
30281 0
30692 0
25130 0
14780 0
15075 0
15429 0
19295 0
14689 0
29062 0
25637 0
23393 0
21861 0
31572 0
32350 0
27194 0
21317 0
24552 0
29368 0
26085 0
13384 0
20909 0
20931 0
27756 0
28267 0
15366 0
30835 0
15591 0
20072 0
28150 0
31478 0
28236 0
31006 0
27166 0
16895 0
29071 0
30294 0
21786 0
14021 0
7357 0
30986 0
21750 0
27507 0
31971 0
26380 0
19960 0
12531 0
30152 0
27637 0
21683 0
24673 0
32558 0
32767 0
31549 0
30155 0
8974 0
13706 0
22509 0
30491 0
25570 0
12957 0
17314 0
28751 0
31761 0
6453 0
27843 0
29809 0
16577 0
21246 0
29827 0
21323 0
27968 0
28430 0
16972 0
15627 0
12168 0
32473 0
20756 0
14264 0
31737 0
30651 0
18129 0
10360 0
19062 0
21587 0
20581 0
18782 0
30195 0
31705 0
32732 0
31927 0
31264 0
32441 0
26785 0
31680 0
23615 0
11260 0
22745 0
19514 0
28612 0
28042 0
22845 0
6239 0
30214 0
29332 0
30785 0
31755 0
32275 0
10342 0
30060 0
11692 0
15181 0
17902 0
23891 0
10247 0
22989 0
24763 0
14965 0
28586 0
21619 0
28661 0
17598 0
18744 0
29187 0
9786 0
22677 0
9177 0
30697 0
22802 0
30119 0
7066 0
31905 0
22185 0
30492 0
20736 0
4823 0
20879 0
20499 0
31750 0
18771 0
24549 0
16372 0
19541 0
13209 0
15602 0
18813 0
24151 0
24014 0
23931 0
20577 0
22324 0
16128 0
25747 0
24438 0
5207 0
24750 0
31470 0
30196 0
16861 0
28233 0
21433 0
22878 0
4688 0
27067 0
31727 0
14519 0
23480 0
17810 0
28522 0
15241 0
3945 0
28531 0
28962 0
24540 0
14383 0
26096 0
13986 0
32061 0
31176 0
16859 0
26238 0
22989 0
30813 0
27483 0
15185 0
7956 0
15248 0
31104 0
31439 0
9656 0
32192 0
19079 0
20527 0
28665 0
18557 0
21915 0
25463 0
15503 0
21772 0
11250 0
30242 0
25179 0
29283 0
19574 0
31859 0
11469 0
29948 0
17920 0
29134 0
32483 0
23399 0
14699 0
28834 0
4012 0
25419 0
27950 0
29067 0
28071 0
17778 0
15226 0
32304 0
16992 0
31353 0
26141 0
23006 0
1415 0
21068 0
27712 0
11954 0
30149 0
28106 0
18336 0
15308 0
29554 0
30944 0
18770 0
23641 0
30665 0
30599 0
31033 0
22013 0
3392 0
31094 0
21679 0
27577 0
26964 0
31069 0
19445 0
26170 0
1775 0
29035 0
29897 0
6680 0
15039 0
29990 0
20981 0
31588 0
13983 0
28722 0
10552 0
20228 0
25205 0
24820 0
24685 0
22615 0
9129 0
26559 0
28146 0
27021 0
12571 0
8813 0
24670 0
21857 0
20047 0
15856 0
3588 0
4259 0
14788 0
19153 0
17707 0
13368 0
32767 0
12534 0
30678 0
27498 0
23923 0
18360 0
28044 0
19079 0
21043 0
13702 0
16117 0
28170 0
31664 0
22884 0
24111 0
15403 0
24215 0
25211 0
17312 0
28101 0
22823 0
10313 0
21059 0
28648 0
28944 0
29836 0
2562 0
17686 0
27753 0
12224 0
10398 0
29162 0
31195 0
23617 0
20596 0
24402 0
25688 0
25782 0
22013 0
19302 0
28351 0
29004 0
21132 0
32767 0
22573 0
12395 0
16978 0
19666 0
19737 0
27007 0
31866 0
9727 0
15628 0
10559 0
22922 0
8290 0
8673 0
25398 0
25307 0
13759 0
27125 0
12879 0
25854 0
22678 0
31270 0
27243 0
27077 0
2814 0
11421 0
31774 0
21047 0
22007 0
14984 0
21296 0
21373 0
13745 0
26677 0
13684 0
27457 0
24710 0
26468 0
16834 0
21090 0
28438 0
32388 0
11016 0
27208 0
16120 0
29178 0
7497 0
28040 0
29860 0
17274 0
12404 0
26459 0
32453 0
28539 0
31103 0
26218 0
18556 0
11476 0
20056 0
19272 0
9589 0
14397 0
23131 0
19291 0
23544 0
32754 0
23302 0
28262 0
22206 0
27515 0
31713 0
23767 0
20170 0
22779 0
23878 0
19672 0
27056 0
27200 0
21348 0
19991 0
21198 0
24137 0
21751 0
30030 0
28271 0
31514 0
27210 0
18266 0
30198 0
19724 0
30027 0
17165 0
5892 0
19239 0
15560 0
26517 0
19902 0
16586 0
15510 0
28334 0
19598 0
27623 0
7283 0
24918 0
26289 0
30803 0
15482 0
24192 0
18883 0
25477 0
32560 0
12330 0
23096 0
32268 0
29085 0
18959 0
30056 0
11948 0
22195 0
17965 0
26165 0
31234 0
10961 0
15574 0
19801 0
5523 0
26537 0
9886 0
2438 0
9589 0
31598 0
12365 0
20696 0
22352 0
26419 0
30919 0
20533 0
6874 0
29321 0
22758 0
31207 0
25134 0
4260 0
26017 0
30598 0
28758 0
24987 0
19880 0
29009 0
29233 0
29634 0
28056 0
23043 0
31133 0
28521 0
18065 0
12433 0
5304 0
23512 0
16010 0
15212 0
23017 0
31632 0
28508 0
11602 0
30567 0
29960 0
24272 0
24364 0
15354 0
23065 0
23375 0
16569 0
18328 0
27943 0
28155 0
8542 0
9299 0
16542 0
28381 0
23036 0
26727 0
20065 0
30457 0
30218 0
8320 0
22982 0
30966 0
30841 0
9364 0
21988 0
7811 0
22109 0
32550 0
31954 0
28062 0
32357 0
6950 0
22041 0
19874 0
32767 0
9723 0
27069 0
25540 0
20232 0
9133 0
16254 0
13421 0
31662 0
25535 0
27031 0
28668 0
31205 0
10284 0
26769 0
16276 0
5460 0
23572 0
29908 0
26251 0
9032 0
9917 0
25875 0
30152 0
17663 0
25862 0
31061 0
25333 0
12246 0
8936 0
10629 0
32486 0
22887 0
27018 0
6407 0
30834 0
9228 0
13071 0
27795 0
20700 0
10689 0
17754 0
24632 0
29854 0
15475 0
32334 0
28337 0
27387 0
11965 0
32541 0
6674 0
32070 0
3090 0
31615 0
12246 0
14235 0
21589 0
26480 0
30934 0
13497 0
32595 0
16548 0
18747 0
21483 0
20498 0
22696 0
15948 0
32767 0
22861 0
22547 0
27948 0
15959 0
8093 0
15515 0
30767 0
23337 0
3329 0
26828 0
30118 0
19659 0
24480 0
24997 0
27500 0
32617 0
21966 0
16945 0
30653 0
31861 0
14535 0
32767 0
11639 0
26161 0
15267 0
16041 0
31641 0
32583 0
19357 0
24139 0
22687 0
5821 0
4822 0
25507 0
24987 0
26544 0
22267 0
18709 0
18656 0
12014 0
27343 0
27384 0
24302 0
22089 0
30555 0
23300 0
31283 0
19558 0
20893 0
20885 0
29410 0
27738 0
28513 0
32767 0
16661 0
21365 0
24594 0
23369 0
18208 0
14922 0
25250 0
20116 0
31734 0
31613 0
18552 0
27518 0
12741 0
31517 0
22553 0
4848 0
25726 0
23249 0
15214 0
14939 0
21427 0
29027 0
32461 0
30276 0
21598 0
30148 0
29108 0
27579 0
13596 0
9472 0
26628 0
14131 0
32045 0
16283 0
16414 0
26519 0
20376 0
21759 0
30642 0
30267 0
19289 0
24864 0
13933 0
9910 0
29329 0
20407 0
26575 0
9652 0
23243 0
10438 0
24723 0
26714 0
25068 0
32527 0
25243 0
27856 0
26870 0
30838 0
29578 0
18932 0
22626 0
28147 0
27899 0
14793 0
18504 0
28807 0
17212 0
17459 0
32331 0
32767 0
28457 0
31660 0
29500 0
14223 0
14427 0
23738 0
6781 0
17185 0
25045 0
15111 0
28177 0
12995 0
25521 0
11827 0
14749 0
18661 0
8005 0
27025 0
14388 0
24615 0
15925 0
11723 0
32194 0
29951 0
21268 0
8551 0
21281 0
22614 0
9223 0
10107 0
22777 0
9215 0
22527 0
11746 0
25813 0
31906 0
8029 0
14921 0
20656 0
12366 0
16498 0
31034 0
22667 0
25989 0
23048 0
30180 0
28378 0
2918 0
9062 0
23937 0
22585 0
32767 0
20528 0
20622 0
29837 0
21165 0
8519 0
31794 0
31847 0
32652 0
27091 0
12770 0
24626 0
25143 0
13557 0
15282 0
30639 0
22852 0
25621 0
27097 0
22170 0
27383 0
7350 0
24506 0
28792 0
24723 0
25606 0
15276 0
31258 0
16550 0
31077 0
29844 0
17810 0
30665 0
29764 0
16042 0
15410 0
23799 0
18951 0
29409 0
17030 0
32767 0
23745 0
27153 0
25790 0
31030 0
16795 0
4158 0
5623 0
16118 0
26873 0
30271 0
26301 0
19784 0
23372 0
16097 0
30864 0
26112 0
30184 0
7927 0
18853 0
22156 0
28004 0
7565 0
22710 0
12438 0
17845 0
29568 0
21405 0
9634 0
23603 0
23337 0
16932 0
7053 0
30861 0
20160 0
27972 0
10712 0
17357 0
28919 0
29076 0
2349 0
23815 0
28518 0
26083 0
28488 0
30632 0
29044 0
13771 0
21055 0
26426 0
17173 0
32225 0
28375 0
30792 0
27205 0
22853 0
26534 0
14147 0
27930 0
32542 0
28824 0
21164 0
13133 0
27154 0
21387 0
28547 0
7956 0
31138 0
28174 0
13796 0
30780 0
6788 0
31932 0
22292 0
27287 0
21699 0
16575 0
14381 0
21901 0
30261 0
32649 0
14494 0
24585 0
15443 0
29584 0
23623 0
32767 0
27880 0
31590 0
17792 0
10368 0
23124 0
13686 0
1131 0
12194 0
32063 0
21431 0
29138 0
20943 0
25826 0
14846 0
29100 0
20528 0
17665 0
31535 0
8357 0
23664 0
22846 0
19471 0
13894 0
25085 0
24174 0
25739 0
32504 0
12911 0
19363 0
29835 0
24441 0
19043 0
27639 0
7169 0
26840 0
32686 0
26742 0
27434 0
16985 0
27109 0
32270 0
27554 0
17631 0
25536 0
25796 0
20637 0
30642 0
27976 0
13868 0
25421 0
14851 0
13203 0
21544 0
20710 0
22805 0
7216 0
16832 0
15852 0
29950 0
29514 0
26089 0
27705 0
31521 0
25340 0
11932 0
17635 0
13644 0
19471 0
31863 0
22011 0
29090 0
32311 0
26262 0
30186 0
26542 0
31990 0
24138 0
25121 0
14187 0
6376 0
31631 0
5993 0
16563 0
14522 0
30703 0
13936 0
22500 0
13509 0
15817 0
7195 0
13679 0
25258 0
14653 0
19638 0
29007 0
29897 0
21297 0
11957 0
14183 0
30021 0
32430 0
26349 0
28297 0
29124 0
15127 0
31113 0
2280 0
31507 0
21262 0
29851 0
22636 0
3930 0
18645 0
26514 0
28710 0
26873 0
13299 0
6221 0
28758 0
26874 0
25765 0
19923 0
2519 0
15429 0
32291 0
32767 0
4101 0
26560 0
23323 0
28294 0
30336 0
7853 0
30065 0
20697 0
18911 0
29330 0
23426 0
30556 0
2629 0
23398 0
27152 0
27683 0
29173 0
32716 0
14852 0
18891 0
28064 0
9872 0
19836 0
4903 0
12488 0
5122 0
23482 0
32361 0
25986 0
7090 0
22461 0
25792 0
2339 0
24796 0
27432 0
3814 0
18326 0
7128 0
32312 0
24265 0
32481 0
10061 0
3476 0
29529 0
16966 0
25693 0
19957 0
28465 0
30822 0
20540 0
19126 0
30532 0
17729 0
12944 0
20607 0
13153 0
23744 0
28264 0
24568 0
30499 0
26917 0
6899 0
29497 0
14180 0
12845 0
20799 0
8190 0
6934 0
23507 0
28261 0
18078 0
9568 0
29091 0
28030 0
30208 0
13986 0
30560 0
31304 0
15872 0
32231 0
29536 0
32238 0
17546 0
19605 0
30536 0
14842 0
21028 0
25450 0
20001 0
31773 0
30721 0
6901 0
19743 0
32001 0
31924 0
30645 0
16924 0
27813 0
15159 0
22088 0
29029 0
22230 0
20908 0
25335 0
28679 0
13150 0
14860 0
32240 0
23604 0
6511 0
21191 0
26409 0
11322 0
32204 0
32767 0
21512 0
4467 0
31508 0
6344 0
26903 0
28727 0
6535 0
23025 0
17107 0
31497 0
21665 0
10840 0
26557 0
18066 0
14725 0
19907 0
24142 0
32767 0
31865 0
20575 0
27074 0
30145 0
28956 0
18413 0
28481 0
26449 0
7026 0
23098 0
11620 0
16839 0
19396 0
8575 0
28193 0
25701 0
12291 0
17904 0
26269 0
22075 0
18950 0
30213 0
14862 0
27533 0
32767 0
19812 0
24697 0
8367 0
16089 0
28647 0
25339 0
26435 0
20365 0
9911 0
26453 0
18607 0
21541 0
32065 0
27590 0
30241 0
23528 0
32767 0
12691 0
20834 0
24432 0
27054 0
29031 0
20683 0
27909 0
22019 0
26232 0
32033 0
16942 0
32416 0
15933 0
24216 0
32448 0
14593 0
31755 0
23664 0
28733 0
15332 0
30340 0
24849 0
7112 0
18853 0
31820 0
18568 0
18663 0
13680 0
6152 0
26152 0
16835 0
24824 0
29850 0
32563 0
26952 0
27834 0
18922 0
15632 0
18548 0
27677 0
29344 0
31743 0
18142 0
28858 0
9302 0
8365 0
12593 0
2422 0
2290 0
20905 0
28837 0
32767 0
26237 0
31514 0
25236 0
25577 0
14230 0
11653 0
24415 0
19734 0
27900 0
6893 0
27917 0
29610 0
21239 0
18254 0
24911 0
15681 0
25994 0
20869 0
7736 0
17228 0
30801 0
30551 0
17975 0
13080 0
19154 0
14384 0
30288 0
31435 0
25689 0
23964 0
24446 0
20469 0
11438 0
26819 0
19544 0
27300 0
17878 0
27410 0
13627 0
19773 0
16018 0
26122 0
19996 0
24088 0
13469 0
27939 0
30992 0
24725 0
25776 0
22345 0
20169 0
30815 0
12768 0
26918 0
21969 0
29034 0
17358 0
32288 0
7894 0
31709 0
17673 0
6912 0
29211 0
25927 0
21974 0
23124 0
28056 0
31626 0
30288 0
22302 0
20595 0
14143 0
23252 0
8352 0
24334 0
15245 0
28447 0
26026 0
28406 0
30238 0
32154 0
18383 0
27026 0
13109 0
13933 0
32714 0
15180 0
27325 0
8109 0
5982 0
13615 0
22457 0
29094 0
29152 0
30454 0
17596 0
6222 0
7721 0
31502 0
27603 0
19993 0
31985 0
12025 0
31474 0
13804 0
22542 0
25294 0
9386 0
22955 0
26994 0
29578 0
25959 0
9864 0
32767 0
32708 0
30732 0
17513 0
21226 0
30654 0
13711 0
23822 0
30488 0
6743 0
29086 0
21843 0
22976 0
22150 0
32179 0
11401 0
12188 0
19479 0
27395 0
9293 0
25571 0
29780 0
29274 0
18369 0
30617 0
24333 0
28048 0
29878 0
27040 0
28254 0
25247 0
6189 0
29473 0
14416 0
9644 0
29414 0
18130 0
29854 0
3812 0
21759 0
27483 0
23610 0
28771 0
32096 0
20645 0
18128 0
23567 0
20043 0
28979 0
19372 0
21501 0
15024 0
4465 0
23257 0
8780 0
11249 0
13271 0
4017 0
28198 0
20056 0
13435 0
27347 0
22220 0
22058 0
19475 0
15048 0
32486 0
11273 0
21314 0
32767 0
23784 0
20502 0
8370 0
5558 0
26229 0
26844 0
5078 0
28166 0
25203 0
24532 0
31987 0
6830 0
17004 0
28295 0
23294 0
21552 0
32767 0
25087 0
25019 0
19995 0
22872 0
32327 0
24261 0
27370 0
29526 0
20080 0
24432 0
32430 0
26091 0
22849 0
21647 0
26636 0
32505 0
29745 0
31198 0
27626 0
24707 0
20835 0
29825 0
21717 0
32767 0
30611 0
16367 0
10402 0
32270 0
18588 0
19937 0
26070 0
23287 0
31045 0
30138 0
22674 0
11265 0
27771 0
29669 0
14765 0
23436 0
18394 0
22844 0
11049 0
5367 0
6743 0
25489 0
5116 0
13943 0
28279 0
9031 0
20804 0
19287 0
29850 0
18593 0
23433 0
32306 0
14343 0
12690 0
22177 0
14993 0
24361 0
23958 0
23587 0
9967 0
23671 0
22396 0
26216 0
25511 0
2233 0
28450 0
27250 0
32521 0
26589 0
30187 0
27592 0
13539 0
11199 0
9454 0
26798 0
25857 0
21215 0
25622 0
25731 0
8178 0
8311 0
30384 0
26218 0
30989 0
13036 0
25252 0
29950 0
28933 0
27209 0
16481 0
14071 0
15048 0
20338 0
30268 0
22720 0
17439 0
4607 0
20276 0
20127 0
25006 0
26101 0
23473 0
29995 0
18197 0
25455 0
29168 0
10382 0
24128 0
24028 0
30160 0
26478 0
27226 0
11264 0
6766 0
21625 0
7456 0
6372 0
22903 0
23588 0
32078 0
27235 0
24080 0
12077 0
24602 0
24414 0
29878 0
22020 0
23088 0
24179 0
18950 0
32767 0
18172 0
24469 0
28566 0
5735 0
29520 0
31797 0
21333 0
13789 0
19531 0
30825 0
24192 0
30250 0
23453 0
16645 0
2840 0
31381 0
20986 0
11252 0
9597 0
23659 0
9041 0
20857 0
29515 0
27418 0
15132 0
10838 0
29462 0
22673 0
13626 0
16947 0
13798 0
12405 0
25775 0
5163 0
8552 0
28039 0
29523 0
22927 0
21034 0
12451 0
27416 0
26172 0
24988 0
9988 0
22779 0
32267 0
26330 0
14494 0
31557 0
14682 0
31084 0
26592 0
10217 0
16155 0
24013 0
16889 0
28721 0
30011 0
28363 0
29696 0
32677 0
29253 0
31620 0
20357 0
30336 0
23701 0
19260 0
15195 0
31992 0
23286 0
18916 0
26299 0
26766 0
28638 0
6177 0
4620 0
27054 0
17107 0
27802 0
12297 0
10976 0
24823 0
31558 0
31124 0
13795 0
18901 0
32105 0
28387 0
7528 0
26655 0
26946 0
24493 0
32570 0
31307 0
12560 0
15723 0
19704 0
23736 0
13260 0
20282 0
6436 0
29322 0
24956 0
23883 0
25741 0
29198 0
28046 0
24039 0
20575 0
29745 0
7037 0
23646 0
19725 0
18040 0
11629 0
23960 0
31111 0
28035 0
27469 0
23841 0
21112 0
19832 0
30472 0
25443 0
10290 0
16401 0
7526 0
30895 0
32767 0
18692 0
22935 0
27797 0
20100 0
28316 0
17002 0
32221 0
21480 0
7301 0
30684 0
13985 0
23639 0
27598 0
27748 0
26263 0
18755 0
28403 0
28996 0
4828 0
27401 0
25005 0
28160 0
13281 0
27662 0
24441 0
26208 0
23300 0
30609 0
21277 0
27834 0
16916 0
30377 0
31624 0
25841 0
10263 0
26007 0
23309 0
28005 0
25546 0
29827 0
15734 0
11782 0
4866 0
30306 0
21739 0
20546 0
25589 0
6409 0
28805 0
30393 0
6639 0
14498 0
29942 0
19129 0
22578 0
24711 0
17874 0
30773 0
13101 0
31838 0
23298 0
18492 0
16184 0
24063 0
27752 0
24012 0
19375 0
30108 0
31558 0
12199 0
22104 0
26514 0
16805 0
14063 0
28698 0
29542 0
27412 0
26553 0
27289 0
10814 0
29825 0
32230 0
20533 0
17743 0
16840 0
31111 0
14453 0
30461 0
23788 0
27367 0
31824 0
21667 0
27923 0
22350 0
22906 0
32429 0
25837 0
21678 0
17242 0
31490 0
32015 0
25676 0
22552 0
27309 0
23673 0
22904 0
19715 0
2402 0
31138 0
31171 0
29380 0
29205 0
25534 0
20032 0
23376 0
26440 0
30134 0
8609 0
29265 0
23684 0
22951 0
15126 0
19475 0
29671 0
18168 0
15991 0
32767 0
21797 0
14158 0
5794 0
15327 0
31228 0
13116 0
14911 0
9103 0
20440 0
3880 0
17415 0
32542 0
27071 0
30092 0
32370 0
25830 0
9755 0
15753 0
20549 0
15597 0
26305 0
23863 0
24613 0
29332 0
3980 0
13695 0
12736 0
30432 0
23099 0
23901 0
27425 0
25759 0
30103 0
22139 0
14733 0
26775 0
30102 0
22043 0
20808 0
11640 0
13195 0
24047 0
30125 0
23704 0
24081 0
11199 0
31195 0
16293 0
18708 0
23198 0
16961 0
26061 0
28999 0
28838 0
10221 0
13154 0
21836 0
30629 0
23829 0
15499 0
28221 0
6684 0
20396 0
26177 0
25267 0
27059 0
15212 0
15561 0
31047 0
8188 0
31504 0
21353 0
13530 0
17513 0
32045 0
26419 0
17861 0
32029 0
9616 0
29446 0
28515 0
16422 0
26698 0
22022 0
14928 0
22362 0
28558 0
24532 0
22574 0
27513 0
28294 0
27566 0
29890 0
19847 0
30131 0
27966 0
24624 0
20281 0
15171 0
10149 0
16181 0
11176 0
29151 0
29059 0
14679 0
16575 0
30194 0
27865 0
27649 0
31612 0
28053 0
8396 0
29078 0
15463 0
29161 0
31594 0
15290 0
16348 0
11167 0
32153 0
32006 0
27729 0
4744 0
32767 0
31374 0
31373 0
9108 0
20110 0
14594 0
24968 0
29976 0
14912 0
8012 0
18609 0
15299 0
12939 0
12592 0
14046 0
7709 0
23764 0
24722 0
18893 0
7471 0
20693 0
30957 0
21593 0
21377 0
17699 0
31185 0
4952 0
16947 0
32487 0
10810 0
27865 0
27121 0
25306 0
7125 0
30676 0
28410 0
23626 0
18662 0
32456 0
24961 0
23767 0
27484 0
24323 0
26396 0
19496 0
31109 0
29232 0
32047 0
15641 0
1871 0
28836 0
8693 0
12309 0
32767 0
17413 0
9219 0
30871 0
32767 0
31428 0
19230 0
25236 0
16766 0
17248 0
25420 0
19526 0
16453 0
13645 0
22755 0
26535 0
26877 0
23615 0
24680 0
27014 0
11924 0
25643 0
28098 0
23021 0
21271 0
22687 0
10301 0
31541 0
16093 0
30884 0
28878 0
23658 0
9080 0
30149 0
18842 0
19078 0
4672 0
944 0
14702 0
18127 0
27164 0
12716 0
23849 0
8800 0
22585 0
32674 0
20016 0
13686 0
24415 0
31842 0
13646 0
30405 0
26797 0
24609 0
29735 0
25886 0
15929 0
30463 0
29725 0
12220 0
12478 0
13186 0
19059 0
15996 0
24593 0
12542 0
23910 0
30150 0
23740 0
15005 0
30330 0
25871 0
16670 0
10765 0
24767 0
13969 0
28138 0
30477 0
25359 0
18474 0
29507 0
27242 0
14174 0
31151 0
29762 0
18582 0
29994 0
21230 0
31945 0
14866 0
29403 0
30902 0
19480 0
15814 0
13746 0
7110 0
28706 0
32345 0
22981 0
16006 0
32652 0
12620 0
30836 0
29191 0
28655 0
19191 0
24544 0
16734 0
8793 0
18363 0
10444 0
25302 0
30383 0
13379 0
27553 0
29952 0
21509 0
18634 0
18336 0
23450 0
27698 0
28251 0
3016 0
28677 0
8589 0
12045 0
28472 0
25661 0
24545 0
13753 0
24133 0
17777 0
11594 0
29508 0
14539 0
9511 0
26910 0
13997 0
16184 0
7265 0
25315 0
7170 0
25518 0
31914 0
10196 0
15079 0
4418 0
30865 0
29012 0
13311 0
24120 0
24242 0
26442 0
17945 0
17883 0
22545 0
27116 0
18978 0
11564 0
7868 0
18231 0
32649 0
8745 0
12521 0
14732 0
26892 0
9166 0
15329 0
20405 0
19270 0
28952 0
18865 0
31283 0
23820 0
25059 0
26500 0
9504 0
2382 0
26799 0
9098 0
32682 0
14965 0
32717 0
30054 0
29751 0
24264 0
23628 0
31820 0
22387 0
17074 0
11671 0
21614 0
30950 0
27280 0
31274 0
20485 0
29568 0
28451 0
31119 0
21256 0
7470 0
21866 0
19302 0
29600 0
30555 0
18535 0
19329 0
22182 0
25166 0
24172 0
4389 0
16622 0
29371 0
25189 0
16187 0
18068 0
30960 0
32495 0
21740 0
26345 0
13278 0
31149 0
13678 0
30979 0
29618 0
23961 0
25266 0
10720 0
20450 0
28998 0
31905 0
16154 0
29655 0
22767 0
19376 0
24616 0
13626 0
30392 0
6487 0
27085 0
30158 0
31815 0
24708 0
17005 0
30880 0
12287 0
23108 0
6007 0
20586 0
29069 0
20203 0
22224 0
11017 0
4837 0
30964 0
24598 0
18711 0
18117 0
31955 0
20159 0
31305 0
26237 0
9610 0
28945 0
30523 0
25925 0
25860 0
30550 0
31519 0
13112 0
31233 0
29735 0
15302 0
12364 0
29217 0
31079 0
21948 0
30948 0
28456 0
31240 0
14173 0
19559 0
30515 0
13603 0
32716 0
25227 0
3004 0
19750 0
27129 0
28475 0
27818 0
31110 0
6681 0
25314 0
31410 0
26736 0
30353 0
29480 0
7859 0
32575 0
14382 0
20148 0
22317 0
22988 0
21362 0
28870 0
31489 0
24320 0
8978 0
26947 0
14391 0
9999 0
27807 0
11252 0
22304 0
24956 0
21202 0
29859 0
11082 0
26656 0
32536 0
8508 0
14773 0
28714 0
26980 0
22661 0
28879 0
25893 0
19953 0
2754 0
19344 0
11996 0
13366 0
22637 0
23895 0
29510 0
31291 0
27551 0
12324 0
31665 0
28763 0
31602 0
29731 0
12634 0
10021 0
16334 0
31278 0
23232 0
30246 0
13304 0
15338 0
20888 0
20145 0
16351 0
23461 0
9963 0
18562 0
28054 0
15135 0
31172 0
28598 0
11497 0
17413 0
15475 0
14166 0
29434 0
26582 0
13631 0
27477 0
26751 0
16017 0
21050 0
7832 0
21609 0
24742 0
20448 0
16804 0
16296 0
30566 0
28268 0
18616 0
27343 0
21397 0
23975 0
31030 0
2393 0
14809 0
21714 0
16992 0
11389 0
18242 0
31882 0
5215 0
