-32135 -23704
-14548 11050
25341 -9960
9156 -24279
26579 -21121
-30577 22679
-24490 -22718
1863 -13424
27801 19752
12739 4204
-12126 -5797
10348 -1784
-17019 12701
-28962 -26203
-18012 -24420
28389 10128
-11607 -32275
29371 21551
2708 -22275
617 -27886
-21664 30323
11832 -21091
-766 7370
-6565 3825
28573 27749
-7072 -17927
3904 -26682
-9256 19216
-27523 -13901
-32767 -27560
-7420 18634
-29367 21041
4634 -16401
-23666 -20177
10373 32048
24626 27551
-31587 -19710
-22588 5618
-28635 -1098
31424 -18511
-1172 11218
-2461 -31878
18985 27609
-18702 -11875
-24168 14677
-2625 -14588
26298 12307
7201 9518
-28045 31030
9968 23287
14702 31903
1465 -23844
-16453 -29160
27308 -21181
-20360 -16758
14538 27464
-7379 26085
14183 -26273
13098 -32630
-18190 -21216
7360 -30777
-2584 15028
-16708 -22914
-5494 -2079
23111 27850
-25415 14711
-26031 -26620
21662 10958
-9387 -29128
4531 -4386
-26601 6147
3621 20907
30295 -27893
24872 6179
-22406 15078
-11641 -29556
2674 9459
5232 27627
8466 24010
23950 2160
-2077 -21639
26294 11318
3271 10308
-372 31129
27089 19833
19562 20862
-7994 -18216
-11176 27051
31159 -22216
22389 -19951
-32140 6552
5161 22063
25790 -22871
-5064 30721
145 12488
22254 6783
-17049 24200
-16290 153
11847 2730
24673 -4539
-4788 -15942
461 -26438
-6090 18795
19754 -10815
16683 -17565
6196 14252
-30479 10950
-6758 2825
15623 25218
-7307 -27556
-14915 23819
-22486 -11254
3426 29555
19095 8772
-1516 10879
14337 -2120
-32 16853
24769 -9811
-21449 -12324
16860 -5306
-32576 19802
-3075 -29847
31898 -10300
4514 -13789
17574 19009
154 31654
-7265 -28621
-10202 -21190
-19284 -5848
-25388 -19129
-7233 -31186
-169 -23745
7280 13449
27343 4845
-10883 30012
-27864 1619
-3022 28946
30173 30435
21139 -17004
-1451 20294
10065 -30821
-22833 15688
1468 -31016
18446 15286
10737 2600
-3726 3270
-1794 31249
380 10577
2008 -19274
-13814 -32467
32224 -16439
12715 22886
-30498 10644
-23502 12926
20770 -19897
10636 9842
-11435 29573
-21365 -24625
-1871 18625
-23006 6162
-29630 12836
2330 -30038
10346 -18339
2690 18394
-15834 -17212
-5642 -15195
-20029 29359
-19532 -31007
27044 3186
-30380 -9519
19091 30885
-11798 -32287
-2797 -6700
10003 24092
-30875 2198
-3818 -12159
38 22182
-30866 -15878
11356 -10521
10252 8013
12395 -8958
-3853 -18692
24229 -25404
17354 -8004
-4073 19690
-1970 12327
-13987 -29056
-27550 13303
16233 2465
23308 21599
-20067 -32767
-9004 -250
3565 -22163
-20633 3060
9783 30786
26982 -17333
-16559 -4377
1094 6072
-30287 21662
12325 -31097
32259 -25563
31806 -11055
-18369 137
-32041 7977
-26930 24427
22987 24273
2593 -25694
-30134 -6573
-339 -14718
-30838 -29208
9532 -1799
5631 -3320
-2946 -15435
20524 27814
-14429 -6768
-21850 -1115
-8850 22327
10768 -18460
23248 10520
7481 -26047
2210 -20145
-24336 -3312
-22430 -25914
-30617 11867
-11935 -29128
11846 -15023
16690 -7505
18767 6218
-31612 25695
2320 20895
-16205 5090
-32767 -8141
9089 13511
21896 -9245
31781 32357
-9002 24077
-22511 -29162
-32767 -31395
-10186 8663
-15663 21793
28787 15758
-22316 -32103
-8456 -22588
-21952 22397
12967 -17992
-29591 -25426
-5865 13255
-8232 -14670
20659 26971
-2805 -6171
-24253 -21596
-14256 -8541
23156 -8623
12961 -8378
26899 -12025
16612 -23782
-19698 13316
25284 2709
19419 -32288
-12916 11158
19931 24269
-1061 11932
13604 -31709
-30636 -1406
-28329 -2782
-8890 -29386
-31574 -25134
-12168 4871
4115 15015
8764 24138
22815 1866
9216 24462
22793 -11821
-20061 -2728
7049 -12100
739 27486
8304 -29364
6317 -20053
13738 28863
-24816 -26599
-17529 18315
-17877 -24159
2834 29290
-18112 11220
-16922 29695
13722 -18837
-1734 -25157
-2915 -8795
11582 25412
11282 20807
20935 25446
26531 2938
8543 -26752
99 -10034
-8006 27568
4045 -23578
14497 20311
17021 18557
-16932 4132
17051 -822
-11241 29319
-2111 20929
-22031 -1656
18855 -3202
5367 -16784
-20759 11323
-8879 15898
13784 24128
26754 23894
-17125 -1396
-8505 -29335
19415 -21907
25944 -23158
-31192 -26417
-8681 -9966
-10198 -14557
-25198 2252
2519 22279
20520 7551
25090 25552
-14486 31911
-17538 7331
-24077 -13087
26835 13899
17502 -25955
6214 3198
-31517 -2046
-2928 -8174
23710 -20940
15075 -9571
-31885 -16503
-749 -27703
16353 25832
7088 -23948
-17543 -30996
30514 -5692
2405 -26836
14168 -22531
-22690 -19925
23178 -12321
3563 -16543
-19939 -1779
-5295 18118
11078 -2143
14939 -15872
19851 -2645
30071 29401
20680 -3023
-8238 13194
6347 -694
-28843 -22167
-24936 28242
-28267 -29041
-9978 -4351
18661 8595
2201 522
13333 22550
-12500 29977
10130 -23677
10910 -15696
-17519 -25825
-32396 15008
-20885 -8584
20263 12304
9940 10176
-6762 -25645
-29796 22016
6208 -32410
-17884 -21575
-26472 19236
17525 5297
-29791 -24343
12356 -20110
25916 24421
31269 -1418
25444 1192
13264 25407
-12626 -13925
13750 28128
-13737 16758
-1671 -7906
-31370 -30111
18853 8847
-2310 -16595
18497 -9312
-17319 31555
18454 25938
-14772 10366
28459 -23373
25633 4451
-12344 -20405
3336 -24402
-12416 26125
11616 -24023
-32657 18800
17041 -15960
26292 -11973
12213 13973
-16788 25828
-32767 -31651
12343 29960
6671 32355
28348 19249
-32767 14284
-17429 -22014
7468 -25382
1027 -6304
-28634 13381
-26160 -16422
-29964 -27530
11862 -16055
-31045 6785
-26649 31657
7019 18392
-30067 -23592
-9510 -28052
5590 -30282
30506 -11189
16150 10656
-29292 5299
-31466 25045
26881 -10305
29196 -16036
-21737 -27931
22199 4398
-30024 -11554
6455 24248
25746 30356
12390 -24566
29627 14317
-28352 4896
27858 1230
-26447 30184
-19865 3421
-26657 -7980
-28333 19961
9082 13463
12404 -19452
-5952 15514
10031 -26983
19373 -8752
9600 13393
-12479 19386
-27863 29521
-11969 14870
7707 -12844
24653 30023
-18019 13901
-31881 3782
-30663 -10520
-32005 -4080
-24035 -12437
-21604 -24425
24272 -487
30301 -28486
11630 -8070
-14911 -8380
-15686 11561
-14910 26067
-3315 -10097
20066 19265
14498 -4841
-4719 2763
29340 27432
117 21307
3660 30753
-5214 3657
15748 32051
31050 -45
-24271 -11781
-21131 29083
13228 -21672
32108 15457
-10132 2799
-5001 -28219
5315 -26762
23230 -26014
27487 -23105
-3876 7321
8359 -13230
5440 6175
15156 -9669
15363 11414
-8361 -800
-1810 -26095
-7214 31671
-23716 17250
-15588 5683
20720 20391
-22391 -15079
22841 21447
27470 -28687
6709 319
-1244 -17087
-17081 -16344
21027 -19562
-25904 -24917
29825 -22482
24939 -6790
-27406 16646
29500 -13139
-26732 -8873
-7069 20738
28184 21878
-6887 19098
-21875 9264
13124 -8996
30145 -23532
-9701 9476
30055 -6361
-2593 -13413
27646 9514
-2699 29302
31147 -23724
18622 14818
-4077 10712
20082 32609
6435 -28758
31802 29162
568 -3312
21277 1433
-13056 18931
-3717 15020
-17778 21916
25856 17567
-6227 28765
-24734 -5062
28634 309
-20633 22402
14480 -25622
-25418 9221
-17844 -21270
-16572 30909
4012 -32471
26937 -11021
-28643 9228
2122 -13829
29784 23939
-32767 -17871
9403 27760
-25853 17639
-28219 8354
-15024 20054
-13062 10203
-15549 -27196
-20491 30476
-20994 -26223
-13741 -25684
18596 -30594
-28985 -26645
6521 26632
30348 10470
-4834 -31352
26557 -27712
-14622 28393
-27868 -9904
-16374 1772
-10502 -22491
21382 21922
15477 -20976
16016 15479
6097 32134
-25741 21994
-29621 -17140
-12282 1600
-30735 9063
-5975 15501
3646 26228
-27197 -18118
16683 -17387
-21761 -24071
8671 27700
-24251 -20475
8187 -22899
14790 19979
2904 28254
20529 -879
-24488 -12107
-19275 -10693
-25660 16133
-13242 15568
-5991 -4733
11013 -1857
15077 28853
-28730 14392
14283 14579
-15775 -24756
-16254 -18049
1960 5873
22228 26917
-15931 -29983
25244 -11200
-5952 -1429
-6801 27037
-22280 21553
-19499 22693
-7364 32522
-18031 -22633
14788 13187
657 -13913
23750 1564
32182 -14058
8526 -26258
-1927 28595
13830 3072
-8817 -386
-32767 -19242
21919 13431
2553 -17609
-23190 -26672
11281 -22986
-32022 -9941
29109 30390
28824 17463
-8093 -18566
-11101 23258
-12683 -4375
-2572 6262
-23593 32507
-21836 -16527
13122 16780
-16090 -10818
23096 -9426
-23279 29080
32257 18316
7611 -26708
22705 16487
-17674 -4767
-31135 -7174
29263 4841
21255 -3616
-17322 6799
-32344 -20186
-31897 5146
-22242 -5057
-14036 -29903
-70 -32550
15225 -4347
-24326 14713
23504 -11088
-29049 2249
12752 32025
-901 -6485
4720 9677
-374 16397
-5024 27179
7243 18306
31276 -30318
-23606 -7941
-14782 -26486
31604 26007
4299 16364
21733 -26668
13195 28830
-7435 4766
-25472 628
27442 27289
-22635 -23979
6219 -29132
-15518 30355
-13276 25457
-4028 -31905
9713 7895
18982 14084
9005 21608
-15056 26726
-22090 -3121
29120 30420
13260 5182
-32767 -7265
-23736 -5069
-17449 -28260
-9576 24920
-30480 -3676
21643 -27688
-21728 -27882
30000 31414
-9894 16369
-16281 25380
15417 7901
-19626 -27843
-27837 -20468
8647 11214
-11417 -12904
13251 11890
-22327 -10579
-27152 -22677
19981 -28678
23645 1064
-31099 -25047
9741 5393
30517 -8575
-27573 -13754
28028 -12332
11723 30835
22387 -22174
-15661 -24799
-23059 -25447
-19642 -7486
14165 12610
17633 -29441
30449 -4018
30922 29046
6323 2037
-10748 27151
-28907 -32685
-27611 -12375
10877 -7636
-11629 -9629
24176 9718
-31571 -25824
-2074 -4829
9908 22563
-7663 -26526
28262 2948
-12961 15475
29128 29808
-18930 25389
20767 -27131
9354 -8426
28879 -15116
-13830 5774
31501 20918
-940 29514
-26196 -30512
-1898 32240
-9880 -22526
28810 10037
-29966 31048
20539 -19350
-19337 7550
-16521 28656
-26392 15355
22694 19162
-470 16249
21865 -3148
13050 -1935
3946 -12244
-5681 -3705
4810 28304
-11307 -14304
17380 -6893
4634 6473
-20952 -12587
28806 -11184
-24162 16314
-4584 23332
-31121 -25615
-589 5479
7894 7280
-28231 -16310
6941 -18115
-16715 -15206
17211 -13278
12509 23902
-19253 -11703
26670 2073
-8706 21455
-21269 14329
-26735 1541
12674 -21083
-9701 8110
-21135 6063
-22376 15435
-1324 -30464
293 -30108
-25531 -14047
-13225 16931
-884 -20939
-7888 23555
6556 23291
-22898 6021
-16196 24041
-4066 -550
-4112 -15452
11665 -12157
-12470 28529
19675 -24675
32335 -7992
-7183 -17601
-16343 -30450
-23939 -8712
18774 -28821
-27440 -26857
-2459 28078
-5251 30788
-4228 19042
-11696 -25999
-10292 -29559
25043 7568
8003 -29628
13540 -28147
31514 358
-1290 11078
-1219 9345
27945 23868
-17432 9767
1020 -15488
11631 -14637
12806 -10856
114 21945
479 -1835
-9105 -4486
17111 17865
5666 11694
18296 -28521
13770 7715
30273 -8587
1155 -12408
11062 5114
16917 5422
27988 -3567
-10134 -15452
-16683 3063
-812 -3320
12181 -8238
27087 10577
18083 3729
-4950 -23518
15991 -15878
27787 -21558
23333 4019
19805 -21610
-4272 21207
-13438 25917
2149 14508
-32767 18423
6854 30113
11353 -22783
5441 -1049
29613 21729
28939 -22204
-31927 22755
-31156 -2646
-29552 -22719
32025 -30944
-30240 25838
-23813 28583
-32473 16714
31297 18070
-7398 -12161
23385 30083
17661 -5473
10170 -2850
-29858 5543
15275 10326
6184 -29727
-17096 22633
22425 4477
-17335 -24665
10795 -10268
-11548 -16167
26113 -20019
-28187 -7711
-26569 28308
-13715 25345
7517 15363
-18207 30012
-23765 29668
21685 -18234
-10660 4458
-27191 -21672
11245 10046
-25637 -3077
932 16578
3979 -23807
-11640 -30277
25622 6830
-9582 15265
-27348 -13106
-9658 11972
6527 -31972
14864 3072
10885 -32571
-12181 -32767
-19890 -8763
-22355 19449
31301 -19827
29160 24652
9299 -9973
-24367 31018
-18979 32368
-378 18277
28831 -5421
-31651 10877
11789 8516
-11432 -25536
-86 19769
-9371 -13207
21258 23420
1540 -27570
-20038 -24688
2315 27699
27630 15817
-6509 -5075
150 27650
23889 31047
1776 7626
14058 15352
-27871 26517
-2408 5144
-19144 2829
31014 -16641
2941 24649
17112 -8674
-13057 12079
6283 -11689
-27145 13226
-16451 6405
14924 -4174
-11145 -28926
-27605 -21704
31992 16530
9884 -20789
-16168 25554
16253 -14969
-8037 -22259
31594 -16070
-9345 3563
16624 -25839
18368 17773
2072 23299
-15581 3026
28273 14144
16723 18901
-17426 -19452
15133 23230
-13321 -12234
-13662 4688
-19905 -30832
28749 -17307
10725 10922
-26399 22113
21572 -31625
-7632 30041
16645 -3172
21797 15831
-20023 3700
-23595 -6399
11775 28252
-3211 -30545
-22736 -28719
-14030 -30750
24860 21147
-2550 -20525
30987 -16790
23633 -21251
20039 -16182
-26608 16519
-2777 30429
25624 -28770
7849 -9800
-22933 7231
7362 27000
19175 -17221
18890 9877
-25353 7274
5844 -12601
31791 27717
8889 24896
-15158 15335
-25038 17970
10853 9577
-13402 2269
-22492 32608
11331 25981
15210 25206
24469 4907
13154 -13799
20348 10041
-32717 18096
-1754 32485
-26984 -22998
18647 -206
-4999 32545
-2615 -4631
-25353 10151
23642 -19796
4078 -20693
-27905 19147
21986 -2640
8185 -30884
-26532 -3265
7950 13327
29339 6554
29835 -19697
2945 -16195
28193 29535
-13303 -32229
-27336 -436
6001 24887
-4962 32070
8979 -30801
-15101 19323
-16242 8735
-30635 -11783
-16996 -32767
-32074 -5704
-19572 19037
-10198 9492
-18597 4445
28749 -7158
-22508 19427
-14856 15007
7410 -9488
-19695 -17056
11277 -479
5503 27478
20211 -29522
-6623 18224
12528 19266
13121 -29473
-6935 -17869
-13088 18754
-11309 3900
23606 22529
22129 49
-31407 -15237
-25368 11041
29997 19343
28132 -184
7740 19163
1633 -8323
-402 14107
-8515 11803
25666 2404
-6933 -6969
3770 -10255
-29071 -29706
31973 -22924
-745 19397
6472 -1507
1821 24132
-6387 -15815
28019 -30717
-32767 -16137
18010 -7560
20983 6372
-25349 -31598
-13567 -16402
17096 -2862
-8757 1895
-19640 -5276
28897 -32465
-28297 28655
-16547 -28520
22955 -26725
4120 -26214
-211 -4647
16052 -15126
-28311 22164
-29626 -17202
-21412 20128
15646 2542
23694 -10064
-26502 14073
-9024 12386
-23248 -10718
27440 -26231
-28819 -24020
-2519 30567
-22660 -27879
-28160 26289
-16063 -4575
-29093 -16087
29424 -10016
-27046 24759
-14786 -11701
-5635 28996
595 6919
11153 27336
9805 -2771
12309 1394
-25478 30651
-19553 15073
3937 -23767
-12429 977
21306 28036
-24750 -23882
28454 -19725
-7083 -9803
17368 -23616
17675 9388
13972 -1599
25808 -28212
-9496 16951
13031 -5264
-5231 18619
-29340 12928
-16014 14891
-9139 -25393
10352 5376
-24270 -12387
13796 -6545
2396 8988
15940 -22874
-28521 -14368
12996 10481
-25257 6902
19293 4271
1694 3249
-13114 16515
-16842 -23530
-22593 -30415
29759 22530
-21034 2707
-6166 14385
29768 -25051
-25901 17621
-30044 -32242
-25207 -27653
-10783 10325
-22189 -11187
3433 9824
10965 -16681
-12515 20133
-15439 12579
3004 -7846
-31977 24067
21082 32125
24397 26172
-7462 25896
-25301 -30651
-11840 3294
-1204 20502
20605 17125
30487 -5556
-23683 -9125
-16631 26331
-22835 -10456
16675 -28845
-32385 19654
-7522 -11627
17632 -23106
22605 19268
-31062 -13519
31753 22906
-14977 8639
24510 -13266
-2301 22896
-14974 3292
13084 313
19249 17421
-12689 27323
-26052 -4213
29027 16296
11286 -3038
-31533 5837
179 -32767
-16419 -226
-23870 13298
17078 17958
-1607 -4813
-5033 -23638
-19014 29366
22913 -18783
-6478 3451
775 24719
-26400 25947
-18523 28559
1143 20482
-22450 9941
-8321 11563
-28290 295
7592 30522
21722 -30710
-18753 -10831
13014 -1139
8581 -17285
-5545 -25139
-7819 -1568
-24378 25227
10514 -21172
-10926 22436
30534 11649
-27529 1656
-27077 -10488
-5114 19758
31404 31512
25849 26147
31230 13057
-30133 -17827
27874 20897
8737 17232
24835 4870
-4779 -5333
-23476 14004
11349 30813
96 13934
21530 10971
-24100 -17544
-30138 -4657
-19937 -3168
8048 -16025
973 -2898
9874 -19657
23139 -13638
-26113 -15182
21085 11771
-32227 3300
-31454 -2863
-11466 -21276
-32 21982
-16254 31156
-2287 14998
25673 -15724
5919 26686
21564 14557
20890 15446
-18505 3002
323 -20033
26340 23668
5796 -26750
5776 -418
-29020 1863
-8910 -13201
-2272 13912
9622 -9900
12093 12426
24533 -4615
14215 24128
20396 7091
-16647 13144
21330 13904
8688 -26735
-13351 -31222
-17909 9611
-14698 -23685
4448 29738
-8386 29305
32039 29809
30212 20291
-8504 -1425
6900 20787
-10651 -2244
31554 9404
8991 12423
-20287 -8121
-12300 9116
-1783 -12154
21250 15841
-1528 -12208
21001 16828
-1344 -20618
7815 3452
21564 -6793
-12120 -22039
28534 -16794
-3790 -29820
29428 -14364
23738 17767
252 -568
13867 18350
-21763 -26361
-7943 -19865
10753 17117
26958 3964
23125 -8487
-19773 23365
-6599 30767
-31668 16209
8019 -20719
-14426 -13782
-30765 18087
9388 21829
-9166 21681
-6390 -30325
-28656 28205
13634 25435
-29772 -31324
-8525 17762
714 -17717
11500 31234
-16007 20382
-31126 12512
18616 8752
-29368 -30166
16794 -15113
-5457 -554
-27932 20072
-18275 -22885
32163 15213
10669 -11979
-19639 -14582
-3775 -14412
32127 12375
-29270 20296
-20650 -15321
29693 16252
-2789 29268
-28578 20237
13839 -12457
-29842 26533
-2932 -25957
14612 29675
-26099 -2221
-2311 -3301
-31074 796
-3416 15395
10604 -18108
5522 -8898
-12766 30267
-2062 13931
-20029 -29910
-4311 31330
13880 27626
-2214 -20416
-23561 -8169
-12096 -11058
-3447 2704
24855 -12315
-30100 25722
-10831 -18900
6082 901
28798 -1438
16920 -10163
-32344 7957
-18617 -32367
-15694 -8583
11776 9063
-7528 18467
-28297 -28989
18397 39
-2943 2561
9329 26334
2547 19345
-20714 32130
-15593 12554
2165 -26445
-31182 -20636
22508 -7647
-868 19305
-11748 -4528
-27444 5869
3195 -14675
6684 13418
16114 19655
18336 31594
31917 28520
4589 28101
-19807 -12388
26588 27504
15851 -28263
-25162 13387
8443 -15687
10121 -5983
4054 22800
1400 -16184
-14422 16114
11064 2318
-3386 -7505
-9001 -13013
12455 8817
-25716 -926
21211 -7641
19001 8705
-28237 -28532
-30057 19024
-5509 -31291
-32250 2845
-26555 -7197
14782 6880
7015 26490
10627 -27149
-16666 7980
11689 -10279
-13484 25090
9178 3577
-22957 -11872
29342 -2330
22490 -24566
-25671 -32766
11288 29381
13539 -29021
7871 24249
-15280 -1005
-24244 22278
-6066 -1144
22372 -17166
20604 579
-18420 5776
-13775 11366
655 17578
30920 28973
-9052 -6277
-1450 -1567
-13149 21483
-19695 2687
29331 -1553
18426 -21505
25860 -24434
-20085 -22056
-12442 31483
-30956 12356
-17690 30540
3965 1966
-14732 -17845
-18736 22399
-13741 23666
21933 19847
6000 -5733
-13724 11738
-18094 10519
-17734 -32288
16852 9480
-12939 8877
-14509 5084
-27781 -10480
-6711 21929
2609 -17721
-15896 1417
8135 -23457
17421 -9478
-23171 12110
1070 -21356
-25649 -11105
7678 -20732
-4032 -5524
-32678 -11729
-7887 4933
-12825 1457
21099 -12514
4438 24493
-21255 -9809
-7818 12359
30325 29681
-12546 10491
-12062 -8096
9353 -18543
3270 -8317
-7736 22507
-32536 31815
-8779 22675
-21991 -30623
-22677 -26267
7362 4018
-17343 -26571
-4965 -15759
4506 -6831
20080 -2660
23012 -24834
-20002 5735
-20673 -9949
-19748 20836
-1094 -19685
-1777 -1045
24264 -26400
-20609 -23969
2049 19579
3094 10166
2036 -8484
-14416 4220
8177 24489
22861 27221
14509 24237
-17442 24801
3399 -30355
20873 -28421
-10502 19541
-27821 -24549
16324 -11762
-4702 -18828
8639 -30631
16988 -19564
24147 7909
-29630 2868
30994 13759
-19460 -10995
20026 2823
16033 62
23909 2043
5430 -25345
-17310 -22159
-7487 -15834
25228 -14271
-20620 5662
5537 24613
15698 359
-15201 26866
21813 -12741
-16545 -1865
-21760 -14914
-11815 -9848
-23363 9440
-12820 -952
7419 22686
22162 -14864
-23639 24085
-22140 -32016
-30561 24826
-18034 1213
4213 -22598
13958 -4429
3606 -4762
2986 -3812
-32446 -4766
-12162 28103
12375 -25649
25310 -5093
20661 16501
30928 -28739
-31948 11161
13007 17155
-25042 -9804
11714 1517
18354 4866
18630 -10567
13954 24593
24612 4921
-27992 -2222
-9768 -28179
-11289 17916
25614 9534
-27019 14048
4927 19619
-27976 -18042
-355 -23877
-11317 -20958
-32227 7571
-9590 -9738
20670 32204
-7216 6728
-13431 20552
24147 22305
-7024 6004
2552 -27673
863 -11482
-461 22025
-23562 18437
-17440 26936
22811 -7674
10072 26608
-3333 -19808
12073 -30245
6784 22486
-15873 13746
-4575 31192
-14079 8029
-12294 -3753
-1312 -20421
-3621 21631
31185 -915
-15165 -15525
12450 698
-17761 -10743
-4674 -75
-10277 -26734
7849 8997
10457 -25906
20780 15413
9022 11541
-1096 -10910
-7091 26148
29534 -18036
-21616 -28309
-32767 28823
-27532 -27546
4884 -3816
15024 32318
4409 -10368
-18554 2874
-11148 7342
119 -14335
4373 -12875
-23594 -27023
-13917 10954
615 -26619
-3225 -13169
-7198 20553
1737 -7368
-4123 -22739
18894 -14801
-12304 9808
-8878 -7046
29084 8584
20405 29673
10071 -7248
-23765 27200
15323 -5496
-22708 29857
-32644 24311
-29163 -1668
-8607 -32767
7564 -733
19857 -8699
-17761 19036
1490 3423
7458 -10508
-1921 4439
-30455 19828
4182 16174
29163 -15302
21024 23307
13581 -27663
17545 -29952
5911 28914
-12449 -3305
2699 -20832
-23164 -13396
-16961 -10337
29741 -20915
-15922 12031
-11086 -3930
-22953 -18199
-28971 -11237
27307 4722
6854 -17863
-30951 23771
25426 29510
-16172 3675
11340 1205
807 -24281
16951 14595
14994 -12120
23699 8618
-9271 19477
-13618 24369
-47 18048
8644 21659
29184 -3838
-17685 -6944
4262 18063
-21382 7816
-12994 -2403
-11404 25741
778 -12449
-9759 17816
23559 -12744
21296 -11044
-4248 -25241
8500 26612
11603 -2915
13526 -18657
-32167 -10252
-30300 24367
-14846 8793
19375 14679
-8686 -11414
-20882 -24021
-12967 -24445
-21569 -9984
23779 24471
-30394 -18871
-3787 -26524
19775 -15073
22099 3901
-10449 -5264
-3199 -14665
22501 29089
-20591 9879
32035 26453
11058 -5490
-30769 -3647
6759 31757
-16311 24243
20324 -15403
17611 31390
-10803 1174
-3679 19210
-18804 -27167
27860 -23359
-5503 11934
-20098 25937
22912 -21458
25738 7346
-22784 20436
30779 -2657
-22694 -7182
-32023 -19069
-21343 6316
-20193 -24541
-4408 -25155
-24478 160
-22481 25882
-37 3303
-32611 25575
-30120 14182
14344 -31392
-17427 2557
-11597 31210
24506 29704
-14288 -14886
27700 28903
22515 4675
-7354 31910
16537 28599
-31064 -23908
18634 -15645
5408 -16370
28901 5739
-30281 27591
-17862 30692
-25130 -12152
14780 6652
15075 -11755
-15429 2714
-9073 -19295
-14689 -2240
6999 -29062
-21950 25637
8051 -23393
582 -21861
31572 -3310
-31748 32350
27194 -17687
-746 21317
6056 -24552
-12565 -29368
26085 -11617
1783 13384
11455 -20909
7634 -20931
27756 -7236
-24790 28267
-13181 -15366
18909 30835
15331 15591
-6408 -20072
-18338 -28150
-15953 31478
-14258 28236
-31006 11486
-10591 -27166
15297 -16895
-23946 -29071
-16646 -30294
-21662 21786
1162 14021
-1235 7357
18935 -30986
21750 3989
27507 2243
4220 31971
-4022 -26380
19960 -10210
-12531 -39
15241 30152
-27637 24030
15857 21683
-6168 24673
1793 32558
-32767 -24292
22170 -31549
-30155 -8847
6738 8974
13706 13426
-22509 -1477
30491 -26834
-3020 -25570
3980 -12957
17314 -5914
28751 -26967
-22705 31761
-5403 6453
27843 -27390
19741 -29809
16577 866
21246 -19157
3447 29827
-21323 -13962
-26719 -27968
-28430 26536
4509 -16972
15627 -1899
-12168 2634
-24360 -32473
-20756 -16821
-6399 -14264
-16414 -31737
-27707 -30651
-10723 18129
-10360 -9200
18469 19062
9621 21587
-17363 20581
18782 1514
-30195 -3717
-12379 31705
24415 -32732
22378 31927
2684 31264
-16723 32441
26785 -10418
26894 -31680
-23615 -4162
11260 11035
-20132 -22745
19514 10392
28612 -431
-12730 28042
4397 -22845
6239 1235
-30214 16501
29332 -4852
22309 30785
-5872 -31755
-14699 -32275
-753 10342
30060 6878
-5703 11692
-15181 1895
15846 17902
23891 1053
10247 -6697
22989 -16946
10746 -24763
14965 -12933
-4085 28586
21041 -21619
530 28661
2082 -17598
-17956 -18744
29187 10635
9211 -9786
-181 -22677
-6015 9177
30697 22221
-19571 22802
1030 -30119
-6162 7066
6395 -31905
9295 22185
-30492 -28831
20736 -17823
1838 4823
20879 -18369
20499 2906
-22664 -31750
18771 -7207
8317 -24549
12375 16372
18252 -19541
13209 -848
15602 1832
-18813 -9451
17975 24151
23401 -24014
-23931 23748
9754 20577
20793 -22324
6247 16128
25747 -2993
794 -24438
-1808 -5207
-24750 11932
24328 31470
26076 -30196
5674 16861
28233 -27345
21433 12489
12627 -22878
-2492 -4688
-23211 -27067
31727 -8398
5719 14519
-23480 -20506
7556 17810
28522 22517
-15241 -7896
-3945 431
-6433 28531
28962 -22069
974 24540
14383 -8924
-23970 26096
-1051 13986
32061 -4300
-31176 24572
16859 14508
15101 -26238
-11218 -22989
29450 -30813
-5022 -27483
15185 -1995
7956 -3552
15248 646
31104 -19984
-31439 23654
-6707 9656
-21511 -32192
-62 -19079
-15682 -20527
25463 -28665
18557 4
21915 16730
-5828 -25463
-5368 15503
21772 20483
-9148 -11250
-30242 1544
-25179 -19109
-13178 29283
-19574 971
20677 -31859
5923 11469
29948 -11465
-17920 16864
737 -29134
-32483 -16440
23399 -2194
-14699 7217
14950 -28834
-1859 -4012
2957 -25419
4393 27950
29067 -27977
-28071 -23856
-17778 10544
169 -15226
-32304 -23581
-9723 -16992
-31353 -5948
26141 1648
-14421 -23006
506 1415
-3858 -21068
24804 -27712
11954 -3097
30149 -8638
28106 -269
-13788 -18336
-15308 -10426
29554 15031
30944 24941
-14760 -18770
23641 -785
-30665 23159
-25939 30599
30392 -31033
7787 22013
-3392 -2596
31094 23438
-21679 2413
-26047 27577
3333 -26964
31069 17641
19445 4799
26170 5211
-955 -1775
-16154 -29035
-12953 -29897
-6680 -3040
-15039 -1565
2562 -29990
20981 3672
-31588 -29955
2135 -13983
-28722 -19247
10552 6173
-11384 20228
-25205 23348
-24820 -22225
5413 -24685
-22615 -22597
794 9129
-19390 26559
-28146 -6804
16976 -27021
1409 12571
8813 -1260
24670 -18178
21857 11279
20047 -5561
-15856 -6649
2830 -3588
229 4259
13365 -14788
9178 -19153
-17707 -3610
1552 -13368
-32767 31502
8386 12534
28984 -30678
10283 27498
-17800 -23923
-18360 17037
-28044 -11132
-19079 17508
15094 -21043
-6784 13702
6605 -16117
28170 7661
-22610 31664
-7688 22884
24111 -15478
15403 -666
-24215 8669
-25211 10001
16148 -17312
28101 -23257
5434 -22823
10313 -2005
-21059 -16194
-22907 28648
-7326 28944
-29836 25777
-2499 2562
8484 17686
27753 22584
12224 -8719
10398 9159
-21021 29162
31195 10929
-23617 -5118
20596 18773
24402 -1159
25688 -6789
25782 2006
-2342 -22013
12848 -19302
-28351 -24290
-6615 -29004
-11661 21132
-32767 -20446
19002 -22573
-8963 -12395
16978 -8077
-1698 19666
-5109 -19737
-27007 14363
31866 6961
8617 -9727
-15628 -6795
1310 10559
19484 22922
-8290 -1954
8673 -6900
-25398 -134
-19363 -25307
13759 -292
27125 -1673
-12879 11169
-25457 25854
-22678 -1002
-31270 8095
27243 -25018
27077 -23740
2814 11
-11421 -4248
5627 -31774
-7608 21047
-22007 -2054
-3134 -14984
-21296 15803
-21373 -8435
13745 4891
26677 6956
235 -13684
26406 27457
3006 -24710
4412 -26468
16834 -10804
-1411 -21090
-28438 -3287
21474 32388
9904 -11016
27208 -9308
2992 -16120
22454 -29178
-3378 7497
-28040 -14818
29860 -14937
-3072 17274
-12404 1210
18630 -26459
-32453 -14886
-28539 16082
15148 31103
16942 26218
-14399 -18556
-4410 11476
-20056 15089
19272 -4002
9589 6659
14397 -689
-5292 23131
18159 19291
10691 23544
-25480 -32754
8680 -23302
28262 13122
8793 22206
-27515 3823
-17652 -31713
881 -23767
14897 20170
13514 -22779
23878 -12634
-5562 19672
-27056 8000
24421 -27200
11177 21348
-6652 19991
21198 -5300
12310 24137
20694 21751
-30030 -28709
16059 28271
-27986 31514
5005 -27210
-938 18266
30198 -21353
-15884 -19724
-13013 -30027
17165 12178
-5892 4355
9885 -19239
-15560 -605
26517 -25467
5883 19902
16586 -401
-5998 15510
28334 13279
19598 -17789
11467 -27623
-3568 7283
13610 24918
-26289 -1176
10886 30803
15482 14511
-24192 -20515
18883 15359
-23552 25477
-30603 -32560
-12330 -420
-23096 -4256
-15918 32268
-5582 -29085
-10772 -18959
-30056 -20862
11948 -5037
4007 22195
6089 17965
26165 -19889
31234 30786
8551 -10961
4136 15574
16600 -19801
2457 -5523
-26537 -22693
9886 -1986
-1551 2438
8544 9589
6979 -31598
10730 -12365
-20696 7090
22352 -19567
-24483 26419
-30919 -7233
-20533 -15892
-6650 6874
-13307 29321
9815 22758
6619 31207
-21313 -25134
-4260 -1569
-25132 -26017
30598 -6009
1180 28758
13644 24987
-11837 19880
29009 -17351
-29233 -13923
12611 29634
-142 28056
-23043 2282
31133 21446
504 -28521
-18065 1633
12433 2091
3865 5304
23512 6546
-11546 16010
6703 -15212
-23017 -19182
31632 -14549
-28508 -9764
11602 195
30567 26925
-29960 -13636
-2844 -24272
-2498 24364
15354 -6081
-7987 -23065
-15656 23375
-16569 -194
-17917 18328
-27943 26223
19531 -28155
-8542 8192
-9299 -5873
-16542 14103
-28381 -22365
23036 -12739
-5122 26727
20065 -17256
-30457 -10235
13004 30218
-8320 6476
-9631 22982
-15438 -30966
-4531 -30841
9364 -4017
-6713 21988
7811 2832
-22109 9796
-28982 -32550
16863 31954
-12500 28062
-32357 -2249
-4946 6950
22041 20608
-19874 -725
-32767 -1493
-8111 -9723
7594 -27069
-25540 -21720
20232 3923
-8030 9133
-16254 -12479
777 13421
-22297 -31662
-24233 -25535
10860 -27031
-28668 -8508
31205 -19400
10284 1273
26769 -21419
16276 13350
5460 -3156
-23572 -5827
-22701 29908
-26251 -812
-5165 9032
1861 -9917
-24046 -25875
30152 -11256
6262 -17663
25862 -21978
-3257 31061
9766 25333
-12246 1855
-8936 761
9575 -10629
-32486 -31629
22887 1064
11989 -27018
6407 -4334
30834 17466
9228 7766
3272 13071
21907 -27795
20700 17023
7627 -10689
-17754 2376
-17522 -24632
29854 -11851
-15475 8004
32334 25172
-28337 -8584
-15835 -27387
-11965 10548
-32541 -22748
6674 -2607
-24390 -32070
-2940 3090
-31615 26711
-12246 -6419
-9952 14235
21589 505
26480 -20153
-30934 18391
10791 -13497
-32595 27367
15401 16548
-18747 -1052
21483 577
-20498 15774
-2894 22696
-15948 12033
-32767 13761
6687 22861
22547 2588
331 -27948
15959 -7562
2874 -8093
10666 15515
-30767 -16035
23337 19864
-3329 -841
-26828 24074
7756 30118
19659 643
24480 9373
-24997 -3052
-7563 -27500
489 -32617
1805 21966
-16945 -6914
30653 30045
31861 -429
4719 -14535
-32767 5467
11639 7338
-21343 -26161
5585 -15267
16041 -5138
18397 31641
8490 -32583
-19357 8909
-24139 -18509
22687 2147
5821 -92
-2892 -4822
25507 673
2060 24987
26544 -18174
22267 6334
18709 1173
-18656 -541
-1464 12014
-11279 -27343
-27384 11230
-24302 -5129
-12491 22089
18074 30555
-22889 23300
31283 -15149
7859 -19558
-11517 20893
-20885 12154
29410 -13771
-27738 -17034
28513 -11322
-32767 -31276
-16661 3237
9882 21365
-24594 -6422
23369 -20845
-9460 18208
-7556 14922
25250 7024
-9063 -20116
31734 -26456
-14088 31613
16152 -18552
-117 -27518
7824 -12741
-25952 31517
-22553 -10607
2641 -4848
8467 25726
13309 -23249
3506 15214
6834 -14939
-5207 -21427
-15656 -29027
-23468 -32461
30276 -14980
-21598 2554
-7392 -30148
-28542 -29108
11444 27579
-13596 10494
9462 9472
26628 -24740
-14131 -3555
-28447 -32045
14014 16283
16414 -11263
-26519 333
20376 -2501
-21759 13649
30642 -23111
-13526 -30267
19289 -15699
24864 22868
5872 13933
-4814 9910
28625 29329
-9102 -20407
3185 26575
9652 -6112
954 -23243
-8414 -10438
-24723 -9393
26714 -24237
7127 25068
-29172 -32527
21461 -25243
15131 -27856
1301 -26870
27149 30838
-29578 15981
18932 13702
-22626 7487
1251 -28147
-27899 -8109
-13072 14793
-17913 18504
28807 -81
-10507 17212
-17459 738
3717 32331
-32767 -31670
28457 23805
-25072 31660
-25990 29500
-13595 -14223
5686 -14427
-23738 728
5718 -6781
3434 17185
-25045 1646
-15111 7407
28177 16099
-12995 -4397
-25521 -24199
-10206 11827
-8991 -14749
14484 -18661
8005 2213
-27025 -8825
4344 14388
11452 -24615
15925 -8887
-455 11723
-15204 -32194
29951 -12885
-12026 21268
-8551 -2942
-21281 -2946
-8800 22614
9223 -6248
-10107 -5880
-22777 3813
-2852 9215
20068 -22527
-11746 9709
-25813 2904
-25700 31906
8029 3313
-14921 -3688
20656 -11036
-12366 -4317
16498 9375
-31034 8589
-22667 -14741
-23302 25989
2543 23048
-11827 -30180
11992 28378
-2918 -926
-7141 9062
23937 357
-4594 22585
-32767 20195
20528 -7822
-4975 20622
-29837 -301
-21165 -13298
8519 4290
31794 4616
-31847 3194
-32652 28567
27091 -19631
12063 -12770
-24626 -12268
-3078 25143
-12486 13557
-8590 -15282
-30265 30639
-20278 22852
25621 -11682
-27097 -3876
-14790 -22170
-22281 27383
-4042 7350
24506 -20361
28792 -17169
-6675 -24723
24092 25606
14667 15276
-28440 -31258
16550 12205
31077 -16210
29844 -20940
4622 -17810
30665 -11548
-29764 -13917
-16042 10288
8568 15410
-23799 -8894
-10497 18951
-2891 29409
12121 17030
-32767 -26100
-11668 -23745
-20453 -27153
-25231 -25790
-1427 -31030
16795 12248
1777 4158
-5623 -4898
-16118 -4546
-15771 -26873
-10577 30271
-11467 26301
5485 -19784
23372 -7218
16097 15614
-30864 -15253
7256 -26112
30184 -17065
-3494 7927
-18853 12310
1521 22156
28004 -26439
-6030 7565
-22710 -8058
5761 -12438
-259 -17845
-29568 6195
-1358 21405
9634 1245
-18246 -23603
23337 11499
16932 7978
7053 -726
30861 -28724
-20160 -10324
21202 27972
-10712 -1231
-17357 995
28919 24696
11724 -29076
2091 -2349
-18635 23815
-16908 -28518
-26083 3285
16822 -28488
4967 30632
-29044 -26913
13771 -11837
-995 21055
26426 -25983
17173 -5993
-23401 32225
-28375 21249
-30792 -9858
-27205 -21175
22853 -20747
-26534 23715
-5910 14147
27930 4171
6284 -32542
3549 -28824
4457 21164
-5364 13133
-20324 -27154
-21387 -20241
28547 17360
-2092 7956
-31138 -15339
11888 28174
13796 13376
-30780 -21789
2703 6788
1426 -31932
-22292 4184
-815 27287
21699 -6042
-16575 -10196
-14381 8038
-21901 8894
19438 30261
-16814 32649
-1076 14494
-17663 -24585
15443 5090
29584 11092
19228 -23623
-32767 -823
-27880 24948
-31590 -20021
17792 5842
-10368 -3240
17284 23124
-12931 13686
-1131 124
-12194 3061
-20751 -32063
10863 21431
-29138 -11640
-20943 -4194
-20560 25826
14846 -13538
-10995 -29100
8546 20528
17665 8996
31535 -23284
-8357 -7176
-23664 6309
18113 22846
15517 -19471
-9728 13894
6174 25085
23641 -24174
17186 -25739
-1400 32504
-7714 12911
-12466 19363
29835 -13668
-11604 -24441
19043 -14324
27639 -1085
6631 -7169
15850 26840
-32686 -13658
-26742 9812
-27434 -10101
-13034 -16985
27109 24435
-32270 10817
-14088 27554
-17631 14711
-25536 -1283
-3483 25796
-12902 20637
-16000 30642
25967 27976
4138 13868
25421 15620
13410 14851
5928 -13203
-21544 4414
20710 3158
22805 -21450
-7216 -5509
-16832 6534
-10915 15852
29950 10834
29514 -17324
-26089 -11912
24826 -27705
2152 31521
25340 -25274
1583 11932
-17635 -9324
6048 -13644
-11145 -19471
2499 31863
22011 -21963
7540 29090
-23056 32311
26262 1251
30186 198
20144 26542
31990 29509
-22037 -24138
-13519 25121
8545 -14187
2968 -6376
31631 -28242
-5993 2028
3683 16563
14522 -582
-30703 25018
-11359 13936
10651 22500
13509 8546
-316 -15817
-4223 -7195
-11167 13679
11995 25258
14653 13167
-12887 19638
21420 29007
-26028 -29897
-20348 -21297
-11957 8416
14183 -11644
-30021 10334
-25988 32430
-26349 7165
-28297 7117
-19069 -29124
-6717 15127
31113 -7037
-2280 86
-21183 31507
21262 18751
-29851 24488
-22636 17941
3930 -1773
-4022 -18645
26514 -22045
-18317 28710
26873 18620
13299 2048
6221 1292
-28758 25535
-23842 -26874
-25765 -24678
-19923 13165
-1623 2519
4641 15429
-32291 10726
-32767 31970
3405 4101
-17062 -26560
23323 -21243
28294 -23550
22582 -30336
-7853 5285
-30065 -15712
-20697 15154
454 -18911
9904 -29330
5561 -23426
26740 -30556
-2392 -2629
-4623 -23398
25410 27152
-24839 -27683
-172 -29173
13523 -32716
6680 -14852
18891 -10307
-28064 15597
6557 -9872
-5523 -19836
-4570 -4903
12488 -3292
3458 -5122
23482 -15367
-13040 32361
-16075 25986
1971 7090
-17330 -22461
25792 -13543
2339 -1962
24796 -13131
10109 27432
2570 -3814
18326 18236
-7128 -6784
-32312 -296
-21591 -24265
-3184 32481
-10061 9685
-1502 -3476
29529 -22264
11743 -16966
-14733 25693
-19957 17471
-26083 -28465
4256 -30822
-20540 -4842
-19126 4517
17812 -30532
2205 17729
12944 -10626
4866 20607
13153 -1605
23744 -21201
-28264 -16052
-24568 -9380
-30499 -9025
26917 -25160
-1361 -6899
2553 -29497
-14180 13921
-12845 10262
-20799 4299
-3268 -8190
-3832 6934
23507 11172
-28261 8796
-18078 -8257
-1868 -9568
-29091 -2251
-28030 1604
-30208 -6291
-4032 -13986
30560 -8888
-31304 16335
-11455 15872
32231 -26543
29536 27823
-32238 -28961
17546 6707
-19605 15010
30536 -5362
14842 9604
-21028 -15472
-15303 25450
7778 20001
31773 3844
3556 30721
6901 5595
-16645 19743
-32001 8181
-17337 -31924
-4676 -30645
9757 -16924
-13495 27813
15159 3804
9445 -22088
17385 -29029
22230 -19302
-7484 -20908
-25335 12017
-28679 8369
-10753 13150
-14860 3196
-32240 18988
4295 -23604
3031 6511
-16532 -21191
-26409 -22692
11322 5747
3134 -32204
-32767 -12856
14407 21512
-2865 -4467
-28146 31508
-6344 1142
26903 -602
28727 482
626 -6535
21472 23025
-17107 -5458
-31497 26156
-21665 21584
10840 -10737
26557 4295
-12971 -18066
-14725 5872
-5565 19907
14444 -24142
-32767 -27226
-9669 31865
20575 -5187
-17070 -27074
30145 11019
28956 -10580
7860 18413
4320 -28481
-26449 11149
6151 7026
-23098 18061
-255 11620
16839 13337
19396 5841
-1028 8575
-19101 28193
-25701 -944
12291 -3092
-423 17904
-10859 -26269
3674 -22075
10899 -18950
5015 -30213
-14862 370
-3609 27533
-32767 -9587
-19812 15436
11992 -24697
-8367 4700
-10484 -16089
18269 -28647
6158 25339
26435 -798
8084 20365
5086 9911
5976 26453
-18607 7821
9266 21541
32065 1832
-27590 -13931
-30241 4650
23528 18578
-32767 -7011
12691 8151
-279 -20834
7324 24432
-23117 27054
-3397 -29031
10860 -20683
27909 -3796
-6157 -22019
26232 -18621
32033 25581
9306 -16942
21175 32416
-115 15933
24216 -15044
25497 32448
-14593 -7977
-28567 31755
-11214 23664
-5103 -28733
-15332 -1369
-19009 -30340
-442 24849
7112 3954
18853 -9819
-11566 31820
88 18568
18663 3512
13680 7620
668 -6152
8428 26152
16835 -11229
24824 -15378
-29850 1293
6065 -32563
22978 26952
-18961 27834
18922 -7410
-15632 2429
4872 -18548
27677 24211
-29344 -28339
27134 31743
5518 18142
28858 23552
4510 -9302
-1795 -8365
120 12593
2422 -1335
2290 -746
20905 19714
28837 28627
-32767 -25272
-8793 26237
-24300 -31514
-21024 -25236
25577 16332
-13976 14230
5143 -11653
24415 -4087
-19734 -2217
-27900 -6782
-6893 2954
-10882 -27917
-3909 -29610
-21239 -10443
-5432 18254
3367 24911
-961 15681
25994 10877
-20869 274
7736 -2198
5463 -17228
20772 30801
-30551 16005
3321 17975
13080 5267
11673 19154
-14384 -12911
30288 -25524
-31435 -28613
25689 -4407
23964 -19324
-24446 -16713
-20469 4763
11438 29
-26819 13933
-19544 15734
-18638 27300
17878 2793
-27410 26003
508 13627
19773 7378
-11177 -16018
-19559 26122
-19996 -9042
12480 -24088
-13469 7717
-23248 27939
-30992 -5914
24725 -21114
-25776 -1861
4161 22345
3513 -20169
10016 -30815
-2117 -12768
26918 4168
-14456 -21969
-3345 29034
16758 17358
8134 -32288
-2749 -7894
31709 -27983
8252 -17673
4308 -6912
29211 -13932
25927 -7970
-21974 -11197
4753 23124
-28056 -17711
31626 29599
-30288 18334
22302 21553
5665 -20595
9099 -14143
-23252 2790
8352 -5772
-13202 24334
-15245 10941
6939 -28447
122 -26026
-27663 -28406
30238 10159
-2329 32154
18383 -73
-16094 -27026
4007 -13109
-417 -13933
-27270 -32714
-15180 -3727
23335 27325
2432 -8109
-5982 -636
-13615 -8026
22457 -15262
29094 16611
-29152 13790
25143 30454
-629 17596
-6222 3258
2251 -7721
20078 -31502
9785 27603
19993 16001
31985 -10013
10033 12025
-16095 31474
-1124 13804
-8101 22542
19140 -25294
7480 -9386
22955 16698
26770 26994
-29578 7456
2961 -25959
6843 -9864
-32767 -9732
20311 -32708
5207 -30732
-17513 -16242
-21226 -1695
-24957 -30654
-13711 -12208
-23822 -21450
-30488 10823
-1051 6743
-2234 29086
-21843 -134
22976 5493
-22150 -5258
8836 32179
11401 5966
-12188 -10048
648 -19479
-27395 -20595
-3020 9293
-25571 -7094
-20793 29780
-29274 11938
-18369 4463
3669 30617
13801 24333
28048 -22510
-29878 25740
-2766 -27040
-8082 -28254
-25247 -18742
2538 -6189
29473 -3845
3240 14416
-9644 -6129
-26721 29414
10551 -18130
29854 -10394
3812 -2047
-21759 -4297
8567 27483
-23610 -18586
-28771 11018
8540 32096
7327 20645
7946 -18128
-23567 22652
-1609 20043
9398 -28979
-19372 17406
7488 21501
-4220 -15024
96 4465
23257 15813
766 -8780
-4389 -11249
-2907 -13271
4017 -1785
4238 -28198
-20056 4975
13435 10682
-27347 -2414
-22220 10278
-415 22058
-12680 -19475
-1621 -15048
-32486 2299
11273 -886
-21314 6557
-32767 29059
23784 22010
-20502 -4061
-4273 8370
5558 900
26131 -26229
26844 1313
-5078 -1578
20774 -28166
-25203 -6577
-24532 12992
31987 -10523
-3815 -6830
13798 -17004
-27636 -28295
-15616 23294
21552 -13282
-32767 4141
-20930 -25087
-11984 -25019
4946 -19995
15394 -22872
-31509 -32327
-24261 18099
-20477 27370
29526 -22303
-20080 -7785
-24432 -12343
-32430 381
26091 19353
22849 15387
21647 -12028
26636 11590
-32505 16192
7845 29745
25994 31198
-27626 19495
24707 12541
11971 20835
29825 1097
-13361 21717
-4366 -32767
30611 22426
3269 16367
-10402 -9477
-32270 27838
-489 18588
796 -19937
12778 26070
23287 11066
-3033 31045
-25073 -30138
14937 -22674
-6471 11265
-19446 27771
29669 -23734
-8416 14765
-23436 18078
17690 18394
-20072 22844
2006 -11049
5367 3955
-6743 -4153
-25489 21225
3813 -5116
13943 13222
28279 -22235
9031 7367
11251 -20804
19287 -7302
-25589 29850
-18593 -14726
-1502 23433
20507 32306
14343 9386
-6284 12690
-8541 22177
9495 14993
-5036 24361
-23958 3615
-23587 -556
3113 -9967
23671 -21549
15996 22396
-14420 -26216
8743 -25511
-952 2233
-1843 28450
-21935 27250
13438 -32521
-4932 26589
30187 -16699
-3132 27592
-13539 -5656
-11199 -167
-5121 -9454
11203 -26798
-22698 -25857
-21215 9264
-21517 25622
25731 5092
8178 -6174
1193 -8311
-30384 -5354
-26218 18170
-1934 -30989
-13036 -11332
25252 11445
-29432 -29950
28933 3068
27209 26881
16481 -10181
-13804 -14071
-15048 -3552
-20338 -11997
-30268 -13877
-5797 22720
-7180 -17439
-4607 4454
-19777 -20276
-15682 20127
-25006 -16911
26101 25217
-8898 23473
-29995 -6156
18197 -12150
25455 -12643
-18652 -29168
10382 -7999
24128 -9856
-11354 24028
1253 -30160
26478 16998
-27226 13231
-11264 1669
783 6766
-9008 21625
-7456 5724
-6372 -3072
21589 22903
-23588 -5310
-21794 32078
23078 27235
-24080 18753
-8153 12077
24602 10220
-20690 24414
-29878 -12193
-22020 -21906
23088 -14908
-14559 -24179
18950 6550
-10364 -32767
-18172 9479
-12652 -24469
-28566 -15661
5155 -5735
6928 29520
31797 18441
12894 -21333
6478 13789
-16736 -19531
30825 23844
23734 -24192
-10258 30250
23453 -13101
9088 16645
-2840 1692
-31381 -6867
-20966 -20986
-11252 -5626
6001 9597
23659 817
5404 9041
-20857 -14270
1881 -29515
20419 -27418
-15132 5996
10838 8388
-22883 29462
-22673 -11803
4884 13626
4938 16947
-13798 3444
12405 -5412
-25775 8307
-3318 -5163
3066 8552
-28039 4217
408 -29523
-22927 22572
21034 -12993
-4587 -12451
-22816 -27416
26172 -8181
-4092 -24988
9988 -9353
-14327 -22779
32267 -21276
-7553 26330
14494 -1099
-633 31557
13272 14682
-31084 -8770
-12221 26592
10217 5401
16155 457
-8163 24013
-10984 16889
-24946 28721
-30011 -28474
28363 -22967
29696 -19147
11457 -32677
29253 3153
-9396 -31620
-20357 -18044
14788 -30336
23701 20499
-17786 -19260
-15195 -11576
-11645 -31992
-519 23286
10209 -18916
-26299 -18628
26766 -20983
28025 28638
-6177 -2812
-1533 -4620
-11619 -27054
17107 -8320
-4946 -27802
-12297 1387
-10976 -686
-22780 -24823
-31558 -8597
31124 3353
-13538 -13795
18901 -2946
31162 -32105
-28387 28285
2136 7528
26655 20907
-26946 16941
-11380 24493
14789 -32570
-16051 31307
12560 9255
-15723 9190
-16569 19704
-23736 12440
4349 13260
18762 20282
6436 3921
-29322 -511
-15354 -24956
7694 23883
25741 -7998
-2166 -29198
-28046 -549
24039 13565
-13242 20575
11268 -29745
7037 -6
23646 2372
2698 19725
8194 -18040
-11629 3435
23960 -4779
31111 15153
-28035 -24497
-12611 -27469
23841 -16549
-2528 21112
19832 18280
30472 5882
-10575 -25443
-10290 10199
-16401 -14959
-7526 -1874
-16744 -30895
-32767 15189
13046 18692
-19367 -22935
-10875 27797
8201 20100
-28316 -9078
-17002 -3234
32221 20010
-8737 21480
-6713 -7301
30684 13456
13985 -3475
1215 23639
11721 27598
27748 -24364
19079 26263
-3836 18755
-1264 28403
-19725 -28996
2819 -4828
-27401 -826
25005 8747
-27529 -28160
-13281 419
27662 27449
-24441 -11579
-26208 -7378
23300 4242
30609 567
21277 6907
4532 27834
-16916 6949
30377 22569
31624 -31210
25841 -2458
4666 -10263
-26007 67
6513 -23309
-22361 28005
25546 -6220
-7293 29827
-5585 15734
-11782 6822
-4866 388
8111 30306
-5523 -21739
20546 -2592
-22966 25589
-6409 5697
-28805 1734
-30393 19339
6639 -6480
-10783 -14498
-29942 -7894
-13151 -19129
-21829 -22578
13180 -24711
17874 1762
5434 30773
-131 13101
-16468 31838
-23298 -18801
-18492 11936
-1086 16184
-10523 -24063
-17020 -27752
24012 -20965
19375 -1835
18341 30108
-17185 31558
3918 -12199
18623 -22104
20026 26514
-16805 5059
-14063 -5523
-3727 -28698
-29542 21070
-27412 6658
-6178 -26553
27289 -15778
10814 -9228
-29825 -1895
-6685 -32230
-6786 20533
-12385 17743
-16840 -688
31111 31083
14453 11246
30170 30461
-23788 2499
6157 27367
-31824 -5306
21667 -5820
-12171 -27923
1964 -22350
-22906 -21490
-32429 -29184
25837 14861
21678 -16936
11305 -17242
-31490 26634
-14701 32015
-25676 -17682
22552 -15102
27309 -11965
-9510 -23673
9203 -22904
19715 16914
2402 1297
27514 31138
-31171 16771
29380 -10199
-25624 -29205
-11284 25534
18419 20032
-4208 23376
-14073 -26440
30134 12133
-3090 -8609
29265 -1557
16685 23684
-22951 -15877
-1774 -15126
13632 19475
-29671 -21235
-9387 -18168
9977 15991
-32767 -15133
-21797 20213
14158 -1741
-5794 4650
14486 15327
15468 -31228
-13116 -8035
-10212 -14911
3294 -9103
-20440 -3473
-1737 3880
16194 17415
-23737 -32542
3374 27071
21714 30092
-12790 32370
-4024 -25830
1727 -9755
-15753 3326
20549 6329
-15597 -13881
257 -26305
23863 -20925
-12535 24613
-5957 -29332
3980 -2615
-13149 13695
-2377 12736
30432 12208
-20651 -23099
22317 -23901
-27425 19236
7214 -25759
-30103 29260
-22139 -18585
14733 13242
8373 26775
-25089 -30102
-22043 -3111
20808 5259
-11640 9764
13195 3136
-24047 6626
-14070 30125
-23704 -10823
13679 24081
11199 7319
-18480 -31195
16293 3416
-9924 -18708
3504 -23198
16961 -16064
12795 26061
15483 -28999
6816 -28838
10221 -1626
-5650 13154
-21836 -4050
12524 -30629
23829 3365
3323 15499
-1595 28221
-2663 -6684
20396 -1582
-7839 -26177
25267 21566
27059 -22563
-10581 -15212
-10587 -15561
31047 -23178
8188 -6925
6880 -31504
21353 5038
6873 13530
-17513 7373
-25917 32045
7295 -26419
14897 17861
-14218 32029
9616 -8879
27163 -29446
-28515 -12131
-16422 -7660
-26698 24608
-21561 22022
1644 14928
22362 -17633
28558 -432
17348 24532
-22574 19957
-2390 27513
28294 26772
27566 -25318
29890 -14403
-19847 -19829
30131 -12343
27966 -6645
15322 24624
15154 20281
5733 -15171
2504 10149
15897 -16181
4488 -11176
-29151 -8718
29059 13553
14679 -7745
-3212 -16575
-18046 -30194
13953 -27865
-27649 -1328
9031 -31612
15377 28053
2088 -8396
-25057 -29078
-15463 -170
29161 27794
26491 -31594
1900 -15290
-9770 -16348
-9135 11167
-32153 3147
-32006 20149
-24986 27729
-1812 4744
-17805 -32767
31374 -5258
-31373 19513
3387 9108
8903 -20110
-2110 14594
19616 24968
12273 29976
13062 14912
8012 1913
-3150 18609
-11135 15299
3267 -12939
-2397 12592
-11496 -14046
-6775 7709
23764 -17241
-24722 -8257
-18893 3994
7471 -6858
20693 2527
-23330 30957
-21593 -6204
21377 -12436
-17318 -17699
15266 31185
-2917 4952
16947 -10471
-32487 -6048
10810 -5042
27865 90
-27121 18911
-25306 -20257
7125 -4017
-27307 -30676
28225 28410
23626 -13935
-7145 18662
-8708 -32456
24961 4674
21239 -23767
-27484 -11251
8841 -24323
5801 26396
-2169 19496
31109 7663
27141 -29232
-32047 12299
15641 9622
-1871 295
-18947 -28836
-8693 4166
1876 -12309
-30517 -32767
7596 17413
-9219 4620
-30871 -30271
-32767 -31967
-31428 -28386
19230 10139
-15973 25236
4644 16766
12872 17248
17904 -25420
-19526 2475
-13548 16453
13645 -4470
22755 -18568
13236 26535
10269 -26877
-12486 -23615
-9068 -24680
-5817 27014
-8280 -11924
-10545 -25643
28098 -24544
18936 -23021
13405 -21271
15666 22687
10301 4828
-31541 -22791
16093 -13091
30884 -14675
12417 -28878
16384 23658
2265 9080
5767 30149
18842 -6
-9471 -19078
4446 4672
-760 -944
-2023 14702
-18127 -2377
-27164 -24965
-12716 -12578
-23849 -8941
5231 -8800
-10988 -22585
-32674 -22799
-20016 5468
10801 13686
-24415 -20054
-31842 2745
-883 -13646
-30405 -27427
-11631 -26797
-24609 5936
29735 -2761
12618 -25886
15929 1472
28993 30463
-29725 7138
5133 -12220
12478 -6194
-13186 -9939
13987 19059
-15996 14747
-24593 7294
-12542 3843
23910 -17146
-21185 -30150
4345 -23740
15005 4810
-29061 30330
-25871 4831
7934 -16670
10765 -7684
-24767 4542
13969 7632
26493 -28138
-4122 30477
25359 22305
-7714 18474
-6501 29507
27242 15326
2760 14174
31151 7036
29762 -1722
18582 -16169
1490 29994
21230 19896
-31945 26409
-14866 -14815
29403 4989
30902 22294
19480 -9023
15814 -2702
7713 13746
-7110 4029
-18960 28706
32345 17709
-22981 -17645
-16006 2132
-32652 19015
-5034 12620
-26985 -30836
-29191 -20817
-23151 -28655
-1865 -19191
-24544 -1206
-16734 11968
8793 -7671
17705 -18363
3211 -10444
25302 19542
969 30383
-5391 13379
26393 27553
-29952 14881
-12557 -21509
18634 -8934
-18336 8236
-23450 -8518
-4910 -27698
-12024 28251
-1765 3016
28677 -9864
8589 -3071
8334 -12045
-28472 -18055
-15499 -25661
-24545 20935
13753 7779
24133 15427
-14931 17777
-7985 11594
-29508 1964
14539 463
9511 -919
1150 -26910
-11100 -13997
-10314 -16184
-7144 7265
22854 -25315
-3015 7170
17325 -25518
13152 -31914
-10196 1685
11795 15079
-4418 3913
-30865 -21380
-29012 -18536
7918 -13311
24120 -15708
23627 -24242
-26442 11989
17945 1339
-2513 -17883
7515 22545
-2298 27116
-18697 18978
11564 3704
-7868 -960
18231 3034
-32649 26876
8745 7176
-12521 -10221
6801 14732
8099 -26892
-1053 -9166
15329 7730
20377 20405
19270 -11728
28952 28638
18865 -6055
11892 -31283
-23820 5270
-23152 25059
26500 -21034
8267 9504
2382 -1717
26799 -19873
9098 571
8300 -32682
-14965 -2001
-17748 -32717
30054 -12488
-29541 -29751
-13791 -24264
-23628 6648
31820 14116
-8353 -22387
17074 -13153
11671 -2131
-18549 21614
-30950 15444
-7317 -27280
-31274 -23391
-20485 -9394
-25615 29568
28451 9275
31119 27227
21256 -8271
1477 -7470
21866 4440
-7872 19302
-24172 -29600
1535 -30555
-2329 -18535
19329 -4358
9117 22182
-18658 -25166
-3533 -24172
4313 4389
173 16622
-10217 29371
25189 3845
16187 -10539
8734 18068
19044 -30960
-32495 21795
21740 -7810
-26345 8636
-7565 -13278
-31149 -17898
5635 13678
30979 20986
8792 -29618
23961 -4355
11887 25266
-10720 10700
253 -20450
-26714 28998
-11242 -31905
16154 -5898
17812 29655
-22767 -16022
14978 19376
-18963 -24616
8593 -13626
30392 -26190
-2856 6487
-27085 -6863
-30158 2708
18622 -31815
-24708 -3701
15113 17005
-30880 -21661
-7675 12287
-1058 23108
6007 -859
-1546 20586
16579 -29069
20203 -19264
-22224 13743
-11017 -7080
4837 -1283
26500 -30964
24598 15304
11433 18711
7501 -18117
31955 13826
20159 17797
30831 -31305
26237 16241
-8745 -9610
28945 13394
-30523 -3285
-25925 -10005
-25860 9191
-3701 -30550
31519 -12722
-4932 13112
26187 -31233
-29735 -17255
-594 15302
-7353 12364
-7392 29217
28781 31079
-21948 -8221
693 30948
-18967 -28456
31240 8042
-9733 14173
-17693 19559
-30515 29273
-13459 13603
-32513 -32716
1549 -25227
3004 -461
-13793 19750
20654 -27129
20895 -28475
5094 -27818
27387 -31110
6681 5612
25314 -3558
-1274 31410
11941 -26736
30353 -24555
29480 -17423
-2902 7859
-16734 32575
-6383 14382
-9276 -20148
-22317 7305
22988 13440
21362 -528
28870 -8096
2813 31489
-24320 16305
2146 8978
-26947 15080
14391 -1816
-9999 5273
16912 27807
-11252 -127
22304 -20830
-2104 24956
21202 -2501
-29859 -26538
-8056 -11082
-26656 -24369
3256 -32536
8508 1509
14773 -249
-1542 -28714
4618 26980
-12742 22661
28879 22731
-22025 -25893
6597 19953
2754 1492
-19344 -8739
11996 -3245
10566 13366
-10624 -22637
-9611 23895
-18896 -29510
31291 -335
25149 27551
894 12324
31665 22008
-13511 -28763
15415 -31602
2302 -29731
12634 11428
-10021 9519
493 -16334
31278 -492
23232 5423
30246 28928
-13304 -8578
15338 2084
-20888 18063
-20145 -7444
-16351 -6514
-21863 23461
-698 -9963
-10556 -18562
28054 -134
1414 15135
31172 -17591
-28598 7181
-8492 -11497
17413 15794
-4704 -15475
14166 969
-10094 29434
-26582 -7357
-13631 2254
3113 -27477
-5463 26751
-5908 -16017
-21050 16860
6989 -7832
-2552 -21609
-24742 9815
-11514 -20448
-16804 6215
-16296 14767
232 30566
28268 21684
-18616 -12138
19783 27343
21397 9414
12127 -23975
31030 29712
-2393 -2164
-14809 -2781
10480 21714
-5424 -16992
-9612 -11389
-18242 -4090
-31882 -9415
-3362 5215
