0 0
0 0
0 0
0 0
0 0
0 0
0 0
0 0
0 0
12739 4204
0 0
10348 -1784
0 0
0 0
0 0
0 0
0 0
0 0
0 0
0 0
0 0
0 0
0 0
-6565 3825
0 0
0 0
0 0
0 0
0 0
0 0
0 0
0 0
0 0
0 0
0 0
0 0
0 0
0 0
0 0
0 0
0 0
0 0
0 0
0 0
0 0
0 0
0 0
7201 9518
0 0
0 0
0 0
0 0
0 0
0 0
0 0
0 0
0 0
0 0
0 0
0 0
0 0
0 0
0 0
-5494 -2079
0 0
0 0
0 0
0 0
0 0
0 0
0 0
0 0
0 0
0 0
0 0
0 0
0 0
0 0
0 0
0 0
0 0
0 0
3271 10308
0 0
0 0
0 0
0 0
0 0
0 0
0 0
0 0
0 0
0 0
0 0
145 12488
22254 6783
0 0
-16290 153
0 0
0 0
0 0
0 0
0 0
0 0
16683 -17565
0 0
0 0
-6758 2825
0 0
0 0
0 0
0 0
0 0
0 0
-1516 10879
14337 -2120
-32 16853
0 0
0 0
0 0
0 0
0 0
0 0
0 0
0 0
0 0
0 0
-10202 -21190
-19284 -5848
0 0
0 0
-169 -23745
0 0
0 0
0 0
0 0
0 0
0 0
0 0
0 0
0 0
0 0
0 0
0 0
10737 2600
-3726 3270
0 0
380 10577
0 0
0 0
0 0
0 0
0 0
0 0
0 0
0 0
0 0
0 0
0 0
-23006 6162
0 0
0 0
10346 -18339
0 0
0 0
-5642 -15195
0 0
0 0
0 0
0 0
0 0
0 0
0 0
0 0
0 0
0 0
0 0
0 0
0 0
10252 8013
12395 -8958
-3853 -18692
0 0
17354 -8004
0 0
-1970 12327
0 0
0 0
0 0
0 0
0 0
0 0
0 0
0 0
0 0
0 0
0 0
1094 6072
0 0
0 0
0 0
0 0
0 0
0 0
0 0
0 0
0 0
0 0
0 0
0 0
0 0
5631 -3320
-2946 -15435
0 0
0 0
-21850 -1115
0 0
0 0
0 0
0 0
2210 -20145
0 0
0 0
0 0
0 0
0 0
16690 -7505
18767 6218
0 0
0 0
-16205 5090
0 0
0 0
0 0
0 0
0 0
0 0
0 0
0 0
0 0
0 0
0 0
-8456 -22588
0 0
0 0
0 0
0 0
0 0
0 0
0 0
0 0
-14256 -8541
0 0
12961 -8378
0 0
0 0
0 0
0 0
0 0
0 0
0 0
-1061 11932
0 0
0 0
0 0
0 0
0 0
0 0
4115 15015
0 0
0 0
0 0
0 0
0 0
0 0
0 0
0 0
6317 -20053
0 0
0 0
0 0
0 0
0 0
0 0
0 0
0 0
0 0
-2915 -8795
0 0
11282 20807
0 0
0 0
0 0
99 -10034
0 0
0 0
0 0
17021 18557
0 0
0 0
0 0
-2111 20929
0 0
0 0
5367 -16784
0 0
-8879 15898
0 0
0 0
0 0
0 0
0 0
0 0
0 0
0 0
-10198 -14557
0 0
0 0
20520 7551
0 0
0 0
-17538 7331
0 0
0 0
0 0
0 0
0 0
0 0
0 0
15075 -9571
0 0
0 0
0 0
0 0
0 0
0 0
0 0
0 0
0 0
0 0
3563 -16543
0 0
-5295 18118
0 0
14939 -15872
19851 -2645
0 0
0 0
0 0
6347 -694
0 0
0 0
0 0
0 0
0 0
2201 522
0 0
0 0
0 0
10910 -15696
0 0
0 0
0 0
0 0
9940 10176
0 0
0 0
0 0
0 0
0 0
0 0
0 0
0 0
0 0
0 0
0 0
0 0
0 0
0 0
0 0
0 0
0 0
0 0
0 0
18497 -9312
0 0
0 0
0 0
0 0
0 0
0 0
3336 -24402
0 0
0 0
0 0
0 0
0 0
0 0
0 0
0 0
0 0
0 0
0 0
0 0
0 0
0 0
1027 -6304
0 0
0 0
0 0
0 0
0 0
0 0
0 0
0 0
0 0
0 0
0 0
0 0
0 0
0 0
0 0
0 0
0 0
0 0
0 0
0 0
0 0
0 0
0 0
0 0
0 0
0 0
0 0
0 0
0 0
0 0
0 0
0 0
0 0
19373 -8752
9600 13393
-12479 19386
0 0
-11969 14870
0 0
0 0
0 0
0 0
0 0
0 0
0 0
0 0
0 0
0 0
0 0
0 0
-15686 11561
0 0
0 0
0 0
14498 -4841
-4719 2763
0 0
0 0
0 0
0 0
0 0
0 0
0 0
0 0
0 0
0 0
0 0
0 0
0 0
0 0
0 0
0 0
8359 -13230
5440 6175
15156 -9669
15363 11414
0 0
0 0
0 0
0 0
-15588 5683
0 0
0 0
0 0
0 0
0 0
-1244 -17087
-17081 -16344
0 0
0 0
0 0
0 0
0 0
0 0
0 0
0 0
0 0
0 0
-21875 9264
0 0
0 0
0 0
0 0
0 0
0 0
0 0
0 0
0 0
-4077 10712
0 0
0 0
0 0
0 0
21277 1433
0 0
-3717 15020
0 0
0 0
0 0
0 0
0 0
0 0
0 0
0 0
0 0
0 0
0 0
0 0
0 0
0 0
0 0
0 0
0 0
0 0
0 0
0 0
-13062 10203
0 0
0 0
0 0
0 0
0 0
0 0
0 0
0 0
0 0
0 0
0 0
0 0
-16374 1772
-10502 -22491
0 0
0 0
0 0
0 0
0 0
0 0
0 0
0 0
0 0
0 0
0 0
0 0
0 0
0 0
0 0
0 0
0 0
0 0
0 0
0 0
-19275 -10693
0 0
-13242 15568
-5991 -4733
11013 -1857
0 0
0 0
0 0
0 0
-16254 -18049
0 0
0 0
0 0
0 0
0 0
0 0
0 0
0 0
0 0
0 0
0 0
0 0
0 0
0 0
0 0
0 0
0 0
-8817 -386
0 0
0 0
0 0
0 0
0 0
0 0
0 0
0 0
0 0
0 0
0 0
-2572 6262
0 0
0 0
0 0
0 0
0 0
0 0
0 0
0 0
0 0
0 0
0 0
0 0
21255 -3616
0 0
0 0
0 0
-22242 -5057
0 0
0 0
0 0
0 0
0 0
0 0
0 0
0 0
4720 9677
-374 16397
0 0
7243 18306
0 0
0 0
0 0
0 0
0 0
0 0
0 0
0 0
0 0
0 0
0 0
0 0
0 0
0 0
0 0
0 0
18982 14084
9005 21608
0 0
0 0
0 0
0 0
0 0
-23736 -5069
0 0
0 0
0 0
0 0
0 0
0 0
0 0
0 0
0 0
0 0
0 0
0 0
0 0
0 0
0 0
0 0
0 0
0 0
0 0
0 0
0 0
0 0
0 0
0 0
0 0
0 0
0 0
-19642 -7486
0 0
0 0
0 0
0 0
0 0
0 0
0 0
0 0
0 0
-11629 -9629
0 0
0 0
0 0
0 0
0 0
0 0
0 0
0 0
0 0
0 0
9354 -8426
0 0
0 0
0 0
0 0
0 0
0 0
0 0
0 0
0 0
0 0
0 0
0 0
0 0
0 0
-470 16249
0 0
13050 -1935
3946 -12244
-5681 -3705
0 0
0 0
0 0
4634 6473
0 0
0 0
0 0
-4584 23332
0 0
0 0
7894 7280
0 0
0 0
-16715 -15206
0 0
0 0
0 0
0 0
0 0
0 0
0 0
0 0
0 0
-21135 6063
0 0
0 0
0 0
0 0
0 0
0 0
0 0
6556 23291
0 0
0 0
0 0
-4112 -15452
11665 -12157
0 0
0 0
0 0
0 0
0 0
0 0
0 0
0 0
0 0
0 0
-4228 19042
0 0
0 0
0 0
0 0
0 0
0 0
0 0
-1219 9345
0 0
0 0
0 0
11631 -14637
12806 -10856
0 0
479 -1835
-9105 -4486
0 0
5666 11694
0 0
0 0
0 0
0 0
11062 5114
16917 5422
0 0
0 0
-16683 3063
-812 -3320
12181 -8238
0 0
18083 3729
0 0
15991 -15878
0 0
0 0
0 0
0 0
0 0
2149 14508
0 0
0 0
0 0
5441 -1049
0 0
0 0
0 0
0 0
0 0
0 0
0 0
0 0
0 0
0 0
0 0
0 0
0 0
10170 -2850
0 0
0 0
0 0
0 0
0 0
0 0
0 0
-11548 -16167
0 0
0 0
0 0
0 0
7517 15363
0 0
0 0
0 0
0 0
0 0
0 0
0 0
0 0
0 0
0 0
0 0
0 0
0 0
0 0
0 0
0 0
0 0
0 0
-19890 -8763
0 0
0 0
0 0
0 0
0 0
0 0
-378 18277
0 0
0 0
0 0
0 0
0 0
0 0
0 0
0 0
0 0
0 0
0 0
0 0
0 0
0 0
0 0
14058 15352
0 0
0 0
-19144 2829
0 0
0 0
0 0
0 0
0 0
0 0
-16451 6405
0 0
0 0
0 0
0 0
0 0
0 0
0 0
0 0
0 0
0 0
0 0
0 0
2072 23299
0 0
0 0
16723 18901
0 0
0 0
0 0
-13662 4688
0 0
0 0
0 0
0 0
0 0
0 0
0 0
0 0
0 0
-23595 -6399
0 0
0 0
0 0
0 0
0 0
0 0
0 0
0 0
0 0
0 0
0 0
0 0
0 0
0 0
0 0
0 0
0 0
0 0
0 0
0 0
0 0
0 0
0 0
0 0
0 0
0 0
0 0
0 0
0 0
13154 -13799
20348 10041
0 0
0 0
0 0
0 0
0 0
0 0
0 0
0 0
4078 -20693
0 0
0 0
0 0
0 0
0 0
0 0
0 0
0 0
0 0
0 0
0 0
0 0
0 0
0 0
0 0
-16242 8735
0 0
0 0
0 0
0 0
-10198 9492
-18597 4445
0 0
0 0
-14856 15007
0 0
0 0
0 0
0 0
0 0
0 0
12528 19266
0 0
-6935 -17869
0 0
-11309 3900
0 0
22129 49
0 0
0 0
0 0
0 0
0 0
0 0
-402 14107
-8515 11803
0 0
0 0
3770 -10255
0 0
0 0
0 0
6472 -1507
0 0
0 0
0 0
0 0
0 0
20983 6372
0 0
-13567 -16402
0 0
0 0
-19640 -5276
0 0
0 0
0 0
0 0
0 0
-211 -4647
16052 -15126
0 0
0 0
0 0
0 0
0 0
0 0
-9024 12386
0 0
0 0
0 0
0 0
0 0
0 0
0 0
0 0
0 0
0 0
0 0
0 0
595 6919
0 0
0 0
12309 1394
0 0
-19553 15073
0 0
0 0
0 0
0 0
0 0
0 0
0 0
0 0
13972 -1599
0 0
0 0
0 0
0 0
0 0
-16014 14891
0 0
0 0
0 0
0 0
2396 8988
0 0
0 0
0 0
0 0
0 0
1694 3249
-13114 16515
0 0
0 0
0 0
0 0
-6166 14385
0 0
0 0
0 0
0 0
0 0
0 0
0 0
0 0
0 0
-15439 12579
0 0
0 0
0 0
0 0
0 0
0 0
0 0
-1204 20502
0 0
0 0
0 0
0 0
0 0
0 0
0 0
0 0
0 0
0 0
0 0
0 0
0 0
0 0
0 0
-14974 3292
0 0
0 0
0 0
0 0
0 0
0 0
0 0
0 0
0 0
0 0
0 0
0 0
-5033 -23638
0 0
0 0
0 0
775 24719
0 0
0 0
1143 20482
0 0
-8321 11563
0 0
0 0
0 0
0 0
0 0
8581 -17285
0 0
-7819 -1568
0 0
0 0
0 0
0 0
0 0
0 0
0 0
0 0
0 0
0 0
0 0
0 0
8737 17232
0 0
0 0
0 0
0 0
96 13934
21530 10971
0 0
0 0
-19937 -3168
0 0
973 -2898
9874 -19657
0 0
0 0
0 0
0 0
0 0
0 0
0 0
0 0
-2287 14998
0 0
0 0
0 0
0 0
0 0
0 0
0 0
0 0
0 0
0 0
0 0
0 0
0 0
12093 12426
0 0
0 0
20396 7091
0 0
0 0
0 0
0 0
0 0
0 0
0 0
0 0
0 0
0 0
0 0
0 0
0 0
0 0
8991 12423
0 0
-12300 9116
-1783 -12154
0 0
0 0
0 0
0 0
0 0
21564 -6793
0 0
0 0
0 0
0 0
0 0
0 0
13867 18350
0 0
-7943 -19865
0 0
0 0
23125 -8487
0 0
0 0
0 0
0 0
-14426 -13782
0 0
0 0
-9166 21681
0 0
0 0
0 0
0 0
0 0
0 0
0 0
0 0
0 0
0 0
0 0
0 0
0 0
0 0
0 0
0 0
0 0
0 0
-3775 -14412
0 0
0 0
0 0
0 0
0 0
0 0
0 0
0 0
0 0
0 0
0 0
-2311 -3301
0 0
0 0
0 0
5522 -8898
0 0
-2062 13931
0 0
0 0
0 0
0 0
-23561 -8169
-12096 -11058
-3447 2704
0 0
0 0
0 0
0 0
0 0
16920 -10163
0 0
0 0
-15694 -8583
0 0
-7528 18467
0 0
0 0
-2943 2561
0 0
2547 19345
0 0
-15593 12554
0 0
0 0
0 0
0 0
0 0
0 0
0 0
0 0
0 0
0 0
0 0
0 0
0 0
0 0
0 0
0 0
0 0
10121 -5983
0 0
0 0
0 0
0 0
-3386 -7505
-9001 -13013
0 0
0 0
0 0
19001 8705
0 0
0 0
0 0
0 0
0 0
0 0
0 0
0 0
0 0
0 0
0 0
0 0
0 0
0 0
0 0
0 0
0 0
0 0
0 0
0 0
0 0
0 0
0 0
20604 579
0 0
-13775 11366
655 17578
0 0
0 0
-1450 -1567
0 0
-19695 2687
0 0
0 0
0 0
0 0
0 0
0 0
0 0
0 0
0 0
0 0
0 0
0 0
0 0
0 0
-18094 10519
0 0
0 0
0 0
-14509 5084
0 0
0 0
0 0
0 0
0 0
17421 -9478
0 0
0 0
0 0
0 0
-4032 -5524
0 0
0 0
-12825 1457
0 0
0 0
0 0
0 0
0 0
0 0
-12062 -8096
9353 -18543
3270 -8317
0 0
0 0
0 0
0 0
0 0
0 0
0 0
-4965 -15759
4506 -6831
20080 -2660
0 0
0 0
-20673 -9949
0 0
0 0
-1777 -1045
0 0
0 0
0 0
3094 10166
2036 -8484
-14416 4220
0 0
0 0
0 0
0 0
0 0
0 0
0 0
0 0
0 0
-4702 -18828
0 0
0 0
0 0
0 0
0 0
0 0
0 0
16033 62
23909 2043
0 0
0 0
-7487 -15834
0 0
0 0
0 0
0 0
0 0
0 0
0 0
0 0
-11815 -9848
0 0
-12820 -952
0 0
0 0
0 0
0 0
0 0
0 0
0 0
13958 -4429
3606 -4762
2986 -3812
0 0
0 0
0 0
0 0
0 0
0 0
0 0
0 0
0 0
0 0
18354 4866
18630 -10567
0 0
0 0
0 0
0 0
0 0
0 0
0 0
0 0
0 0
0 0
-11317 -20958
0 0
0 0
0 0
0 0
-13431 20552
0 0
0 0
0 0
863 -11482
0 0
0 0
0 0
0 0
0 0
0 0
0 0
0 0
-15873 13746
0 0
0 0
-12294 -3753
-1312 -20421
0 0
0 0
0 0
0 0
0 0
-4674 -75
0 0
0 0
0 0
0 0
9022 11541
-1096 -10910
0 0
0 0
0 0
0 0
0 0
0 0
0 0
0 0
0 0
-11148 7342
119 -14335
4373 -12875
0 0
0 0
0 0
-3225 -13169
0 0
0 0
-4123 -22739
18894 -14801
0 0
-8878 -7046
0 0
0 0
0 0
0 0
0 0
0 0
0 0
0 0
0 0
0 0
19857 -8699
0 0
1490 3423
7458 -10508
-1921 4439
0 0
0 0
0 0
0 0
0 0
0 0
0 0
0 0
2699 -20832
0 0
-16961 -10337
0 0
0 0
-11086 -3930
0 0
0 0
0 0
0 0
0 0
0 0
0 0
0 0
0 0
0 0
0 0
0 0
0 0
0 0
-47 18048
8644 21659
0 0
0 0
0 0
0 0
-12994 -2403
0 0
0 0
0 0
0 0
21296 -11044
0 0
0 0
0 0
13526 -18657
0 0
0 0
-14846 8793
0 0
0 0
0 0
0 0
-21569 -9984
0 0
0 0
0 0
0 0
22099 3901
0 0
-3199 -14665
0 0
0 0
0 0
0 0
0 0
0 0
0 0
0 0
0 0
0 0
-3679 19210
0 0
0 0
0 0
0 0
0 0
0 0
0 0
0 0
0 0
0 0
0 0
0 0
0 0
0 0
0 0
0 0
0 0
0 0
0 0
0 0
0 0
0 0
0 0
0 0
22515 4675
0 0
0 0
0 0
0 0
5408 -16370
0 0
0 0
0 0
0 0
0 0
15075 -11755
0 0
-9073 -19295
-14689 -2240
0 0
0 0
0 0
582 -21861
0 0
0 0
0 0
0 0
0 0
0 0
0 0
0 0
0 0
7634 -20931
0 0
0 0
0 0
0 0
15331 15591
0 0
0 0
0 0
0 0
0 0
0 0
0 0
0 0
0 0
0 0
1162 14021
-1235 7357
0 0
0 0
0 0
0 0
0 0
0 0
0 0
0 0
0 0
0 0
0 0
0 0
0 0
0 0
0 0
0 0
13706 13426
0 0
0 0
0 0
3980 -12957
17314 -5914
0 0
0 0
0 0
0 0
0 0
0 0
0 0
0 0
0 0
0 0
0 0
0 0
15627 -1899
0 0
0 0
0 0
-6399 -14264
0 0
0 0
0 0
0 0
0 0
9621 21587
0 0
0 0
0 0
0 0
0 0
0 0
0 0
0 0
0 0
0 0
0 0
0 0
0 0
0 0
0 0
0 0
0 0
6239 1235
0 0
0 0
0 0
0 0
0 0
0 0
0 0
0 0
-15181 1895
0 0
23891 1053
10247 -6697
0 0
0 0
14965 -12933
0 0
0 0
0 0
0 0
0 0
0 0
0 0
-181 -22677
0 0
0 0
0 0
0 0
0 0
0 0
0 0
0 0
0 0
0 0
0 0
20499 2906
0 0
0 0
0 0
0 0
0 0
13209 -848
15602 1832
0 0
0 0
0 0
0 0
0 0
0 0
0 0
0 0
0 0
-1808 -5207
0 0
0 0
0 0
0 0
0 0
0 0
0 0
-2492 -4688
0 0
0 0
0 0
0 0
0 0
0 0
0 0
-3945 431
0 0
0 0
0 0
0 0
0 0
0 0
0 0
0 0
0 0
0 0
0 0
0 0
0 0
0 0
7956 -3552
15248 646
0 0
0 0
0 0
0 0
0 0
0 0
0 0
0 0
0 0
0 0
0 0
0 0
0 0
0 0
0 0
0 0
0 0
0 0
0 0
0 0
0 0
0 0
0 0
0 0
0 0
0 0
0 0
0 0
0 0
0 0
0 0
0 0
0 0
0 0
-9723 -16992
0 0
0 0
0 0
0 0
-3858 -21068
0 0
0 0
0 0
0 0
0 0
-15308 -10426
0 0
0 0
0 0
0 0
0 0
0 0
0 0
0 0
0 0
0 0
0 0
0 0
0 0
0 0
19445 4799
0 0
0 0
0 0
0 0
0 0
-15039 -1565
0 0
0 0
0 0
0 0
0 0
0 0
0 0
0 0
0 0
0 0
0 0
0 0
0 0
0 0
0 0
0 0
8813 -1260
0 0
0 0
20047 -5561
0 0
2830 -3588
229 4259
13365 -14788
9178 -19153
0 0
1552 -13368
0 0
0 0
0 0
0 0
0 0
0 0
0 0
0 0
0 0
0 0
0 0
0 0
0 0
-7688 22884
0 0
15403 -666
0 0
0 0
0 0
0 0
5434 -22823
10313 -2005
0 0
0 0
0 0
0 0
0 0
8484 17686
0 0
0 0
10398 9159
0 0
0 0
0 0
0 0
24402 -1159
0 0
0 0
0 0
12848 -19302
0 0
0 0
0 0
0 0
0 0
0 0
0 0
0 0
0 0
0 0
0 0
0 0
-15628 -6795
1310 10559
0 0
0 0
8673 -6900
0 0
0 0
0 0
0 0
0 0
0 0
0 0
0 0
0 0
0 0
0 0
-11421 -4248
0 0
0 0
0 0
-3134 -14984
0 0
-21373 -8435
0 0
0 0
0 0
0 0
0 0
0 0
16834 -10804
-1411 -21090
0 0
0 0
0 0
0 0
0 0
0 0
0 0
0 0
0 0
0 0
-12404 1210
0 0
0 0
0 0
0 0
0 0
0 0
0 0
0 0
0 0
9589 6659
14397 -689
0 0
0 0
0 0
0 0
0 0
0 0
8793 22206
0 0
0 0
881 -23767
0 0
0 0
0 0
0 0
0 0
0 0
0 0
-6652 19991
0 0
0 0
0 0
0 0
0 0
0 0
0 0
0 0
0 0
0 0
0 0
0 0
-5892 4355
0 0
0 0
0 0
0 0
16586 -401
0 0
0 0
0 0
0 0
0 0
0 0
0 0
0 0
15482 14511
0 0
0 0
0 0
0 0
0 0
-23096 -4256
0 0
0 0
-10772 -18959
0 0
0 0
0 0
6089 17965
0 0
0 0
0 0
0 0
0 0
2457 -5523
0 0
0 0
-1551 2438
8544 9589
0 0
10730 -12365
0 0
0 0
0 0
0 0
0 0
0 0
0 0
9815 22758
0 0
0 0
0 0
0 0
0 0
0 0
0 0
0 0
0 0
0 0
0 0
0 0
0 0
0 0
0 0
0 0
0 0
3865 5304
23512 6546
0 0
0 0
0 0
0 0
0 0
0 0
0 0
0 0
0 0
0 0
0 0
0 0
0 0
-16569 -194
-17917 18328
0 0
0 0
0 0
-9299 -5873
-16542 14103
0 0
0 0
0 0
0 0
0 0
0 0
0 0
-9631 22982
0 0
0 0
0 0
0 0
7811 2832
0 0
0 0
0 0
0 0
0 0
0 0
0 0
0 0
0 0
0 0
0 0
0 0
0 0
0 0
-16254 -12479
0 0
0 0
0 0
0 0
0 0
0 0
0 0
0 0
0 0
5460 -3156
0 0
0 0
0 0
-5165 9032
1861 -9917
0 0
0 0
6262 -17663
0 0
0 0
0 0
0 0
-8936 761
9575 -10629
0 0
0 0
0 0
6407 -4334
0 0
9228 7766
3272 13071
0 0
0 0
0 0
0 0
0 0
0 0
0 0
0 0
0 0
0 0
0 0
0 0
0 0
0 0
0 0
0 0
0 0
-9952 14235
0 0
0 0
0 0
0 0
0 0
0 0
0 0
0 0
0 0
-2894 22696
-15948 12033
0 0
0 0
0 0
0 0
0 0
2874 -8093
10666 15515
0 0
0 0
0 0
0 0
0 0
0 0
0 0
0 0
0 0
0 0
0 0
0 0
0 0
0 0
0 0
0 0
0 0
0 0
0 0
16041 -5138
0 0
0 0
0 0
0 0
0 0
5821 -92
-2892 -4822
0 0
0 0
0 0
0 0
18709 1173
0 0
-1464 12014
0 0
0 0
-24302 -5129
0 0
0 0
0 0
0 0
7859 -19558
0 0
-20885 12154
0 0
0 0
0 0
0 0
0 0
0 0
0 0
0 0
0 0
-7556 14922
0 0
0 0
0 0
0 0
0 0
0 0
7824 -12741
0 0
0 0
0 0
0 0
0 0
0 0
0 0
-5207 -21427
0 0
0 0
0 0
0 0
0 0
0 0
0 0
0 0
9462 9472
0 0
0 0
0 0
0 0
0 0
0 0
0 0
0 0
0 0
0 0
0 0
0 0
5872 13933
-4814 9910
0 0
0 0
0 0
0 0
954 -23243
-8414 -10438
0 0
0 0
0 0
0 0
0 0
0 0
0 0
0 0
0 0
0 0
0 0
0 0
0 0
0 0
0 0
0 0
0 0
-17459 738
0 0
0 0
0 0
0 0
0 0
0 0
5686 -14427
0 0
0 0
3434 17185
0 0
-15111 7407
0 0
0 0
0 0
0 0
0 0
14484 -18661
8005 2213
0 0
0 0
0 0
15925 -8887
0 0
0 0
0 0
0 0
-8551 -2942
-21281 -2946
0 0
0 0
-10107 -5880
-22777 3813
-2852 9215
0 0
0 0
0 0
0 0
0 0
-14921 -3688
0 0
0 0
0 0
0 0
0 0
0 0
0 0
0 0
0 0
0 0
-7141 9062
0 0
0 0
0 0
0 0
0 0
0 0
0 0
0 0
0 0
0 0
0 0
0 0
12063 -12770
0 0
0 0
-12486 13557
0 0
0 0
0 0
0 0
0 0
0 0
0 0
0 0
0 0
0 0
0 0
0 0
14667 15276
0 0
0 0
0 0
0 0
0 0
0 0
0 0
0 0
0 0
0 0
0 0
0 0
12121 17030
0 0
0 0
0 0
0 0
0 0
0 0
1777 4158
-5623 -4898
-16118 -4546
0 0
0 0
0 0
0 0
23372 -7218
16097 15614
0 0
0 0
0 0
0 0
-18853 12310
1521 22156
0 0
0 0
-22710 -8058
0 0
-259 -17845
0 0
0 0
9634 1245
0 0
0 0
16932 7978
7053 -726
0 0
0 0
0 0
0 0
-17357 995
0 0
0 0
0 0
0 0
0 0
0 0
0 0
0 0
0 0
0 0
0 0
0 0
17173 -5993
0 0
0 0
0 0
0 0
0 0
0 0
-5910 14147
0 0
0 0
0 0
0 0
-5364 13133
0 0
0 0
0 0
0 0
0 0
0 0
13796 13376
0 0
0 0
0 0
0 0
0 0
0 0
0 0
-14381 8038
-21901 8894
0 0
0 0
-1076 14494
0 0
0 0
0 0
0 0
0 0
0 0
0 0
0 0
0 0
0 0
0 0
-1131 124
-12194 3061
0 0
0 0
0 0
-20943 -4194
0 0
0 0
0 0
0 0
17665 8996
0 0
0 0
-23664 6309
0 0
0 0
0 0
0 0
0 0
0 0
0 0
-7714 12911
-12466 19363
0 0
0 0
0 0
0 0
6631 -7169
0 0
0 0
0 0
0 0
-13034 -16985
0 0
0 0
0 0
-17631 14711
0 0
0 0
-12902 20637
0 0
0 0
0 0
0 0
13410 14851
0 0
0 0
0 0
0 0
0 0
-16832 6534
-10915 15852
0 0
0 0
0 0
0 0
0 0
0 0
0 0
0 0
6048 -13644
-11145 -19471
0 0
0 0
0 0
0 0
0 0
0 0
0 0
0 0
0 0
0 0
0 0
2968 -6376
0 0
0 0
3683 16563
14522 -582
0 0
-11359 13936
0 0
13509 8546
0 0
-4223 -7195
-11167 13679
0 0
14653 13167
0 0
0 0
0 0
0 0
0 0
0 0
0 0
0 0
0 0
0 0
0 0
0 0
0 0
0 0
0 0
0 0
0 0
0 0
0 0
-4022 -18645
0 0
0 0
0 0
13299 2048
6221 1292
0 0
0 0
0 0
0 0
-1623 2519
4641 15429
0 0
0 0
0 0
0 0
0 0
0 0
0 0
0 0
0 0
0 0
0 0
0 0
5561 -23426
0 0
0 0
-4623 -23398
0 0
0 0
0 0
0 0
6680 -14852
18891 -10307
0 0
0 0
-5523 -19836
-4570 -4903
12488 -3292
3458 -5122
0 0
0 0
0 0
0 0
0 0
0 0
0 0
0 0
0 0
0 0
0 0
0 0
0 0
0 0
0 0
-10061 9685
-1502 -3476
0 0
11743 -16966
0 0
0 0
0 0
0 0
0 0
-19126 4517
0 0
0 0
0 0
0 0
13153 -1605
0 0
0 0
0 0
0 0
0 0
0 0
0 0
0 0
-12845 10262
-20799 4299
-3268 -8190
-3832 6934
0 0
0 0
-18078 -8257
-1868 -9568
0 0
0 0
0 0
0 0
0 0
0 0
-11455 15872
0 0
0 0
0 0
0 0
0 0
0 0
14842 9604
0 0
0 0
7778 20001
0 0
0 0
0 0
0 0
0 0
0 0
0 0
9757 -16924
0 0
0 0
0 0
0 0
0 0
0 0
0 0
0 0
-10753 13150
-14860 3196
0 0
0 0
0 0
0 0
0 0
0 0
0 0
0 0
0 0
0 0
0 0
0 0
0 0
0 0
0 0
0 0
0 0
0 0
0 0
0 0
0 0
0 0
-14725 5872
-5565 19907
0 0
0 0
0 0
0 0
0 0
0 0
0 0
0 0
0 0
0 0
0 0
0 0
-255 11620
16839 13337
19396 5841
-1028 8575
0 0
0 0
0 0
-423 17904
0 0
3674 -22075
10899 -18950
0 0
0 0
0 0
0 0
0 0
0 0
0 0
-10484 -16089
0 0
0 0
0 0
0 0
5086 9911
0 0
0 0
0 0
0 0
0 0
0 0
0 0
0 0
0 0
0 0
0 0
0 0
0 0
10860 -20683
0 0
0 0
0 0
0 0
0 0
0 0
0 0
0 0
0 0
0 0
0 0
0 0
0 0
0 0
0 0
0 0
7112 3954
18853 -9819
0 0
88 18568
18663 3512
13680 7620
668 -6152
0 0
0 0
0 0
0 0
0 0
0 0
0 0
0 0
0 0
0 0
0 0
0 0
0 0
0 0
0 0
0 0
-1795 -8365
120 12593
2422 -1335
2290 -746
0 0
0 0
0 0
0 0
0 0
0 0
0 0
0 0
0 0
24415 -4087
0 0
0 0
-6893 2954
0 0
0 0
0 0
0 0
0 0
-961 15681
0 0
0 0
0 0
5463 -17228
0 0
0 0
0 0
13080 5267
11673 19154
0 0
0 0
0 0
0 0
0 0
0 0
-20469 4763
0 0
0 0
-19544 15734
0 0
0 0
0 0
0 0
19773 7378
0 0
0 0
0 0
0 0
0 0
0 0
0 0
0 0
0 0
0 0
0 0
0 0
-2117 -12768
0 0
0 0
0 0
16758 17358
0 0
0 0
0 0
0 0
4308 -6912
0 0
0 0
0 0
0 0
0 0
0 0
0 0
0 0
0 0
9099 -14143
0 0
0 0
0 0
-15245 10941
0 0
0 0
0 0
0 0
0 0
0 0
0 0
4007 -13109
-417 -13933
0 0
0 0
0 0
0 0
-5982 -636
-13615 -8026
0 0
0 0
0 0
0 0
0 0
-6222 3258
2251 -7721
0 0
0 0
0 0
0 0
0 0
0 0
-1124 13804
-8101 22542
0 0
7480 -9386
0 0
0 0
0 0
0 0
6843 -9864
0 0
0 0
0 0
0 0
-21226 -1695
0 0
-13711 -12208
0 0
0 0
0 0
0 0
0 0
0 0
0 0
0 0
0 0
0 0
648 -19479
0 0
0 0
0 0
0 0
0 0
-18369 4463
0 0
0 0
0 0
0 0
0 0
0 0
0 0
0 0
0 0
0 0
-9644 -6129
0 0
0 0
0 0
0 0
0 0
0 0
0 0
0 0
0 0
7327 20645
0 0
0 0
-1609 20043
0 0
0 0
0 0
0 0
96 4465
0 0
0 0
-4389 -11249
-2907 -13271
4017 -1785
0 0
0 0
0 0
0 0
-22220 10278
-415 22058
0 0
-1621 -15048
0 0
0 0
0 0
0 0
0 0
0 0
-4273 8370
5558 900
0 0
0 0
0 0
0 0
0 0
0 0
0 0
0 0
13798 -17004
0 0
0 0
0 0
0 0
0 0
0 0
4946 -19995
0 0
0 0
0 0
0 0
0 0
0 0
0 0
0 0
0 0
0 0
0 0
0 0
0 0
0 0
0 0
0 0
0 0
11971 20835
0 0
0 0
0 0
0 0
0 0
0 0
0 0
0 0
0 0
0 0
0 0
0 0
0 0
0 0
0 0
0 0
0 0
0 0
0 0
0 0
0 0
0 0
5367 3955
-6743 -4153
0 0
0 0
13943 13222
0 0
0 0
0 0
19287 -7302
0 0
0 0
0 0
0 0
14343 9386
-6284 12690
-8541 22177
9495 14993
-5036 24361
0 0
-23587 -556
0 0
0 0
0 0
0 0
0 0
0 0
0 0
0 0
0 0
0 0
0 0
0 0
0 0
-11199 -167
-5121 -9454
0 0
0 0
0 0
0 0
0 0
8178 -6174
1193 -8311
0 0
0 0
0 0
-13036 -11332
0 0
0 0
0 0
0 0
0 0
0 0
-15048 -3552
-20338 -11997
0 0
0 0
0 0
-4607 4454
0 0
0 0
0 0
0 0
0 0
0 0
0 0
0 0
0 0
0 0
0 0
0 0
0 0
0 0
0 0
-11264 1669
783 6766
-9008 21625
-7456 5724
-6372 -3072
0 0
0 0
0 0
0 0
0 0
-8153 12077
0 0
0 0
0 0
0 0
0 0
0 0
0 0
0 0
0 0
0 0
0 0
0 0
0 0
0 0
0 0
0 0
0 0
0 0
0 0
0 0
0 0
0 0
-2840 1692
0 0
0 0
-11252 -5626
6001 9597
23659 817
5404 9041
0 0
0 0
0 0
0 0
0 0
0 0
0 0
0 0
4938 16947
-13798 3444
0 0
0 0
0 0
3066 8552
0 0
0 0
0 0
0 0
0 0
0 0
0 0
0 0
9988 -9353
0 0
0 0
0 0
0 0
0 0
13272 14682
0 0
0 0
0 0
16155 457
0 0
-10984 16889
0 0
0 0
0 0
0 0
0 0
0 0
0 0
0 0
0 0
0 0
0 0
-15195 -11576
0 0
0 0
0 0
0 0
0 0
0 0
0 0
-1533 -4620
0 0
0 0
0 0
0 0
-10976 -686
0 0
0 0
0 0
0 0
0 0
0 0
0 0
0 0
0 0
0 0
0 0
0 0
0 0
0 0
0 0
0 0
0 0
0 0
0 0
6436 3921
0 0
0 0
0 0
0 0
0 0
0 0
0 0
0 0
0 0
0 0
23646 2372
0 0
0 0
0 0
0 0
0 0
0 0
0 0
0 0
0 0
0 0
0 0
0 0
0 0
0 0
-7526 -1874
0 0
0 0
0 0
0 0
0 0
8201 20100
0 0
-17002 -3234
0 0
0 0
0 0
0 0
13985 -3475
0 0
0 0
0 0
0 0
-3836 18755
0 0
0 0
0 0
0 0
0 0
0 0
0 0
0 0
0 0
0 0
0 0
0 0
21277 6907
0 0
0 0
0 0
0 0
0 0
4666 -10263
0 0
0 0
0 0
0 0
0 0
-5585 15734
-11782 6822
-4866 388
0 0
0 0
0 0
0 0
0 0
0 0
0 0
0 0
-10783 -14498
0 0
-13151 -19129
0 0
0 0
0 0
0 0
-131 13101
0 0
0 0
0 0
-1086 16184
0 0
0 0
0 0
19375 -1835
0 0
0 0
0 0
0 0
0 0
0 0
-14063 -5523
0 0
0 0
0 0
0 0
0 0
10814 -9228
0 0
0 0
0 0
-12385 17743
-16840 -688
0 0
0 0
0 0
0 0
0 0
0 0
0 0
0 0
1964 -22350
0 0
0 0
0 0
0 0
11305 -17242
0 0
0 0
0 0
0 0
0 0
0 0
9203 -22904
0 0
2402 1297
0 0
0 0
0 0
0 0
0 0
0 0
-4208 23376
0 0
0 0
0 0
0 0
0 0
0 0
-1774 -15126
0 0
0 0
-9387 -18168
0 0
0 0
0 0
0 0
-5794 4650
14486 15327
0 0
0 0
-10212 -14911
3294 -9103
-20440 -3473
-1737 3880
16194 17415
0 0
0 0
0 0
0 0
0 0
1727 -9755
-15753 3326
0 0
0 0
0 0
0 0
0 0
0 0
0 0
-13149 13695
-2377 12736
0 0
0 0
0 0
0 0
0 0
0 0
0 0
0 0
0 0
0 0
0 0
0 0
0 0
0 0
0 0
0 0
0 0
0 0
11199 7319
0 0
0 0
0 0
3504 -23198
16961 -16064
0 0
0 0
0 0
0 0
-5650 13154
-21836 -4050
0 0
0 0
3323 15499
0 0
0 0
20396 -1582
0 0
0 0
0 0
0 0
-10587 -15561
0 0
0 0
0 0
0 0
6873 13530
0 0
0 0
0 0
0 0
0 0
0 0
0 0
0 0
-16422 -7660
0 0
0 0
1644 14928
0 0
0 0
0 0
0 0
0 0
0 0
0 0
0 0
0 0
0 0
0 0
0 0
0 0
0 0
0 0
0 0
4488 -11176
0 0
0 0
0 0
-3212 -16575
0 0
0 0
0 0
0 0
0 0
0 0
0 0
0 0
0 0
0 0
0 0
-9770 -16348
0 0
0 0
0 0
0 0
0 0
0 0
0 0
0 0
0 0
0 0
0 0
0 0
0 0
13062 14912
8012 1913
-3150 18609
-11135 15299
0 0
0 0
0 0
-6775 7709
0 0
0 0
-18893 3994
0 0
20693 2527
0 0
0 0
0 0
0 0
0 0
0 0
0 0
0 0
0 0
0 0
0 0
0 0
0 0
0 0
0 0
0 0
0 0
0 0
0 0
0 0
0 0
0 0
0 0
-2169 19496
0 0
0 0
0 0
0 0
-1871 295
0 0
0 0
1876 -12309
0 0
0 0
-9219 4620
0 0
0 0
0 0
0 0
0 0
4644 16766
12872 17248
0 0
0 0
-13548 16453
0 0
0 0
0 0
0 0
0 0
0 0
0 0
0 0
0 0
0 0
0 0
0 0
0 0
10301 4828
0 0
0 0
0 0
0 0
0 0
2265 9080
0 0
0 0
0 0
0 0
-760 -944
-2023 14702
-18127 -2377
0 0
-12716 -12578
0 0
0 0
0 0
0 0
0 0
0 0
0 0
0 0
0 0
0 0
0 0
0 0
0 0
0 0
0 0
0 0
0 0
0 0
12478 -6194
0 0
0 0
0 0
0 0
-12542 3843
0 0
0 0
0 0
0 0
0 0
0 0
0 0
10765 -7684
0 0
0 0
0 0
0 0
0 0
0 0
0 0
0 0
2760 14174
0 0
0 0
18582 -16169
0 0
0 0
0 0
0 0
0 0
0 0
0 0
15814 -2702
7713 13746
-7110 4029
0 0
0 0
0 0
-16006 2132
0 0
0 0
0 0
0 0
0 0
-1865 -19191
0 0
-16734 11968
0 0
17705 -18363
3211 -10444
0 0
0 0
-5391 13379
0 0
0 0
0 0
0 0
0 0
-23450 -8518
0 0
0 0
0 0
0 0
8589 -3071
8334 -12045
0 0
0 0
0 0
0 0
0 0
0 0
-7985 11594
0 0
0 0
9511 -919
0 0
-11100 -13997
-10314 -16184
-7144 7265
0 0
0 0
0 0
0 0
0 0
0 0
-4418 3913
0 0
0 0
0 0
0 0
0 0
0 0
0 0
0 0
0 0
0 0
0 0
0 0
-7868 -960
0 0
0 0
0 0
0 0
0 0
0 0
-1053 -9166
15329 7730
0 0
0 0
0 0
0 0
0 0
0 0
0 0
0 0
0 0
2382 -1717
0 0
0 0
0 0
0 0
0 0
0 0
0 0
0 0
0 0
0 0
0 0
0 0
11671 -2131
0 0
0 0
0 0
0 0
-20485 -9394
0 0
0 0
0 0
0 0
1477 -7470
21866 4440
0 0
0 0
0 0
-2329 -18535
0 0
0 0
0 0
-3533 -24172
0 0
173 16622
0 0
0 0
16187 -10539
0 0
0 0
0 0
0 0
0 0
0 0
0 0
0 0
0 0
0 0
0 0
0 0
0 0
0 0
0 0
0 0
0 0
0 0
0 0
0 0
0 0
0 0
0 0
0 0
0 0
0 0
0 0
0 0
0 0
0 0
0 0
-1058 23108
6007 -859
-1546 20586
0 0
0 0
0 0
-11017 -7080
4837 -1283
0 0
0 0
11433 18711
0 0
0 0
0 0
0 0
0 0
0 0
0 0
0 0
0 0
0 0
0 0
0 0
0 0
0 0
0 0
0 0
-7353 12364
0 0
0 0
0 0
0 0
0 0
0 0
0 0
0 0
0 0
-13459 13603
0 0
0 0
3004 -461
0 0
0 0
0 0
0 0
0 0
0 0
0 0
0 0
0 0
0 0
0 0
0 0
0 0
-6383 14382
0 0
0 0
0 0
21362 -528
0 0
0 0
0 0
0 0
0 0
0 0
0 0
0 0
0 0
0 0
0 0
0 0
0 0
0 0
0 0
0 0
0 0
14773 -249
0 0
0 0
0 0
0 0
0 0
0 0
2754 1492
-19344 -8739
0 0
10566 13366
0 0
0 0
0 0
0 0
0 0
0 0
0 0
0 0
0 0
0 0
0 0
-10021 9519
0 0
0 0
23232 5423
0 0
0 0
0 0
0 0
0 0
-16351 -6514
0 0
0 0
-10556 -18562
0 0
0 0
0 0
0 0
0 0
0 0
0 0
14166 969
0 0
0 0
-13631 2254
0 0
0 0
0 0
0 0
0 0
-2552 -21609
0 0
0 0
0 0
-16296 14767
0 0
0 0
0 0
0 0
21397 9414
0 0
0 0
0 0
-14809 -2781
0 0
0 0
-9612 -11389
-18242 -4090
0 0
0 0
