17587 32767
17587 32767
32767 -21010
-16185 -14319
17423 3158
-32767 32767
6087 -32767
26353 9294
25938 32767
-15062 -15548
-24865 -10001
22474 4013
-27367 14485
-11943 -32767
10950 1783
32767 32767
-32767 -32767
32767 32767
-26663 -32767
-2091 -5611
-22281 32767
32767 -32767
-12598 28461
-5799 -3545
32767 23924
-32767 -32767
10976 -8755
-13160 32767
-18267 -32767
-5244 -13659
25347 32767
-21947 2407
32767 -32767
-28300 -3776
32767 32767
14253 -4497
-32767 -32767
8999 25328
-6047 -6716
32767 -17413
-32596 29729
-1289 -32767
21446 32767
-32767 -32767
-5466 26552
21543 -29265
28923 26895
-19097 -2789
-32767 21512
32767 -7743
4734 8616
-13237 -32767
-17918 -5316
32767 7979
-32767 4423
32767 32767
-21917 -1379
21562 -32767
-1085 -6357
-31288 11414
25550 -9561
-9944 32767
-14124 -32767
11214 20835
28605 29929
-32767 -13139
-616 -32767
32767 32767
-31049 -32767
13918 24742
-31132 10533
30222 14760
26674 -32767
-5423 32767
-32767 8899
10765 -32767
14315 32767
2558 18168
3234 -3617
15484 -21850
-26027 -23799
28371 32767
-23023 -1010
-3643 20821
27461 -11296
-7527 1029
-27556 -32767
-3182 32767
32767 -32767
-8770 2265
-32767 26503
32767 15511
20629 -32767
-30854 32767
5209 -18233
22109 -5705
-32767 17417
759 -24047
28137 2577
12826 -7269
-29461 -11403
5249 -10496
-6551 32767
25844 -29610
-3071 -6750
-10487 31817
-32767 -3302
23721 -8125
22381 22393
-22930 -32767
-7608 32767
-7571 -32767
25912 32767
15669 -20783
-20611 2107
15853 -12999
-14369 18973
24801 -26664
-32767 -2513
32767 7018
-32767 25108
29501 -32767
32767 19547
-27384 -3489
13060 32767
-17420 12645
-7419 -32767
-2937 7431
-9082 15342
-6104 -13281
18155 -12057
7064 7441
7449 32767
20063 -8604
-32767 25167
-16981 -28393
24842 27327
32767 1489
-9034 -32767
-22590 32767
11516 -32767
-32767 32767
24301 -32767
16978 32767
-7709 -12686
-14463 670
1932 27979
2174 -20672
1628 -29851
-15822 -13193
32767 16028
-19509 32767
-32767 -12242
6996 2282
32767 -32767
-10134 29739
-22071 19731
-9930 -32767
19494 32767
-21135 -12463
-6624 6674
31960 -32767
8016 11699
-7656 32767
-18524 -32767
10192 2017
-14387 32767
497 -32767
32767 32767
-32767 -12705
32767 32767
-30889 -32767
9001 25587
12800 30792
-32767 -21894
27057 -14357
3856 32767
-30904 -32767
32767 5357
-1104 18534
2143 -16971
-16248 -9734
28082 -6712
-6875 17400
-21427 27694
2103 -7363
-12017 -32767
-13563 32767
32767 -10838
7075 19134
-32767 -32767
11063 32517
12569 -21913
-24198 25223
30416 27726
17199 -32767
-32767 12956
17653 10449
-31381 15590
32767 -32767
19934 5534
-453 14508
-32767 11192
-13672 7840
5111 16450
32767 -154
-20394 -32767
-32727 19121
29795 -8145
-30499 -14490
32767 27409
-3901 -1521
-8577 -12115
23470 32767
-32767 -32767
-7421 5653
13000 23442
19618 -32767
12480 28980
-15767 -32767
-5271 5902
-26546 16833
1906 -22602
-8187 32767
18682 -32767
23781 14105
4844 7518
2077 13723
-32767 19477
32767 -4800
-18525 -15805
-16562 -13231
32767 21652
12807 -22756
9885 32767
-32767 -8280
-13509 -32767
-10256 -2233
22581 32767
-5477 13130
32767 -6035
-32767 -32767
13860 9515
-13496 32767
32767 -32767
-32767 -7434
23726 32767
-2367 -27925
28891 32767
-23464 -32767
-21448 -15425
9997 13055
32767 -82
-10195 245
13938 -3647
-10287 -11757
-32767 32767
32767 -10607
-5865 -32767
-32335 32767
32767 13111
-20992 -12337
14665 -32767
-32767 30303
2307 -1376
19439 -26604
-22684 4252
19406 30005
16283 10144
4649 9123
14051 -22272
-13599 22596
13577 -32767
-32767 9093
27110 -9372
-6310 32767
7565 -32767
-1987 9311
7421 32767
-32767 -32767
7287 32767
-348 -32767
20711 32767
-20946 -18070
1190 18475
30644 -32767
-15456 -6320
-1181 16362
14497 32767
-300 -4605
9653 4639
5596 -22508
-17988 -29690
-8444 16718
-8105 32767
12051 -32767
10452 32767
2524 -1754
-32767 -14425
32767 -4954
-28292 30141
9130 -8390
-19920 -22585
32767 -1546
-13488 -13582
-26126 28107
11880 4575
22663 8230
12970 -234
-32767 -25290
8620 -27939
27920 7428
6529 -1251
-32767 -3259
22511 16451
-1517 -4591
-15000 16809
27717 20027
18001 -14728
4570 18001
-32767 6359
-3052 -24580
-6539 -20418
32767 26986
-9333 -32767
-11288 29153
-32767 -5244
28589 -6128
26638 -12766
-8635 11369
-32767 -6932
31136 -11200
17102 32767
-9265 -32767
-24631 -7048
32767 25304
-28109 -21144
11763 4305
-32767 2606
32767 7604
-19615 -4222
-23502 14764
14644 19897
16373 -20261
3861 -13729
4912 13227
10220 32046
-9391 -32424
-28918 16217
14585 -13888
-32767 -21473
3907 32767
-3331 -32767
18289 24690
28639 12946
-16460 -8073
11132 22028
-25833 7427
22630 -32767
780 7981
-28429 -10129
-14877 32767
11511 -23592
32767 20888
-10323 -2128
-16702 -32767
-23034 32767
32767 -32767
-24092 10835
-8588 32767
32767 -13939
-32767 -29640
32767 4233
13560 32767
5353 -25839
-5825 2610
-12180 24215
-25890 -32767
26376 32767
-27487 -11370
12066 -24664
-29699 -22205
32767 32767
-21163 -25442
20807 7283
-32767 32767
32767 -5617
-32767 -15572
32767 -32767
-2826 27824
-32767 -24856
15680 -3997
-15752 32767
24032 -32767
-32767 32767
32767 -32767
9251 3987
-14079 25946
-29001 11855
-15979 -32767
32767 32767
-5672 2395
21677 -13106
-32767 -4965
15338 -32767
24897 -3368
-6441 19078
-29661 19685
2474 -29803
-3804 -11108
32767 11475
-32767 22840
4396 24872
32767 -13265
-32767 -32767
20557 -4460
15100 -2230
24916 19093
-14356 21845
-32767 -5357
-2174 19746
32767 -32767
2315 -5731
-32767 -11895
32767 32329
-32767 -15952
32767 32767
19291 6108
-13356 -32767
17237 32767
-32767 -9421
32767 -3666
-32767 28954
6582 -26763
-6792 -11401
-1676 27941
32767 -6498
3322 -32767
-18356 32767
15983 -32767
9342 18231
-9773 22145
-22079 5993
-15384 10135
15894 -14651
19676 -27714
16946 32767
-32767 -16122
-13862 -10119
1218 -14302
-1342 6440
7970 -8357
2431 -11988
32767 23938
6029 -27999
-18671 20416
-26541 -310
-775 19941
776 14506
11595 -32767
23381 29362
-5568 -24106
-19217 7604
32767 24669
-29223 -6125
3543 9446
-8874 -27096
20962 28394
15302 -32096
-32767 -11736
3140 32767
32767 -32767
18880 32767
-32767 -12658
5131 -31018
10316 1457
17915 748
4257 2909
-31363 30426
12235 -20551
-2919 19405
9716 -15844
207 21083
-23724 -12214
6551 -25295
-5404 32767
-16502 -14421
8128 -11567
32767 14708
-32767 -32767
32767 32767
4629 -32767
-20761 29006
-7953 -17406
-15837 743
32767 -3218
-32767 -5355
32767 2435
-4886 15692
-32767 23436
32767 -29785
-32767 4266
19663 29611
32767 1140
-32767 -2780
-14988 -9834
32767 -18260
17021 -14536
-32767 32767
32767 -15837
-32648 -7052
30239 22927
-30345 19788
32767 -32767
-12525 32767
-22699 -4106
24159 21897
-13647 -32767
25367 32767
-31234 -32474
20709 4745
-32767 17498
9339 -3911
-14061 6896
32767 -4349
-32083 11198
-18507 -32767
32767 5371
-32767 22093
32767 -32767
-32767 32767
7574 -30491
1272 32767
20584 -32767
22925 21450
-32767 20249
30765 -23057
27662 32767
-32767 -32767
32767 32767
-32767 -10121
-2366 -9285
13195 11700
1962 -9851
-2487 -32767
-4942 32767
-503 -32767
7253 539
32337 -4910
-32767 3949
32767 32767
23827 -16162
-32767 -32767
31391 3640
-32767 32767
-13246 -32767
11494 11676
5872 -24263
31884 32767
-5905 -32767
539 32767
-9919 16655
-31838 -10140
-3880 -32767
17339 18740
-18453 7463
24760 6438
9621 10727
-30843 -32767
32767 731
-32767 -6684
30432 32767
-32767 -32767
32438 -2424
6603 32767
-11886 8275
17625 -29133
-32767 -11228
5213 1414
-6385 26826
12418 -565
7251 -20301
17004 2876
4064 30710
-32767 -14461
32767 187
-30058 -32767
-479 6707
18214 23922
20268 21044
-32767 -32767
32767 18783
-31196 9771
-849 28466
-15479 -5484
2781 1140
12135 9829
-10667 -32767
32767 32767
-14131 -27100
23093 15477
8432 -15622
-23656 -12200
-10453 32767
15757 -25523
-22647 -3458
-23950 -18856
32767 32673
-19366 -31040
-25743 -9063
32767 3686
-32767 13045
32767 32767
-285 -12927
-32767 -32767
-3008 32767
-1582 -27633
10111 10637
-21021 26245
1757 -32767
32767 32767
-29212 -27598
32767 1392
-32767 32767
32767 -10764
-24646 -32767
15094 32767
-32767 -21254
-13461 -2407
32767 12015
-8008 -8457
-32767 10415
-15022 -26985
447 25332
9655 -10203
8206 -24846
13966 -2647
15295 28203
-32767 19060
32767 -25801
-32767 13337
32767 29776
-13653 -32767
5621 16162
-5094 6720
-4650 10782
12267 -8873
24033 -32767
-32767 22377
8824 -18545
32767 32767
-27305 -9643
17434 -32767
-8538 32767
-20630 -24064
-18037 -4138
32767 26661
-32767 -32767
28854 -5153
-21737 32767
2242 -4898
9248 -32767
13741 32767
9269 6189
-9977 7524
-24061 5118
-7034 -29847
32767 32767
-15860 -25238
-32767 -12447
9031 2196
6287 -23191
7873 32767
-20904 -28596
32767 -24012
-32767 -194
32767 32767
-32767 -15045
-6387 9011
31698 -17479
-32767 -32767
-8211 7375
32767 31682
-20064 -24118
24668 24794
-32767 -22469
-4825 -12098
32767 -6001
3664 29742
-32767 -26111
32767 30440
20776 -13968
-32767 -5179
32767 1422
-16305 32767
10664 -32767
-32767 -2625
-7398 -648
3417 17961
32767 20096
3468 -32767
12816 25423
473 32767
-24599 -27009
-17071 25114
-18159 -32767
1296 20310
32767 4739
-22506 -1993
32767 19347
-32767 -32767
29497 20995
11982 27392
-17571 -32767
32767 29474
-32767 12527
32767 14333
-32767 -4419
32767 -32767
-11413 18705
19525 -6690
-32767 20890
32767 15144
-32441 8596
-25256 -32767
24298 32767
-7982 -32767
32767 32563
-32767 21011
32767 -32767
-32767 26900
2816 21106
-9871 -13301
32767 3807
-23164 -2913
22335 -19397
-8815 1213
-9104 -10309
-9627 8539
10491 32009
-16117 -32767
28687 7411
-12746 13366
-25586 -19060
32767 1403
-32767 27498
19578 7018
-26537 -32767
30532 31094
8483 1801
-32767 -23590
32767 -1805
-23656 2909
32767 1928
-4702 32767
-31762 -32767
32767 13776
-32767 19382
-12563 -7126
-5466 -12788
32767 -22624
-22375 29193
-11434 -2047
-1241 9372
21052 -32767
1617 356
-25824 16061
12306 30978
12341 -32767
-7004 32767
14444 -264
-29454 -17270
6702 18020
12130 -24591
-46 -14902
15777 3295
-24135 32767
32145 -32767
12660 16683
-32767 -9609
-9160 -12849
-7596 21738
32767 -20109
-32767 1964
24981 32767
-2792 2710
1023 -11746
-7468 -32767
1404 -3560
32767 32767
-17040 -32767
5537 1481
17974 28505
-32767 10720
71 -1733
29164 14523
-32767 -14101
18452 -25255
10611 851
1175 3781
-12692 32767
365 -23780
-9584 -2651
26216 22351
-11445 -6171
12630 -32767
-4526 32767
16503 -16302
-29118 -3821
9907 17522
5855 308
11071 -8989
-32767 -11885
-6549 18515
15871 -6383
12993 -4918
14906 18815
-9004 -6848
-23033 -27247
20941 7640
11796 -5680
-4454 25577
-3528 -25629
-24077 32767
-9166 4710
15587 -11409
-32767 3915
32767 11690
4499 -32767
-5912 21734
24172 22778
-674 -32767
-32767 32767
771 -25401
1604 -20073
32767 -8225
-32767 32767
6427 2745
-8660 -11869
32767 1356
-32767 -30231
30783 32767
-5724 -32767
-7491 2623
-32767 8393
32767 4783
-9091 -32767
-23280 32767
32767 -18156
-32767 -29142
28130 14397
-22343 -5899
32767 -3852
-32767 12308
1618 32767
12854 -2963
21232 -9982
-25724 14649
-5558 -344
32767 -32767
-32345 22692
-16531 -26130
32767 31718
-32767 -13123
26569 19655
3047 -32767
-15619 -6470
32767 32767
-32767 8435
-17766 -28371
17690 25078
16185 -32767
8337 32767
-3979 -32767
-23066 -196
-7709 24004
-2465 28212
32767 -32767
-2141 32767
-19861 -32767
-32767 32767
5388 1350
18601 -14091
29209 -23698
-32767 16298
32767 -2361
-23221 -32767
11346 32767
-9285 -32767
30629 32767
-19718 -32767
-21578 2882
22353 32767
25315 -11882
-32767 -20892
6659 32725
23739 3397
-22113 -23421
12282 7726
-32767 11165
25463 -21373
-16736 -2315
32767 -19470
-28073 32767
14171 -32767
-30169 20753
19340 -23768
-32767 24915
10694 -6821
31375 -10579
-26069 -24752
-16460 7222
32767 32767
-22108 -32767
-26052 32767
32421 -32767
-24290 -7290
32767 6189
-32767 19633
25969 -29402
1744 32767
-16296 5526
-17653 -20273
32767 11118
-11550 4757
-32767 -32767
32559 32767
-28454 -32767
-341 16922
-6243 -32767
32767 13525
-18024 28229
-32767 11191
32767 -32767
-29204 32767
24277 -32767
5152 19003
-32767 -12131
-3572 -10099
32767 32767
-14986 -32767
-19525 1826
8706 -2031
32767 32767
-27410 -32767
32767 3735
-7354 -4461
-3594 5069
-32767 32701
23831 13910
28401 -32767
-17775 18970
-30782 17031
30295 19769
11813 -32767
-285 27098
-32767 -2603
31197 -19875
25947 32767
-22902 -2821
-24047 -9561
-9880 2635
32767 -8393
-24255 -7308
-9090 30339
32767 -6627
3879 -775
9259 -20299
-11315 -18706
7194 23840
-32767 8055
30963 14389
-25230 -32767
32767 22792
-23646 32751
2384 -32767
-22738 14782
32767 -29947
-19564 -897
-31983 32767
32767 -21787
-13801 -28244
-32767 27619
32767 16592
21389 -6773
496 -26251
-26890 3502
25248 32767
-32767 -32767
-14033 31793
32767 25323
-10963 7183
13941 -32767
-24080 32767
-1141 -10588
-14393 -20518
13639 -20984
-15078 27063
12502 24741
9374 -9545
-8399 -5047
32767 -11603
-32767 26585
7652 -4420
22266 -24495
-27105 -7568
30972 16577
-5774 27957
14708 -32767
-26834 32767
19151 1042
593 -32767
-20056 11604
-6153 32767
1779 -14854
32767 18629
-1477 -22480
-32767 -15286
6039 26278
32767 8302
-1865 -19527
-20392 19347
-6107 -27486
-2035 22430
-8113 -2304
32767 -9399
-32599 -9373
10703 -3286
-32767 -19451
32767 6782
-32718 32767
7217 -20904
-4651 25639
-8208 -32767
32767 -14902
-32767 14580
32767 8577
2973 13932
-32767 -32767
11782 15196
30663 13540
-25853 4757
-10883 -7171
32767 -27189
-32767 32767
11750 -32767
32767 1795
-18835 511
-4331 21567
16263 -10479
-32767 32767
-1315 -32767
8214 32767
32767 -17586
8048 -12606
-32767 24137
17478 -1687
-14224 -23104
32767 -15513
-32767 2211
26300 32767
-20141 -32767
-5500 32767
12097 -30864
-13030 -11512
32767 6071
-32767 32767
12260 -32767
9151 32767
6230 -22077
10558 20417
-1348 -30107
2504 4165
-32767 29257
5925 -15578
23490 -32767
-16366 24744
32767 27059
-32767 -32767
32767 4157
-32767 9922
24451 -13813
307 32767
-3703 -10987
11836 -26613
-32767 32767
22527 -22215
-18262 23883
-24109 -5691
13326 1963
6875 -32767
19491 30769
-32767 -17763
32767 5842
-11400 15533
13544 -31862
-32767 8506
32767 24849
-32767 -3579
32767 -2631
-17599 -1022
-14808 13266
-3728 -32767
-5751 -6885
32767 32767
-32767 -19823
14868 11678
32767 -32767
-32767 32767
-4143 -32767
4837 4589
14424 32767
-11406 -21512
25622 21011
7532 -26505
-23480 32767
-2924 -7554
18443 -20425
-32767 31913
32767 8058
3315 -5953
-31859 -276
-17839 -32767
13461 32767
10636 17208
21809 -3377
9882 -22681
-32767 -3569
7052 32767
-6204 -32767
32767 -18389
-32767 32767
24863 -31281
25154 -11479
4973 32767
-32767 -32767
32767 32767
-32767 -14267
32767 -21905
-26811 32767
-12673 -19604
28058 -2979
6165 17108
-31938 9902
-13363 -31536
32767 20509
-17741 -19334
-32767 8875
31712 -32767
-16598 32541
-7451 13524
32767 4660
-18685 -22771
-3426 -18825
-13981 32767
32767 -32767
-29391 22234
7253 21268
-27175 1228
7877 2612
19666 -8077
-23593 -10541
14129 1622
-19969 -11268
32767 30227
14130 -32767
-32767 19879
31767 9692
-4433 -16146
-14126 -7854
-2274 23571
-16559 26795
32767 -32767
-21440 32767
32767 -10787
-32767 -9993
452 -12144
21963 30246
32767 11754
-5555 -5365
5381 -13090
-32767 -30884
32767 32767
-19137 -3665
16098 -12362
-29614 -10203
-18697 19337
32767 16809
-11253 -16879
21434 -2963
-32767 -28515
-6038 12887
10201 1489
27985 -12857
-7075 13127
8901 -16759
13265 6019
-32767 -1544
32767 26953
-32767 -8471
773 -6163
19988 -18413
11434 32767
-16222 9174
13967 -16158
27960 -30722
-19754 32767
15645 -12129
-674 889
-32767 -12444
18828 -23035
26017 32767
-20544 -32767
-20 26332
-32767 2281
20110 -15064
6638 27113
11894 -23812
2471 22326
12440 -17041
-10318 28743
6181 -17037
-32767 6053
32767 760
-12642 -32767
-22039 -4487
-4558 32767
3211 -32767
19146 32767
-12834 -433
32767 504
-1827 -9518
-32767 -21716
15404 22212
-17551 -23031
32767 11648
-22563 3019
-29278 -20544
7987 17237
10517 -21270
23033 27995
-22778 -28049
22529 29036
-22345 -32767
9159 24070
13749 -10245
-32767 -15246
32767 5245
-32324 -13026
32767 15456
-5690 32131
-23486 -18335
13615 18918
-32767 -32767
13820 6496
18696 32767
16205 -13153
-3833 -12451
-32767 31852
13174 7402
-25069 -14558
32767 -32767
-22445 6937
-16339 31869
32767 3742
-18554 -148
2776 -32767
-22266 32767
32767 -2770
-32767 -32767
21247 32767
9239 -32767
10786 32767
-27507 -10852
-15119 -7870
32767 -3760
-32767 -32767
32767 15053
-22251 14559
-22475 20626
9657 -32767
32767 32767
-21494 -27192
-30308 -2603
15864 170
32767 26787
-32767 7921
8620 -32767
32767 31573
-32482 13016
-25789 -9031
32767 -32694
-32767 32767
26910 -32767
17544 32767
-32767 -31896
23788 -1080
-28763 4097
27658 14599
14020 -32767
-5082 9210
-18288 32767
10704 -16336
-17967 -32767
15718 32767
18191 -3704
-16094 -32767
-21347 12247
11465 -2889
8649 13762
28302 -15019
-32767 32767
19269 -32767
16913 19801
22716 -2339
-11878 -8725
-32767 18120
13727 -32767
2923 23784
27470 17646
-19304 9404
-20769 -32767
32767 29028
-21340 2522
12272 23773
-6782 -6989
-23261 12785
5121 -19576
17758 -32767
-32767 5809
32767 12989
-23376 26952
-10880 -23833
-15696 10397
30639 -20544
3489 28093
9430 6237
2222 11939
13581 -3074
-27328 -419
-24396 -32767
32767 32767
-10737 -32767
-32767 32767
32767 -29074
1678 9704
-6067 28783
-2654 -32767
-15822 32298
25486 -13796
-14450 -9823
-5615 -5508
21456 21830
-32767 -9743
32767 -6715
-2210 16346
-32767 -32767
-1820 32767
24548 -32767
-26741 32767
5695 -10042
32767 14077
-7767 19610
3612 -32767
-27293 32767
28355 -18259
-25173 32767
22662 -21513
-32135 -15449
32767 9542
-6852 -22236
-32767 -8200
32767 32767
2251 -32767
-5668 32767
-23151 -25254
-8964 23283
18178 -23422
28438 -16022
-1768 17745
-32767 5197
4645 5590
14430 6212
30265 11395
-32767 -32767
7602 4710
-11699 23050
-6546 -18796
32767 -4240
-10905 -19952
7434 -2929
-32767 2378
7643 32767
-18514 -19127
13266 18184
21655 -28574
-18697 -19811
-4004 32767
4995 1267
32767 -3819
-15933 -25580
-19724 17471
-4370 -1219
360 -32767
32767 32767
-29791 -603
-1570 -3793
-13272 -15564
21070 32409
9320 -32767
-18505 19138
24031 -24874
9286 13979
-32767 21588
24241 -32767
-26719 10251
32767 -9627
-11710 15208
-28646 -6205
24791 16662
-4938 -3476
32767 -13971
-16661 32767
-25693 -32767
13437 22168
32767 17322
-32767 -19190
484 -18587
21415 -10447
-6083 10226
-11006 30824
-24800 9308
23757 -9140
-13212 -32767
-686 4356
30039 30285
-24705 -30589
12378 10812
9471 8928
15574 4171
2932 -22174
-32767 30569
-671 -15684
925 30785
18654 -32767
-683 18640
26041 -25355
-32767 2431
22658 32767
1045 -9413
-1058 -18650
-16452 12704
22593 20269
14684 2732
-8352 -2984
-31951 564
20841 -32767
17474 1934
-31375 32767
-17319 -32767
32767 12787
-21026 -7066
13341 -11803
8349 11067
7159 27473
-32767 -5041
32767 10891
-32767 -24754
32767 13818
-3993 -2761
7876 1981
-18479 -27388
-22740 3186
9823 6325
32715 1563
-32767 19933
26157 18951
10161 -24254
-30899 26507
32767 -32767
-32767 10876
-5215 -13049
9945 5066
-11548 19288
10543 -10392
20239 23638
14743 -32767
-32767 32767
1499 -32767
-8421 32767
12527 -23613
22247 -23811
9745 18169
-10352 -333
-620 950
-32767 -954
20284 32767
24537 -32767
12935 20556
-4649 21594
10267 -32767
-32767 32767
32767 5994
-32767 -26959
32767 11321
6640 3349
276 -15433
-4676 32767
10658 -19672
-32767 -7143
18224 -25957
-1521 32767
32767 -8382
-32767 4514
31946 5571
-32767 -32767
27621 -5835
-10962 2919
-20910 28529
22637 -17309
30260 32767
-27886 -25476
-6215 13824
32767 1753
-31171 -16301
9576 -32767
-1689 16191
-1324 32767
-23101 -3588
6122 8499
32767 -32767
-12739 32767
-13405 -32767
15406 -10437
-5289 32767
-22657 -8740
11298 17446
-9504 -23163
1785 -11782
10982 -16668
-2309 32767
32767 -22546
-32767 -14610
27615 16223
-30211 -11441
13087 10668
-5603 -26659
18126 32767
2608 -32767
10323 32767
-11758 -3872
-10118 -22451
-5995 32767
32767 -32767
-32767 -10273
-11151 32767
5235 -32767
32416 23730
10140 32767
-10615 -32767
-22963 13242
7406 4468
11267 -21677
4254 1460
-27967 -14148
9677 32767
14532 -32767
-3840 13450
-3973 32767
8935 -27921
-5860 -15371
23017 7938
-31198 24609
3426 -16854
32767 15630
-8679 21089
-10334 -32767
-32767 32767
32767 -32696
-32767 32767
-9936 -5546
3481 -25979
20556 -31099
16171 32034
12293 -7966
-32767 27735
19251 -15613
5968 -13931
-9379 14947
-28534 15389
32767 -3654
24981 -31476
-8139 32767
-7443 -32767
3964 -2289
-11634 32767
-18360 -32219
15148 -17527
-25863 7436
6203 3059
32767 -10578
-32767 32767
4836 -15961
-11867 -14269
-6018 6962
32767 15959
-20453 -22585
-32767 32767
32767 5739
-32767 -25835
27512 -2470
-10533 -25486
16144 32767
-1957 -26715
8705 20738
-32767 10859
-4347 4892
13571 -6321
8691 3611
20540 -25497
-32767 -3106
21947 25007
-25644 -10247
8388 -10219
1590 28144
12182 -32767
-10537 30265
32767 -30560
-2263 1700
-25544 -14197
12748 32767
3103 -29527
1923 -15742
-32767 8405
1867 32767
15454 -15574
32767 5886
-28061 -26093
-12196 -12607
7915 -424
-8602 14461
32767 32767
-32767 -32767
26607 -7653
23562 11451
2324 18974
-32548 -9165
7250 -9401
25700 32767
-32767 -19210
32767 16574
-20977 -31943
-32767 1843
32767 32767
-23070 -7514
32767 -32767
-2713 32767
-28414 -30216
7124 18036
-15125 -32767
32767 3808
-32767 32767
-14595 14003
32767 -32767
2826 28804
-32767 13090
32767 -23093
-32767 -4525
-9329 -11887
10680 25385
1150 -30857
15785 -614
-20070 25315
1997 25722
22444 -22579
-32574 22272
2491 -11393
32767 -32767
-31771 32767
5830 28653
32767 -1506
-32767 -32767
32767 32767
-5185 -24228
-29869 27235
23891 -3311
-32767 -32767
32767 8263
-13226 -725
23493 22109
-32767 21852
12419 3101
-7268 -32767
32767 18804
295 -18407
-30504 14469
6356 -22009
-5616 17055
21688 -26822
-28949 32767
30001 -32767
-7469 1532
30990 18551
-32767 32767
32767 -32767
-27940 32767
6802 -32767
-18621 -4816
32767 17751
-24302 25001
9672 -32767
-3821 -22
20122 13695
-32767 32767
11609 -32767
32090 32767
-3578 -15244
-21739 -32767
-11930 -8078
2385 32767
1695 -3242
-16748 -16750
20415 -32767
25888 10271
-32767 -12176
7300 -1223
-5016 32767
22824 -7765
-2397 -6664
20170 -32767
2815 32767
5757 -1746
-23287 29728
-8242 -32767
23982 16170
-32491 10171
27772 30191
-32767 -6122
32767 -2347
-22025 2990
7961 7885
-32767 -32767
32767 -7257
-32767 22702
32767 17821
6968 4452
-32767 -14903
32767 -25357
-32767 1264
7000 12613
13334 7043
11437 -21053
-32767 32767
17302 -25308
32767 -32767
-8102 -2419
-3164 30675
4669 -20023
-17799 32767
-24770 -32767
-5396 -14006
-1711 32767
32767 -32767
11118 15073
-27795 4533
-12192 -32767
3604 15652
14357 2557
-10015 -17473
-11293 1086
16984 32767
363 -27329
28829 28262
-8848 2525
-26984 -1006
32767 -19067
-32767 -5231
17816 32767
32767 -32767
-2037 32767
-19694 -663
-19407 1177
32767 -32767
109 -21262
-32767 27518
32767 15197
-31392 -32767
32767 32767
9098 -10823
-32767 28473
17127 -32767
1842 24080
-32767 15266
32767 -21353
-7023 32767
-28181 -32767
-8827 -520
13946 32767
30813 -3464
-32767 4814
-9478 -9797
31027 16007
8045 -16849
-13644 -7750
12742 -10249
-12243 -7817
4219 11830
-19050 32767
25126 -32767
-20511 32767
1552 -32767
-20038 -1146
32767 29379
-19976 -20421
-9392 -12891
-5834 31854
32767 13044
-32767 581
20601 -32767
-7192 32767
12557 -32767
2900 32767
-32767 -32767
32767 11008
-18898 22646
19041 -23192
-380 21275
-32767 -32767
32767 24543
-10454 -17342
4058 32767
5877 -32767
-5043 18693
2393 2680
-32767 -11283
32767 32767
5426 -32767
-32767 32767
32767 -3171
11039 -32767
-14546 32767
19500 -19121
-24953 -21445
-2602 19231
-22942 17139
32767 19538
1748 -32767
-20402 32767
22559 -32767
-6800 32767
-8806 -32767
-15119 18190
-20719 -22379
32767 18669
-26008 22917
-29199 -32767
31036 32767
20966 4707
-32767 -30413
11296 8327
-2488 28100
32767 -32767
-27988 32767
13409 -32767
-32767 32767
22919 -12110
32767 -18286
-32767 28872
32767 -10064
-1758 -32767
-26319 3249
32767 -7824
-32767 3330
20207 25488
-7229 -1557
7292 4198
15856 -20630
-32767 32767
24732 -13998
-14804 -32767
21449 13113
-15620 -1448
32767 -8138
-6906 28669
3358 16726
-27743 -32767
460 32767
27140 4980
-30920 -31733
-21094 12794
5063 -20653
12001 32767
-6396 -28312
32767 -32767
-14754 32767
24025 -22934
-32767 28329
18657 -32767
-32767 12694
32767 14246
-32767 9411
29649 -32767
-16809 24822
4816 -21407
1436 32767
24674 -32767
-32767 4121
10293 32767
17947 -25770
-32473 -8355
22581 6589
-21630 11044
32767 7596
-32767 -24654
14927 24421
-4364 -22483
28662 -6644
-12850 24615
18195 -5541
-2043 8369
-32767 -18067
-1520 7910
32767 25457
1390 9910
-32767 -32767
32767 17985
-32767 23944
4726 7440
32767 -32767
-22605 32767
-11179 -24609
32767 26034
-32767 -21025
-4368 25164
29380 -32767
27736 32767
-11624 -12842
6725 412
-27125 -6986
-15199 -27260
3201 -862
6273 26857
-8359 1475
17601 -28425
18419 32767
-32767 -32767
32767 15972
-30857 -5264
32767 25420
-21936 14055
-13821 3120
385 -32767
30233 -2460
-28028 2088
23409 31726
-20184 17430
-8756 -32767
32767 -20217
-15567 32767
7404 -13831
15857 -16918
-2813 29457
-1810 -16840
-32767 -1088
18686 3061
-2601 7847
13136 -19047
-4187 -4365
-26885 15543
19259 -9758
-32767 32767
32767 -18968
20598 -32767
-18701 32767
-28083 -32767
-560 32767
-9684 -28169
8965 28640
32767 -32767
-21878 32767
13389 -29819
21565 23778
-32767 24003
14922 -8780
31799 -32767
-8708 14812
-32767 9335
-996 1332
32767 -27313
11953 -5945
-22667 434
4879 20818
-31372 -14189
-1848 32767
15581 296
-22510 -3167
27337 -23215
10983 15124
19269 4898
-15529 -31303
-1826 17878
-31419 20003
32767 -18233
-32767 -16047
32767 23891
3806 -19932
1286 -5630
94 8795
-28124 -24019
15190 2711
-32767 -4988
21736 -4714
-5046 32767
-21106 -32767
32767 -2127
-27965 10178
25941 4318
-18676 27743
-3411 -32767
-21898 32767
32767 -7402
-23249 -16688
-24245 2932
16938 17354
18174 12363
-27774 -24876
16963 -4946
-32767 6766
6035 -25173
32767 25015
13366 -1381
-32767 12842
-12578 14685
2779 -26856
-8592 9097
32767 -32767
-166 1278
-24263 23751
-14235 -4259
17048 -27526
-13235 32767
-14399 -23101
18873 -12930
-18162 30787
-77 -24238
32767 13326
12932 2065
-26442 -20640
26171 32767
-23400 -32767
1406 -1758
12422 15664
-18245 -10286
-27027 17803
32767 32767
-11570 -32767
17304 1708
-24216 -6812
19462 -13058
-25832 32767
-24662 -22315
32767 -119
-32767 32211
-9332 -16064
31034 -27669
-32767 11573
3914 30968
32767 15021
1794 -4885
-31341 -32767
9989 30032
-15646 3613
32767 -19091
-9683 10661
4808 -7348
-19689 23820
23451 -3840
-7468 4253
-32767 -32767
32767 9452
19582 32767
-19469 9084
-32767 -18383
9863 -32767
18533 7946
14016 32767
-1383 -32767
10364 10145
-29440 32306
-21494 -11672
32767 -32767
-13244 32767
-17829 -1357
27850 -25291
-8888 29437
8384 -2386
-32767 -32767
32767 32767
-32767 3243
32767 -32767
-5943 32767
31136 -32767
-32767 1629
2871 -10303
30178 32767
-23057 -7823
15777 -23594
-25445 18634
32767 -24862
-20634 32767
10703 -20303
-22584 15911
32767 -2231
-8736 -31068
-8131 -9834
-15035 32767
17178 17635
-32767 -26094
32767 31979
4596 -16292
-32767 -32767
32767 32767
-32767 10118
-7051 -32767
18273 32140
-10766 -3836
7178 32767
10336 -32767
-5190 10126
-19284 -1903
32767 15825
-7941 27232
2082 -4230
20076 -32767
5069 32767
-22683 -32767
-4415 26535
12464 -32767
-14143 14278
-28994 -17170
32767 20707
-11437 4424
10095 7151
-1565 -32767
3751 19233
-31426 19455
32767 -26657
-32767 32767
-6436 -32767
10386 -8659
13883 22766
-6657 22447
23122 -6563
-3196 8449
-27932 -32767
17053 23565
-20872 -24448
32767 20008
-29418 32767
12464 -3771
-25481 -5107
32767 -32767
-32767 3428
32767 32767
-12753 -1578
-22901 -25774
32767 19164
-30629 -32767
-18569 30154
30498 458
-8568 3213
19647 1242
-32767 9464
18249 -31222
-29720 -3970
32767 4633
-32767 4785
32767 9959
18965 26730
-32767 -32767
27116 -10636
346 32767
17852 -30445
-23341 -16984
-7669 32767
-913 -23569
-1348 18522
-10026 7895
32767 -32767
-28073 32767
-757 -14065
-7243 19976
-11839 -32767
32767 9626
-28158 32767
25187 -32767
-32767 7021
32767 32767
-21324 -23742
-1311 16506
-5807 -32767
10907 125
13895 26824
-16077 26005
14524 -19156
-29920 6964
-6873 -32767
32767 32767
-29363 -3892
-19857 -30311
27411 9199
26987 13658
-32767 -21333
-12893 -768
24656 -8230
15705 -17346
-32767 5349
32767 25643
-28262 5210
-8224 -21612
17031 25900
-23074 -32767
-1936 6127
32767 -1496
-32767 18523
32767 -10892
-20921 20673
16485 -22692
-10493 32767
-10816 -16506
-29032 -2671
871 32767
-3550 -30720
21086 9844
7026 -18949
-25907 -15958
32767 14619
-23890 -6407
19600 -4315
-29119 32767
13023 -5728
-22012 -23478
3310 -1094
18511 -11390
-32767 -21000
32767 32693
-10898 -28082
-5582 22684
24427 21800
-21606 -9700
-5956 5305
18635 -32767
-1207 32767
-13073 -27712
-25381 13065
232 -27008
32767 12781
-32767 19855
32767 17168
-32767 -32767
12502 -18803
3870 32767
-20576 -32767
32767 20141
-31064 -29463
21450 32767
-28675 23621
19369 -32767
2294 20654
31541 -13730
4891 -20658
-32767 32767
32767 -31888
-32767 32767
32767 -10819
-32767 -17600
32767 1629
-32767 15197
17604 6922
-13054 -10663
-16819 1728
32767 9100
15860 -20273
-22216 -30536
15628 20386
-13085 -531
7792 23608
-32767 -31550
32767 32767
-26666 -20705
-23499 24915
32767 6044
11903 -29475
4821 8730
-32767 -12425
17434 -24448
8052 -5117
1316 32767
-18750 -28880
32767 32767
1208 -30474
-27142 -14106
-32767 20002
32767 1871
-32767 -32767
26928 10894
10456 10129
2356 32767
-9907 -32767
-27847 32767
-4782 -27418
32767 20656
-16866 -2239
-8713 -4730
28399 5495
-23447 24314
24484 -32767
-4277 24508
-3558 -5161
-32767 -1714
17192 12555
-9815 -32767
-16105 32767
3082 -16359
11811 27218
30565 8466
-32767 -7255
32767 -32767
-23424 -4409
-19376 32767
-9368 -8739
32767 -25925
-32767 -3263
32767 5712
-32767 -19954
16106 32767
26543 18128
-32767 -27787
32767 -14423
-32767 32767
1904 -3286
32767 -7898
-32767 -27140
32767 -6340
-32767 32767
30240 -32767
-16269 -8966
7941 14777
-32767 32767
3399 -32767
25194 5759
5826 30574
4842 -32767
-9803 32767
3328 -30153
-12041 -6488
-10449 -7600
-7812 -3434
32767 17481
-32767 17534
14206 -32702
-21150 1040
32767 32767
-25040 -17085
23058 -1022
17166 -32767
-32767 21185
-14316 -28490
32767 32767
2400 -27546
-32767 11596
32767 -2834
-32767 16150
32767 -32767
-32767 -7156
32767 14568
5575 32767
-18992 -8935
-10686 -4023
32767 19419
-32767 -32767
12287 32767
6467 -32687
-8698 -17131
-9368 12805
-16309 1045
32767 -14844
-19587 32767
-32767 -32767
32767 7284
-6330 -2613
-13830 986
25848 32767
-32767 -14857
32767 -2279
-32767 -6215
23877 -32767
-29150 20038
14827 22902
-4841 3711
32767 -18585
-32767 17293
-6952 -16474
21176 31593
-32767 -32767
32767 32767
-32767 7855
-918 -2160
12395 -32767
19281 -204
-29424 15155
29456 -7509
-2284 23966
-28479 -15539
9934 5761
32767 8692
-32767 -20496
-12526 -19802
15315 32767
1215 -26576
23475 -3912
-6479 20874
-32767 -11038
31369 23213
7108 -32767
4473 15728
-16380 20610
-14749 -32767
32767 19309
-32767 32767
3475 -24210
-12730 -4
12481 25560
18023 -28862
-19330 368
-12670 9693
19925 5402
22920 -31742
-31814 32236
-14067 -6805
113 29002
32767 -28593
-22950 -7001
32767 -7348
-32767 6719
28864 13692
-32767 -786
8367 -23330
-635 32767
25845 -2941
-14370 -32767
23819 32767
-14910 -29304
-4223 9988
31078 -8705
-28531 22228
-28173 -2390
32767 -28017
-25503 28444
-24862 -20923
8672 -12997
29684 17588
23275 326
-32767 -1422
-805 25373
32767 -32767
-15028 6861
-32767 502
21548 32767
-9408 -11586
3896 -28839
-21675 32767
9987 -7787
32767 -32767
-32767 7806
12307 -18294
-7491 32767
18239 -20033
28548 -27711
4286 3192
-32767 -7554
30767 32767
-9425 -10330
-32767 -32767
32767 32767
14527 -28415
-1233 -4730
-25222 3130
26043 6262
-32767 -2369
13722 24205
24610 5122
-32367 -24304
13302 27845
7606 10458
15012 -12379
-32767 -32767
21099 2355
-8785 -3408
-4778 1363
23804 -5240
18222 32767
-15018 -8090
-7400 -9056
-10495 352
347 -22327
5194 32767
-890 -3970
16952 -32767
17887 12566
-7275 22832
-32767 -30867
32767 -10859
22928 9047
-32767 24992
-15359 4383
20374 9846
26483 -32767
-32767 32767
-16680 -15623
28471 -4380
-6020 -5407
-29309 24040
28210 15210
10992 -20160
-27880 -24848
32767 32767
-6405 -3521
-9879 -8704
23808 -27998
-32767 18400
32767 32767
-31914 -29203
-6645 2226
32767 23701
-17195 -32767
-9633 26727
-20726 26164
1727 -32767
-9175 31803
32767 -31773
-11855 32767
-32767 -32767
32767 15076
-14766 32767
27421 -32767
-9253 19990
-32767 32767
-4974 -10976
-2417 -31107
3587 -11317
32767 428
-32767 32767
20624 -9568
32767 -9976
-21646 -32767
-2735 3718
908 32767
-9821 -8031
-14960 -32767
-1063 6913
32767 32767
-30639 -9404
-29046 -23295
32767 32767
1908 -14798
-32767 -32767
32767 28577
-1277 -32767
-23718 32767
21477 23103
22514 -32767
-32767 -4154
2194 18234
-7520 856
32767 21367
-32767 2388
15738 -18155
-16587 -32767
32767 29675
14141 6002
-10356 -32767
-32767 22800
4887 25771
-3710 -32767
32767 25863
-28160 -9082
27652 26364
-30215 -9438
11800 -13562
-11063 2937
-8557 -32767
31614 32767
-32767 -32767
8195 7446
383 30020
32767 -32767
-25841 -15562
19541 32767
9119 -11532
13870 -32280
-32767 16108
-15307 13485
32767 16537
-2596 -32767
-25245 32767
15902 11191
17467 -32767
-6455 -1565
-18586 32767
-6314 -19593
-4752 6452
32767 -32767
-32767 -10773
30647 10117
8596 13239
-21008 -6084
9219 32767
-32767 -32767
5944 23470
-692 -19913
14400 -6884
32767 32767
-32767 -13618
18182 16737
-3543 -12843
-7905 -15994
22053 27079
-9419 -5159
-3098 10005
32767 -2666
-21829 -14108
21283 1752
-12011 -769
-7482 -28054
-27472 17617
32767 -1256
2095 -24608
-30021 15941
-9616 12043
5917 9318
32767 -5018
-436 -28158
-32767 5412
32767 -15793
-22674 32767
23188 -32767
-23757 32767
-19218 -21256
23683 -4320
-17193 -5827
13644 32767
19512 -32767
-14471 32767
-30596 3221
32767 -31060
3924 -1053
-10042 26344
11846 2967
-32767 -32767
8518 32767
22064 -32767
-5577 7811
28663 -21866
-32767 30270
9676 14535
10839 -17145
-32767 25600
19344 -11082
22010 8564
2858 -13954
-13825 -24363
-3907 8622
-6944 20874
23162 11579
2658 -12091
-27540 6471
32767 9369
-32767 -32767
5680 8600
8391 29713
26140 -20060
-32767 21978
4033 22096
-361 -25265
-1948 -48
9228 -32767
12352 32767
32767 -22164
-32767 7123
-18903 31421
32767 -12756
-32767 5737
7215 -6547
26566 -19714
-7952 -16872
30536 -3400
-32767 32767
32767 -10090
-13574 -16572
-7078 -756
-32767 24243
4916 -32767
-1923 2196
5842 32767
18300 -10646
6264 12910
-32767 -4703
-476 21244
32767 -27869
-20467 -30661
32767 5317
4971 -2307
-5712 -6786
-30435 32767
-22212 -20997
9368 30866
21151 -32767
9450 -10419
-4343 5904
21179 -7130
-29132 27927
-2231 -20769
30033 32767
-32767 -32767
24667 -1490
13695 -3543
-6843 17864
12211 4545
-32767 25904
32767 -25469
-12080 -9964
953 14933
17058 1611
-9030 -1830
20024 -10245
-32767 32767
-3035 -6375
18046 -18896
-19301 -29551
32767 8918
-23453 11581
22457 -11169
-14687 32767
-7539 -31246
15756 22050
-25454 -25020
-25184 6488
10721 -23969
18407 32767
-6877 -22796
8559 -13161
31031 -18788
-17786 5298
-26476 32767
-5224 -8222
-6126 -32767
30339 -2357
-24796 25980
1414 9359
32767 -32767
-15607 32767
10739 -28355
-8078 31233
8287 -22212
10591 -19596
-32767 5149
3696 6672
-5931 355
32767 -16135
-28278 18261
3914 -22598
-16733 32767
1335 -3659
-7954 -5963
17531 -12489
-564 15124
27339 4238
-32767 -2376
10183 -17053
16210 -1311
-27223 7317
1061 3855
-2178 -7895
26176 -7695
32767 5098
-32767 25223
19849 -463
32767 -32767
-2695 32767
-32767 -32767
32767 32767
-32767 8303
32767 -20372
-15694 14966
-32767 -25076
5725 32767
23081 -5449
23995 -16157
-28217 26877
3345 -25126
-23546 14148
-15356 -11562
14664 -32767
12661 1279
14433 13721
-23252 32767
28654 -24009
-5714 -25892
7940 -6941
4845 9727
-29714 -1606
-17851 32767
-3344 -3648
17926 4781
-4107 -9954
-17380 15792
32767 -32767
-1264 30115
-19563 -27702
-9877 -1501
32767 28439
-8188 -32767
-32767 19348
32767 32767
-17272 -25979
-25281 32767
21802 -30366
32767 -1744
1824 1084
-28101 -7017
20846 29560
-32767 -28483
-14390 31614
9832 -4572
32505 -32321
15717 15032
-32767 -22361
-1754 23938
9160 14035
20009 -32767
-32767 -3084
23098 32767
30244 -32767
-32767 -21887
32767 32767
-1189 -21599
-21096 28993
-3540 -32767
-30769 32767
32600 -4123
-29249 11035
22843 -6441
17094 1717
2557 -7496
-20424 2734
-18073 19618
-6600 -29137
32767 -2148
-12714 20996
-10436 -32767
14533 4194
7225 3125
-5884 -11263
-19877 30583
11253 27163
-29158 -32767
12955 25023
31804 -32767
-20359 29397
-2117 -20789
28753 -12558
-12111 32767
20277 -26137
-18351 21163
-2998 -10454
890 16542
-24583 -18632
27873 13720
22799 -19709
-32767 -15763
-2651 18581
32767 13928
-32767 -25589
32767 15162
-12970 -28985
7603 32767
-30441 2622
19720 -32767
14257 8348
17049 16887
-32767 -18223
32389 3398
5801 32767
-22727 -32767
11869 32767
-21290 -16483
24331 -30977
1281 32767
-32767 -32767
-13974 32767
17353 -8091
6111 -32767
-10229 27364
-3677 -28971
18567 32767
7554 -20895
11741 -13773
-30419 32767
11654 -13252
18575 -15056
-4983 4108
-13012 -13772
7760 32304
8407 -32767
7989 -4149
-32767 16671
32767 -32767
16913 32767
-32767 882
32767 -32767
-32767 9839
20504 -20977
22805 32767
-32767 -32767
32767 32767
-21616 -13601
23340 5410
-24348 -32767
-6305 937
1915 20958
2302 -13928
-132 589
18615 20460
7932 8913
-32767 -32767
23974 32767
-15507 -32767
3276 6278
32767 32767
-32767 -2102
19119 -25883
19272 7566
-32767 1870
-8166 -4565
21007 9736
-3989 -30871
6973 -1693
-17330 19167
15807 28697
8799 6657
-4328 -9230
26955 -4804
-32767 -10603
28605 -2472
-2273 -15030
15309 32767
-32767 -14796
32767 1970
9759 -12708
-1407 13887
-26057 -32065
32767 -12613
-32767 -3089
32767 24206
-1725 -14917
-32767 2611
3977 21476
31907 -4734
-32767 13904
7275 1801
906 11566
32767 -24507
-32767 23210
27918 -12376
19265 -6249
-30950 -23396
-8382 32767
-437 -32767
32476 -15046
-25949 31805
-9779 20222
-7744 -32767
32767 -15200
-32767 19253
29937 24206
-648 -32767
6503 -10646
-12133 18047
29035 16936
-32767 -26137
11111 32767
20103 -11676
-8624 -32767
-10883 24394
32767 -20089
-23457 10310
-3944 10761
24903 -7020
-3284 5962
-32767 -3227
26727 32767
-32767 -32767
32767 32767
-32767 -11265
32767 3219
-16637 -32767
3434 6452
-32351 16933
31604 -8562
-21554 30106
-2043 -13393
22184 -32767
-6817 2421
-27785 -2380
32767 32767
-32567 21995
20712 -32227
-32767 -26953
20101 13917
-4424 -824
-26853 -18781
12090 28987
32767 31052
-20903 -32767
-8414 7473
-7633 -7390
32767 -7236
6637 31873
-32767 -2821
32767 16664
-25772 -12858
-5593 -14338
8473 -10979
17827 -23781
-10293 32767
10208 -11602
11992 -26014
-21952 22038
-26128 19449
14971 -17670
-6977 8738
27241 -32767
-11660 15908
15475 26084
3815 10296
-32767 -19538
32539 -32767
3882 16095
-32767 132
32767 -22976
-15104 1976
-22720 14490
-3713 14547
-3731 -28959
11246 18446
-10111 -9242
-6666 32273
29437 -4080
-1183 22343
-19609 -29220
32767 5627
-32767 -10751
30986 32767
2565 -26213
-23589 -16014
12836 -9431
-28043 -1116
24375 29888
-22551 -16387
4778 32767
-8481 -17842
10905 -7475
22038 26154
10132 -6284
14247 -32767
-32767 32767
27112 -32767
-5316 -1214
-17165 9512
27785 12553
26935 2344
-26233 18261
-12884 -20545
-17077 32767
32767 -32767
19303 7736
-26042 8347
-25571 -2250
30326 31780
-32177 -32767
-5161 29604
32767 21078
-1213 -11451
619 -32767
-31513 32767
21958 -2609
11007 -32767
-28770 32767
26860 4095
-11708 -32767
4316 19489
23161 11348
-22491 -24593
-5155 -2469
1482 -2022
6924 11486
221 -26413
-24294 32767
32767 5707
-32767 -13096
5127 12692
21805 11780
-12265 -32767
11059 4427
-30865 17347
32767 -3185
-32587 7443
-11453 22502
32767 -7049
-32767 -26071
16229 12431
9831 -7470
20573 -27129
713 27542
-31922 -2891
25852 -26588
-32767 21589
671 19569
32767 -23515
-32767 3693
17613 -10174
-32767 -11291
12020 32767
32767 -32767
-32767 17423
11837 -29228
8946 68
16930 5024
10448 -2877
-32767 -9455
7248 32767
3784 9271
32767 -32767
-32767 14518
-4352 -4558
-7998 12724
32767 18972
-3242 -3966
-1202 -27415
4989 23618
-32767 4602
32767 13553
18149 1453
-32767 -11703
32767 -6954
-12736 8294
17854 -19738
-32767 20620
8995 -32767
32767 32767
-27342 -6059
-13671 -25844
-21868 32767
31781 -9250
1285 -32767
11982 32767
10509 -15004
-26320 19979
-22040 -32767
32767 7464
-21408 32767
-12975 16506
32767 -32767
-32767 32767
-15020 3313
32767 316
-32767 4450
22078 -32767
3361 15004
-12110 -8108
-18746 25378
29302 -26341
10130 18338
14336 -32767
-19248 29602
2220 -28171
8036 13502
-32767 32767
6996 -32767
17091 32767
22009 8873
-6164 -22920
-20627 3304
-2257 9487
18036 -7184
-14531 9368
-18922 -20746
371 -4171
26700 -9411
20558 -11582
-7675 32767
-30416 -32767
23163 705
-9695 27744
-891 26217
-20092 -1200
32767 -32767
-18370 32767
32767 -32767
-32767 32767
-10407 -32767
2340 5489
6078 -9287
16324 -17344
-32767 941
1483 32767
-302 16358
32767 -20530
-17553 -11266
-6985 -2137
-31577 2957
4166 23524
24284 -32767
-11102 19657
32767 22777
-32767 -32767
32767 32767
-1724 23813
-10728 -32767
-30285 -3890
-1244 10519
-5290 -8445
-9930 -1880
24471 32767
-1383 -32767
2573 21893
-15170 -24730
4095 32767
-9324 -32767
32767 32767
-32767 -1744
-21097 -29629
32767 -5994
7258 -493
-32767 -16525
29034 21169
13746 -1857
-32767 32767
12607 -32767
25225 32767
-32767 -3767
15962 -11562
12047 5097
-9791 14859
1552 -15901
1084 -8796
27961 25975
-32767 -28213
1794 32767
32767 -4843
-32767 -8482
15927 -6676
32755 -1857
-32767 14194
-9188 -32767
7858 -9713
32767 6998
-32767 -9271
32767 30729
-29314 -32767
-7808 32767
5520 -32767
-15914 8808
32767 9926
1773 32767
24869 -11079
-18903 -32767
-6416 32767
-23214 -32767
32767 32767
-7091 -32767
-32767 32767
32767 -32767
-14365 29746
-11928 -14953
-28541 -8559
10415 -14119
9714 15360
17253 15223
17658 -8780
-18255 8224
-26261 -23311
22738 -15245
18538 2097
-32767 32767
25970 2392
-32767 21074
210 -32767
27557 25429
54 3321
-18736 -13503
26203 -8856
-32767 13719
22457 -13470
6384 13715
-31105 -4335
28447 -32767
-23335 32767
32767 -32767
-25621 542
-18229 -14965
32767 19235
-30264 -16807
14080 15635
-24315 -13426
32767 1503
-32767 32767
22047 -27429
-15127 32656
13905 -16875
-32767 -23452
18863 32767
22438 -21191
5938 -4944
-24318 23556
-2821 -7124
-13962 11832
-5065 -32767
32767 5507
1333 3820
-18239 -13530
17796 32767
-32767 -32767
-10961 13576
32767 -12292
8913 32767
-32767 -32767
2591 7684
3550 -20416
11126 32767
10728 -32767
-32767 288
32767 -2355
1259 32767
-32767 -31450
4644 -1808
-10086 -22434
28726 18734
-22053 -19482
-7351 29189
1321 -2073
-11804 -24137
-8778 16226
32767 11950
-32767 -17148
32439 10849
12261 -29159
-32767 32767
30523 -20757
24519 13379
-32767 -3966
15566 7552
26169 -32767
-30840 32767
28611 -22052
-28283 -65
-846 10514
-7167 -7264
28085 820
14413 7022
-12326 -16361
-32767 -4432
13968 -24445
23048 32767
18047 -31881
-27907 -21200
-25880 28649
32767 14114
-32767 7010
24510 -32767
-4231 29739
16609 2378
-20948 17353
5496 -32767
-19823 21475
32767 -8214
7151 19932
-32767 -32767
15424 -2972
32767 10920
-26369 32767
22360 -2832
10640 -12398
-32767 -31325
285 32767
-6111 -25158
8875 13085
-9218 -29021
-16023 32767
32767 3503
-32413 -32767
8492 32767
19076 -7697
-32767 -29178
11314 5844
32767 23244
-32767 1470
2024 -28781
32767 20757
-16699 -16931
-12770 27114
10506 3959
16027 -32767
-8669 32767
-22915 -7508
2572 9648
-18461 -32767
22544 24168
-30220 4002
32767 9573
-32767 -32767
14248 28579
32767 27030
-32767 -32767
-1767 4201
32767 11620
7309 -3675
-9332 6340
-16745 20927
-21448 -20885
32767 15620
1247 -32767
-5783 28752
-21175 -7805
-30673 10330
32520 -23376
-28874 32767
32767 -32767
-32767 32767
1708 -14093
-6197 -8912
6916 -6434
12977 29918
-13634 -32767
26069 19147
-32767 28181
16557 -19892
-22396 -3963
-1588 17605
32767 -25819
-17422 -8018
-19159 6604
16791 -11235
-8678 -3449
32767 -2133
4694 26473
-12440 29011
-5565 -17672
-16337 18737
-6830 -32767
4806 30737
17406 4248
-9437 -32767
-6497 -3689
32767 6787
-4637 19130
-1034 31943
-32767 1450
21103 -32767
14705 -9905
1403 32767
-32767 -21455
2742 -10582
10336 -23175
-25815 32767
2130 -14412
21234 -32767
32767 10775
-16475 6550
-32767 7333
23140 -30335
-101 32767
-5599 -2790
-4455 -18431
32767 31771
-16658 -19837
15717 19215
-32767 -27962
29945 24868
-32767 -32673
32767 -514
-32767 -22103
14135 5573
-24870 860
-9523 -7694
32767 32767
-4159 -31797
-10373 -306
-32767 32767
16789 5381
-10975 -32767
32767 2580
4757 3137
-32767 -11708
18713 769
10512 32767
-17313 -15617
25112 29841
-32767 -14367
32767 -26970
-32767 -19006
14340 32767
29703 -5502
-22627 3344
-9865 -32767
32767 32767
-32767 -20742
32355 7052
-12580 25241
-32767 -32767
21177 751
15406 32767
-32767 -32767
20284 3067
19364 32767
-32767 -31124
10970 32767
32767 -21954
-19952 6391
20280 10677
982 -32767
-28584 23193
2904 -6876
13506 5808
-23734 5630
18703 7353
17931 13535
-32767 -32767
27111 32767
18340 3021
-32767 2278
8766 -32767
5751 16075
-17480 13081
32767 3003
-32767 -20210
15854 -12424
23606 5380
-32767 32767
6578 -32767
9937 26717
-17129 16310
10772 -959
32767 -528
-32767 -32767
32767 -802
-32767 32767
32767 -32767
-32767 32767
7964 -32767
32767 31827
-6360 13533
-32767 -32767
3046 26991
32767 8370
-32448 4505
24835 -6628
-32767 3490
9977 23499
-9634 -32767
32767 32767
-2480 -16762
-29679 -32767
32767 32767
-26217 -22124
13428 -4490
13457 7134
-4166 32767
2688 -32767
-8667 161
3405 27212
-15871 14780
-16186 -17204
32767 -26579
11305 32767
-20506 12134
-4918 12722
-1068 -32767
23059 5102
-28235 -24595
32767 32767
1792 -32767
-32767 7351
-6 -349
32767 -7617
-22859 16253
-1308 -24579
14473 32767
-14480 8492
-24386 -6157
-8404 24672
32767 -32767
7602 32767
-29115 14168
23834 -32767
17547 -20567
-32767 17315
12093 4471
-10276 32268
5137 -2586
23205 -7094
20718 -32561
6196 17201
-11210 24964
-32767 -4575
20184 7556
30684 -741
-728 -32767
2324 10915
-32767 -5426
32767 7486
-2165 5698
-12644 31269
-168 -4343
-9421 -32767
-3229 25320
13393 -26330
-11409 5005
-32767 2458
32767 22271
-14380 -21298
-17891 -8830
-14834 -13619
31999 2329
-32767 26537
32767 -30284
6346 32767
-13289 -32767
-27145 -20682
9594 28908
32767 27964
-2670 -32767
-24591 16304
-11670 -1058
635 27515
-23018 -8020
147 17002
7020 7580
23174 -22985
-15993 -32767
32767 27509
-32767 24771
32767 -10405
5516 -29218
-11013 32767
21726 10374
-7343 5008
789 -15064
-5050 -12999
-11162 16696
-7985 -3310
14402 -28238
-5664 25531
-9099 -26638
4721 21755
30539 -24950
-32767 8984
5829 12251
26364 -10852
13222 9385
-32767 28430
1737 -32767
32767 -6232
-32767 -5263
32584 32767
-18183 -26233
19864 -15423
-32767 4423
32767 1006
17055 5132
-32767 18821
1815 -32767
32431 16240
-32767 -26659
32767 32767
-4599 -32767
-30771 32597
-1563 -32767
32767 32767
-3722 -28441
-32767 12516
32767 -13072
-3040 32767
-7970 -6900
32767 -11833
-3968 -32767
-32767 32767
32767 -2677
-17512 -9327
-17076 -29131
10254 32767
10569 -16475
-32393 -20458
32767 32767
-16815 -12793
-21652 -32767
-1896 -1696
1339 3581
32767 32767
-32767 15097
20617 -8470
8228 482
5032 -32767
-32767 27895
5978 13978
27193 -20923
9110 -14098
-9519 32767
-2967 -32767
-22755 3262
3418 -1065
3251 32767
-2463 -32767
-2265 -13719
32767 1099
-9162 1523
-5531 1750
2261 32767
-5365 -17859
-32767 -27619
32767 9700
14791 -1584
-18467 -14203
3967 32767
-14119 -14578
3502 21069
13075 -30155
-28313 -19072
13917 23750
-5206 -5616
-1263 15646
-16104 -17079
-9037 -22588
14448 12387
-11133 3637
29080 141
-16219 -13785
-21686 -214
12658 28267
30817 8218
-32767 -32767
-7427 22799
30959 -16391
-29522 -13781
18774 630
-12978 32733
32767 -8697
-17117 -23125
3311 27358
13064 28991
-32767 -23325
32767 -19358
7345 6026
-25664 -3745
27173 28998
-29983 -4312
-8597 -7453
12051 -3451
32767 -20989
-32767 -13004
25530 6410
10660 28550
-32767 25520
3190 -25499
32767 -21501
2831 8986
-32767 12226
32767 3090
12524 -32767
-30615 32767
29481 -8172
-32767 -3831
1213 11033
32767 -14181
-24482 -1152
28391 -7138
-1389 -8758
-11180 -14447
-17092 32767
19740 -10098
-32767 6513
17079 -32767
32767 19804
1499 17305
-11422 -31317
-3666 6321
-8101 16448
-14823 -9717
-11850 24677
32767 -10997
-32767 -32767
6975 19777
-16646 16883
27618 -6395
-21951 -32767
-2206 10019
6040 -7838
21286 9464
-22679 17985
7810 13174
25527 -19639
8912 -10692
-14494 7919
22091 29986
-24333 10841
-6360 -17004
31784 14174
-32767 -12672
17395 -32767
31191 12575
-32767 17170
-5114 -16754
18540 -19180
-7114 32767
10259 -25235
30442 -12880
-20088 6793
-255 -8974
-32767 -6010
12973 -7606
-9046 32767
32767 -13156
10380 7648
-32767 2350
6946 -6183
-21523 -9630
32767 -1501
-5028 -1382
-8361 -25991
-12250 12913
786 -2187
3170 23449
29998 -32580
-25869 32485
20340 -32688
-4173 -6396
-23348 32767
21991 13394
-16213 -11166
-26447 -25293
1853 2844
32767 5225
16202 -2397
-493 -8534
-32767 32767
32767 -10650
-20458 -19222
10028 32767
-9813 4571
-16399 -8138
30261 -15274
-19432 -4664
26099 3994
-32767 23842
32767 -19700
-21266 -17397
19322 24953
1298 -32767
-9152 17726
16382 16896
5048 12675
-1107 -32133
9682 32767
-10087 -32767
-6973 -25228
-32767 32767
668 19789
32767 -32767
-18233 30538
-5885 -11221
24417 -18156
-17701 20444
-798 -32767
-23265 30681
-2783 -30716
32767 20229
-32767 -17263
15750 5487
-9837 30912
32767 7468
-32767 -32767
25427 9234
-5403 11022
-30220 23745
-12401 -6170
23633 -32767
-23957 3889
10789 13997
-5130 32767
32767 -20293
2668 17952
-9863 -32767
-19779 801
20389 11910
-29738 14862
-16300 -32767
25707 -955
-3864 12020
21658 14177
-10212 26540
-27775 -32767
15125 994
7846 28561
-4140 12233
-10390 12749
32767 -25526
-9002 -14384
-7453 28607
10310 -32767
-32767 32767
32767 -29605
-32767 16446
18780 -21914
-23584 -4620
32767 31576
25344 7308
-22187 -32767
15169 25263
-12074 29621
-22607 -14566
10973 -31150
-26967 32767
15472 -32767
27396 26007
1658 32767
-32767 -32767
32767 32767
-32767 -32767
27556 10990
21799 -12564
-32767 32677
-24229 -13350
-3073 9571
32767 -32767
-32767 28114
32767 20706
-32767 -32767
23205 32767
6617 10821
7065 -23967
-7553 21445
18125 -32767
3624 9805
-32767 32767
11207 -20823
15854 5797
21663 -29681
-1902 32767
-13165 3407
-3932 -32767
24454 31943
-11796 3971
10672 -32767
-4594 32767
-32767 -25851
32767 23004
-32767 -16679
4598 -6720
65 19196
22159 -32767
32767 17828
-32767 25834
31119 -32767
-32767 13978
29141 32557
-6759 -2938
-39 16853
32767 1862
-32767 -32767
22641 32767
-19660 -32767
32767 32767
-32767 6131
-7960 5386
-12822 9714
17056 -15670
-19054 -32767
32767 7489
1455 24766
-16797 20211
32767 -32767
241 -1346
-15801 657
22293 -3292
-20706 32767
18633 -9170
-26588 32767
13215 -32767
18412 2181
-873 7132
-32382 25282
-13832 24716
10351 -18193
-2893 -32767
-13041 27453
32767 6135
-1626 -13968
7508 -7568
-26057 32767
-27133 -15184
26466 -7327
-29093 6102
32767 -16896
-24390 7089
26911 22534
-28164 -27934
32767 -20703
-24408 32767
23306 -27457
-32767 -24037
21803 15456
-18600 -13287
29912 -8167
5252 32767
6265 -1758
-16315 -28465
6160 32767
-17360 -4319
32767 70
-32767 -32767
28622 32767
-3843 -18461
-22098 -10231
31340 5494
-1430 16611
-21190 -32767
1013 32767
-9285 -32767
32767 29175
-6142 27886
-24255 -15227
30771 9684
-32767 -32767
28926 -2839
-13113 1871
10332 32767
-22655 -1909
10514 -25853
30785 15842
-8046 5915
7014 23505
-32767 -32767
28642 10662
-32767 15979
743 -25507
3794 930
-5512 29975
21165 -32767
-9858 -8599
32767 18428
-26640 15269
29758 -32726
-32767 24772
20106 -18678
25905 27291
-22117 -31269
18870 16444
-24260 28465
-16488 -32767
12951 9611
16744 -29731
-8576 32767
-445 -32767
-15142 32767
28039 -24692
-9541 -13777
-22190 31424
13228 -30263
-5290 26663
508 8552
16528 15799
28036 -8882
-32767 -32767
32767 32767
1614 -17929
-9270 -32767
18903 32767
-32767 -31876
-12416 -617
25289 24495
-15904 -32767
-4188 5603
-8630 7299
-13640 -5325
28520 14630
