31212 0
31264 0
25089 0
14284 0
5658 0
18792 0
30648 0
18134 0
29953 0
14800 0
20017 0
32327 0
13204 0
27113 0
23402 0
3704 0
3305 0
7714 0
20357 0
30257 0
22030 0
18794 0
16071 0
26263 0
19258 0
15461 0
15621 0
21869 0
18461 0
26029 0
14292 0
28800 0
23318 0
18480 0
26322 0
28768 0
29464 0
31985 0
30612 0
28017 0
29153 0
31524 0
29396 0
7463 0
24525 0
8464 0
31622 0
21715 0
32045 0
32767 0
17709 0
16476 0
25248 0
26795 0
25380 0
15693 0
22994 0
24635 0
8668 0
26366 0
7377 0
20810 0
24797 0
30958 0
10677 0
24947 0
31533 0
11584 0
26977 0
17975 0
17730 0
23569 0
32523 0
20505 0
8782 0
11890 0
13171 0
15631 0
15149 0
30504 0
28691 0
31773 0
19717 0
31119 0
20455 0
8386 0
13325 0
19614 0
26625 0
27888 0
25689 0
12490 0
23172 0
19565 0
23789 0
27433 0
20870 0
16793 0
9860 0
26882 0
25943 0
32307 0
20476 0
29493 0
28458 0
28760 0
20360 0
24689 0
18226 0
32096 0
32571 0
22998 0
14168 0
27509 0
26739 0
7282 0
29564 0
28033 0
29766 0
30298 0
26414 0
28280 0
7889 0
26292 0
27793 0
11322 0
21818 0
13630 0
10310 0
6816 0
25375 0
23700 0
13188 0
14085 0
22900 0
23622 0
11973 0
24319 0
20972 0
32279 0
4175 0
10969 0
20835 0
12300 0
17228 0
13385 0
26898 0
30402 0
19789 0
21818 0
4651 0
13546 0
6567 0
17917 0
14795 0
27248 0
19293 0
19298 0
19495 0
29929 0
3668 0
18705 0
28737 0
20089 0
23736 0
6017 0
24435 0
32005 0
30533 0
28890 0
21636 0
28082 0
29816 0
28645 0
27969 0
4982 0
18031 0
16512 0
32523 0
16949 0
21373 0
28501 0
24122 0
19358 0
6818 0
30191 0
9215 0
22037 0
20597 0
22980 0
25939 0
10021 0
26272 0
26600 0
13816 0
26587 0
23003 0
27667 0
25483 0
24807 0
23332 0
28033 0
19918 0
25516 0
28227 0
18132 0
25559 0
7008 0
11946 0
32205 0
31692 0
24267 0
24671 0
20972 0
26943 0
24922 0
25185 0
20465 0
20846 0
2650 0
23144 0
32343 0
26015 0
26284 0
31960 0
29319 0
10703 0
28921 0
15783 0
19049 0
19772 0
8952 0
8993 0
27555 0
31485 0
18934 0
28370 0
31266 0
13567 0
27774 0
29344 0
26074 0
25020 0
24675 0
19513 0
31184 0
10887 0
26403 0
29694 0
32207 0
30624 0
32100 0
24355 0
30767 0
30007 0
11029 0
19163 0
25797 0
28461 0
6516 0
14576 0
18280 0
32615 0
16072 0
30013 0
28413 0
22550 0
14537 0
21277 0
16938 0
29172 0
25448 0
30786 0
29333 0
32245 0
30818 0
26550 0
26358 0
22241 0
26763 0
29240 0
16444 0
27547 0
13061 0
3056 0
26343 0
27503 0
24411 0
31360 0
32767 0
24619 0
27790 0
11566 0
32349 0
10156 0
23595 0
29809 0
26001 0
12008 0
20709 0
23217 0
19960 0
12937 0
26213 0
32767 0
20969 0
14838 0
21428 0
26606 0
29079 0
30722 0
3830 0
8729 0
7946 0
15348 0
20924 0
15066 0
31704 0
17398 0
23464 0
32676 0
24869 0
24836 0
15472 0
28523 0
15369 0
18356 0
14667 0
30792 0
6478 0
28789 0
22636 0
7859 0
31542 0
25444 0
24817 0
27835 0
27183 0
3080 0
12566 0
20411 0
11826 0
23136 0
29451 0
23211 0
15495 0
31683 0
23108 0
30167 0
28100 0
12557 0
13605 0
21035 0
22154 0
31956 0
18974 0
15222 0
12205 0
22542 0
32003 0
28620 0
21359 0
15100 0
31748 0
18760 0
20593 0
27455 0
23102 0
30158 0
23000 0
28273 0
20886 0
16559 0
19761 0
19009 0
30531 0
29719 0
3686 0
19450 0
23801 0
13648 0
2291 0
28300 0
5744 0
31834 0
26512 0
32733 0
30425 0
17179 0
27852 0
21202 0
20974 0
19078 0
30426 0
16848 0
30540 0
3283 0
26960 0
10733 0
17625 0
28505 0
19078 0
22344 0
26954 0
27244 0
30019 0
29088 0
28563 0
21395 0
25834 0
13920 0
5524 0
15250 0
31073 0
14632 0
30931 0
16132 0
26306 0
27061 0
12803 0
21289 0
27163 0
24824 0
16811 0
24906 0
7566 0
30822 0
27609 0
32372 0
4703 0
29552 0
21156 0
26288 0
30691 0
30797 0
23586 0
30294 0
24464 0
22020 0
3358 0
7710 0
28728 0
27122 0
17846 0
31349 0
18772 0
30135 0
23079 0
26869 0
13932 0
22286 0
22600 0
21380 0
20649 0
19619 0
14151 0
28857 0
29477 0
21676 0
17709 0
32767 0
31856 0
9411 0
15544 0
12071 0
21918 0
9111 0
27716 0
27681 0
15329 0
30968 0
28235 0
19307 0
6848 0
24756 0
14202 0
30820 0
18100 0
20819 0
22592 0
29782 0
28930 0
27446 0
15255 0
14676 0
28984 0
18225 0
31462 0
28482 0
24542 0
26406 0
13191 0
29903 0
25689 0
30448 0
29660 0
4287 0
27314 0
20521 0
16859 0
16304 0
30745 0
16480 0
17638 0
24489 0
11733 0
24461 0
19714 0
24806 0
10716 0
26165 0
27672 0
30225 0
29674 0
15897 0
9844 0
31297 0
32767 0
29993 0
20282 0
11232 0
25632 0
31185 0
5842 0
24426 0
25704 0
31231 0
29750 0
30068 0
14251 0
27724 0
26460 0
25313 0
27214 0
16796 0
22380 0
28171 0
8204 0
16862 0
32143 0
22997 0
28451 0
19196 0
22975 0
28969 0
20424 0
27271 0
25516 0
21392 0
17382 0
7724 0
25426 0
32609 0
26200 0
28838 0
20305 0
28735 0
13160 0
31347 0
27097 0
29260 0
27425 0
27996 0
28047 0
31125 0
23423 0
22408 0
24599 0
29251 0
17019 0
24938 0
25268 0
28374 0
10087 0
31969 0
24016 0
2937 0
29957 0
25144 0
31840 0
23411 0
32336 0
16273 0
27043 0
23733 0
12882 0
29738 0
11106 0
25895 0
26034 0
14673 0
17344 0
29752 0
2905 0
27408 0
22302 0
7496 0
25209 0
21250 0
24653 0
24600 0
24242 0
29624 0
18706 0
25899 0
15060 0
29366 0
20313 0
20167 0
28444 0
10918 0
26072 0
5869 0
32767 0
26331 0
19821 0
17825 0
30946 0
13011 0
19424 0
27115 0
28183 0
7641 0
28482 0
11722 0
17759 0
24642 0
27316 0
32394 0
15145 0
29060 0
9314 0
21700 0
11511 0
26442 0
12859 0
15564 0
26446 0
20200 0
11318 0
28974 0
10475 0
31218 0
24018 0
27244 0
31637 0
30445 0
31225 0
21589 0
17094 0
20743 0
19895 0
17013 0
21065 0
26960 0
13415 0
26185 0
12328 0
27450 0
32375 0
27286 0
29527 0
20441 0
30265 0
18303 0
10576 0
29336 0
31333 0
16640 0
17756 0
27509 0
14410 0
31414 0
22031 0
18863 0
18942 0
30863 0
28210 0
23014 0
31224 0
22521 0
28374 0
18508 0
16564 0
5710 0
11413 0
29135 0
27168 0
22179 0
10729 0
11496 0
29374 0
31224 0
7231 0
10702 0
8772 0
2313 0
20852 0
26699 0
7853 0
31784 0
2814 0
15167 0
28210 0
21050 0
17237 0
20294 0
28633 0
25956 0
9664 0
19668 0
20762 0
26630 0
22401 0
25655 0
16755 0
14155 0
27221 0
30693 0
22959 0
7565 0
19579 0
23136 0
12540 0
19708 0
20277 0
2600 0
28816 0
9467 0
22901 0
30049 0
28116 0
18627 0
23338 0
21769 0
30939 0
20419 0
9960 0
26856 0
7694 0
28180 0
30343 0
29833 0
22914 0
32250 0
19601 0
27670 0
27510 0
25469 0
26581 0
11251 0
21307 0
5951 0
23098 0
13624 0
12560 0
19239 0
16636 0
21088 0
19219 0
22323 0
6196 0
8940 0
8767 0
23501 0
14101 0
22483 0
23493 0
14574 0
17838 0
16259 0
28182 0
21296 0
31787 0
30706 0
26090 0
16341 0
29400 0
29625 0
29502 0
18578 0
27393 0
28627 0
32767 0
30286 0
8134 0
21968 0
13076 0
28512 0
31434 0
30543 0
22491 0
28540 0
18020 0
26623 0
32561 0
22228 0
12304 0
30637 0
13352 0
12489 0
27410 0
26853 0
23520 0
20117 0
31179 0
30189 0
18290 0
12080 0
17594 0
29836 0
26791 0
8693 0
28497 0
31993 0
23579 0
25430 0
27203 0
16140 0
20093 0
20281 0
16645 0
14913 0
26223 0
28803 0
20153 0
2836 0
11729 0
21439 0
30094 0
23245 0
17330 0
32767 0
27694 0
26587 0
5946 0
29441 0
26531 0
19767 0
17066 0
29967 0
9771 0
19422 0
24460 0
14425 0
32289 0
20911 0
23960 0
8935 0
21081 0
29065 0
19840 0
30842 0
30556 0
20304 0
29768 0
10190 0
20004 0
16710 0
32060 0
18524 0
8117 0
26462 0
30825 0
32164 0
29312 0
19640 0
16920 0
28975 0
20474 0
21311 0
18846 0
21495 0
3651 0
30540 0
12067 0
19403 0
30370 0
16093 0
29462 0
20326 0
15455 0
20925 0
30103 0
14972 0
15788 0
3593 0
24553 0
9444 0
23817 0
24755 0
7685 0
20869 0
11547 0
22005 0
22760 0
12323 0
32019 0
18627 0
16610 0
30620 0
25128 0
9319 0
25784 0
25493 0
18987 0
16893 0
28595 0
31632 0
13973 0
28489 0
13831 0
18470 0
14741 0
27358 0
16690 0
21016 0
17700 0
28319 0
10897 0
24591 0
28510 0
32767 0
28834 0
27135 0
26485 0
23020 0
21169 0
29266 0
26396 0
12288 0
10955 0
32399 0
2473 0
16749 0
24674 0
32544 0
17563 0
16481 0
19279 0
24106 0
20624 0
3947 0
26553 0
22484 0
28480 0
32683 0
23022 0
27221 0
25668 0
24773 0
21645 0
13105 0
17186 0
17098 0
22931 0
20985 0
27538 0
14670 0
11415 0
24749 0
30918 0
27611 0
28426 0
27469 0
15579 0
6981 0
22687 0
27189 0
27695 0
10935 0
30132 0
32116 0
21951 0
27578 0
17824 0
14537 0
17590 0
29515 0
23488 0
12444 0
32581 0
27714 0
25233 0
32517 0
11876 0
18465 0
27047 0
32767 0
28342 0
14165 0
9418 0
24683 0
16447 0
31375 0
24085 0
28649 0
31175 0
28380 0
24495 0
28921 0
26427 0
7450 0
22790 0
19207 0
25215 0
29927 0
26186 0
18331 0
3813 0
12651 0
12774 0
10929 0
11216 0
29331 0
10315 0
17357 0
32675 0
8682 0
30508 0
25158 0
27512 0
30898 0
27630 0
30741 0
10605 0
6868 0
15976 0
8895 0
21261 0
31450 0
13745 0
14156 0
14059 0
32767 0
20335 0
19071 0
17349 0
25815 0
11291 0
8316 0
14839 0
20499 0
14546 0
8044 0
28674 0
12559 0
12568 0
6071 0
23547 0
31852 0
27952 0
19207 0
30330 0
22610 0
9939 0
19522 0
15944 0
23902 0
7364 0
14452 0
16107 0
32540 0
15420 0
29502 0
23540 0
29373 0
24834 0
31320 0
10890 0
14469 0
23887 0
27816 0
24659 0
15608 0
26430 0
5639 0
30852 0
32326 0
14816 0
8261 0
17788 0
25118 0
22809 0
5177 0
29959 0
21924 0
25196 0
24585 0
11756 0
28671 0
15110 0
28077 0
28915 0
25903 0
9941 0
27939 0
14471 0
6569 0
31337 0
21856 0
23808 0
28379 0
23360 0
7484 0
25728 0
19134 0
25265 0
17633 0
15112 0
25934 0
20988 0
6267 0
29366 0
15932 0
15752 0
30157 0
20239 0
25454 0
26184 0
20557 0
3756 0
22987 0
24798 0
26911 0
23785 0
15164 0
14258 0
21824 0
32684 0
17256 0
17995 0
25895 0
24085 0
29471 0
13867 0
26069 0
28009 0
26904 0
31240 0
13689 0
28245 0
26070 0
17379 0
20020 0
18806 0
21120 0
29801 0
26496 0
28165 0
10315 0
24921 0
24805 0
30552 0
16573 0
21270 0
31607 0
25577 0
16952 0
21714 0
31954 0
8290 0
24189 0
17616 0
26563 0
4839 0
5844 0
27602 0
19326 0
27793 0
27435 0
29890 0
13494 0
28729 0
28814 0
31001 0
11212 0
22404 0
25279 0
7443 0
25055 0
27739 0
27373 0
31780 0
18803 0
18046 0
6817 0
18696 0
7629 0
12317 0
29949 0
32174 0
29159 0
29095 0
17350 0
23909 0
26284 0
28426 0
13987 0
32557 0
31500 0
21268 0
3611 0
29858 0
12548 0
4999 0
23132 0
16463 0
31400 0
21705 0
15984 0
28974 0
21659 0
29516 0
8184 0
19858 0
20303 0
26070 0
24635 0
13255 0
27129 0
29728 0
30766 0
9130 0
25080 0
28112 0
23999 0
23358 0
25040 0
20325 0
10977 0
12975 0
24972 0
5767 0
21732 0
9216 0
27350 0
21241 0
21747 0
8953 0
30883 0
32246 0
11754 0
22866 0
30017 0
4479 0
14015 0
21411 0
6252 0
11168 0
26814 0
23010 0
12458 0
11422 0
21356 0
6095 0
27887 0
23872 0
13825 0
26234 0
6458 0
31184 0
30045 0
12758 0
31244 0
26987 0
28636 0
31065 0
30652 0
12471 0
30902 0
23031 0
26070 0
32249 0
23465 0
28111 0
11546 0
28657 0
26355 0
22633 0
30283 0
32564 0
5948 0
8249 0
20435 0
30947 0
28514 0
14856 0
28044 0
9189 0
29102 0
26569 0
22925 0
3053 0
19520 0
32728 0
31722 0
19768 0
30685 0
21424 0
22577 0
19832 0
17781 0
18562 0
17036 0
14201 0
17082 0
19305 0
30707 0
12563 0
16061 0
29476 0
18720 0
18797 0
26295 0
31185 0
30504 0
32330 0
22719 0
8696 0
18404 0
24346 0
21447 0
24563 0
10542 0
32424 0
840 0
28954 0
14563 0
23871 0
19021 0
17176 0
32767 0
21606 0
22171 0
25296 0
21857 0
24686 0
21175 0
24236 0
15166 0
18295 0
14450 0
18197 0
25007 0
6553 0
22811 0
28746 0
30595 0
21116 0
12065 0
32636 0
11337 0
24686 0
32165 0
21599 0
18888 0
32321 0
28241 0
31206 0
14503 0
28515 0
9990 0
17444 0
13406 0
15923 0
20773 0
20535 0
17160 0
25419 0
10360 0
26886 0
15006 0
21049 0
21276 0
26867 0
28530 0
17596 0
25002 0
26544 0
27476 0
23292 0
27510 0
16543 0
27380 0
27399 0
32464 0
26578 0
21413 0
5236 0
29961 0
17048 0
25520 0
23379 0
30876 0
16585 0
31958 0
22363 0
25084 0
14570 0
15266 0
27412 0
22470 0
31840 0
25329 0
29549 0
11568 0
22614 0
25421 0
25441 0
32157 0
10398 0
25280 0
22234 0
19795 0
17248 0
21869 0
6672 0
25642 0
21070 0
31221 0
18138 0
25107 0
23395 0
11623 0
28531 0
26561 0
18727 0
26266 0
5025 0
17082 0
24268 0
20199 0
25344 0
31277 0
31392 0
19120 0
15406 0
27385 0
27081 0
6421 0
31812 0
10329 0
21716 0
27068 0
20843 0
19086 0
32032 0
14516 0
11758 0
18412 0
29213 0
18076 0
27421 0
27632 0
28931 0
9300 0
30902 0
17891 0
29145 0
17864 0
18733 0
19449 0
11029 0
4085 0
32767 0
15331 0
30667 0
25852 0
9038 0
22543 0
28422 0
16896 0
30715 0
11453 0
27127 0
19919 0
11869 0
30376 0
25686 0
29475 0
7695 0
8082 0
19892 0
32459 0
22478 0
4281 0
29416 0
20805 0
15651 0
22826 0
31253 0
21132 0
27712 0
13206 0
25787 0
24588 0
6970 0
30941 0
17754 0
26376 0
17368 0
7046 0
21210 0
19774 0
22178 0
22188 0
29616 0
30822 0
16008 0
24130 0
18917 0
32700 0
9726 0
14103 0
23586 0
24366 0
23912 0
24638 0
30319 0
14339 0
19635 0
4330 0
17540 0
29031 0
8751 0
31542 0
12178 0
25836 0
26106 0
27244 0
24996 0
6307 0
19113 0
26179 0
24171 0
18017 0
2860 0
14365 0
30268 0
23864 0
20049 0
13337 0
31960 0
25603 0
26374 0
17482 0
25857 0
15018 0
24993 0
10742 0
13296 0
13541 0
30220 0
29235 0
12159 0
27549 0
4613 0
32384 0
17364 0
10516 0
1862 0
20913 0
12631 0
7945 0
14370 0
12312 0
27470 0
12446 0
6662 0
13264 0
32332 0
29894 0
30871 0
27943 0
27620 0
27098 0
23453 0
29481 0
25702 0
12153 0
25788 0
7118 0
13391 0
31132 0
29994 0
2853 0
25126 0
18102 0
31217 0
29688 0
27240 0
15125 0
31440 0
5281 0
28644 0
14257 0
30977 0
27529 0
29560 0
18067 0
29585 0
7637 0
25011 0
26316 0
26448 0
31010 0
13045 0
21220 0
8373 0
23438 0
31449 0
28110 0
15997 0
24060 0
26329 0
32305 0
31707 0
17019 0
28177 0
12468 0
19843 0
26943 0
16236 0
14136 0
4334 0
28358 0
27058 0
9917 0
22892 0
22619 0
9690 0
19320 0
16629 0
14826 0
21179 0
12798 0
24930 0
21426 0
13310 0
22988 0
27727 0
31896 0
21732 0
27612 0
30974 0
20367 0
18364 0
30456 0
20348 0
17686 0
30501 0
31368 0
31627 0
8127 0
21227 0
27130 0
27593 0
9536 0
24959 0
5738 0
29956 0
29181 0
24473 0
10857 0
32288 0
12219 0
22951 0
32576 0
7517 0
20802 0
10086 0
8947 0
28373 0
32530 0
29905 0
13582 0
28303 0
24707 0
25969 0
29314 0
16838 0
27410 0
23135 0
15051 0
23196 0
29804 0
26444 0
18600 0
3749 0
19147 0
18890 0
11779 0
24615 0
30471 0
27923 0
6650 0
25894 0
20826 0
19174 0
14625 0
17760 0
29286 0
22128 0
28651 0
24194 0
32179 0
9699 0
31817 0
2645 0
25311 0
28585 0
6430 0
32126 0
30652 0
25521 0
28088 0
27707 0
13089 0
32034 0
19870 0
19181 0
29152 0
25993 0
25667 0
30162 0
22985 0
14264 0
15138 0
14874 0
18041 0
17260 0
8090 0
27786 0
32211 0
11040 0
14108 0
19014 0
19315 0
21309 0
23250 0
29374 0
27528 0
25085 0
9247 0
26961 0
12031 0
27306 0
6710 0
26944 0
30903 0
31028 0
32342 0
31963 0
27603 0
28223 0
28101 0
11415 0
18022 0
19586 0
32137 0
16435 0
22754 0
26440 0
20697 0
19460 0
29181 0
13795 0
31651 0
32109 0
24478 0
29592 0
32767 0
11964 0
31347 0
24855 0
14991 0
17530 0
29837 0
29893 0
4546 0
19094 0
31159 0
29236 0
11204 0
28174 0
5928 0
29249 0
6312 0
30544 0
24389 0
32118 0
28966 0
9028 0
28753 0
19229 0
22490 0
30410 0
28260 0
22826 0
29592 0
8467 0
27235 0
2445 0
8529 0
4814 0
12793 0
31296 0
16633 0
21483 0
32231 0
23975 0
26095 0
32264 0
11580 0
20643 0
15193 0
11350 0
19801 0
28746 0
28656 0
17693 0
30962 0
32281 0
23134 0
30155 0
12077 0
22624 0
32022 0
27352 0
29968 0
26225 0
25305 0
30889 0
28397 0
27294 0
23611 0
18872 0
24817 0
28489 0
19334 0
16038 0
20369 0
20097 0
29717 0
26311 0
23632 0
29491 0
9015 0
30655 0
32767 0
16430 0
25868 0
31032 0
20942 0
7016 0
25059 0
31400 0
13586 0
18083 0
28747 0
18316 0
30177 0
26838 0
29128 0
23342 0
25955 0
30683 0
25406 0
27225 0
30392 0
29244 0
12115 0
12804 0
11134 0
25287 0
14184 0
22606 0
21358 0
29001 0
14896 0
26273 0
22457 0
25898 0
24736 0
2845 0
25318 0
30576 0
22627 0
19242 0
26579 0
26969 0
24482 0
22034 0
4334 0
28025 0
23802 0
22004 0
20745 0
20585 0
6771 0
5106 0
28719 0
5763 0
21937 0
10292 0
9774 0
28192 0
30538 0
12137 0
11422 0
21440 0
30687 0
27145 0
24260 0
21715 0
21878 0
23298 0
24950 0
26144 0
18178 0
31234 0
24148 0
25414 0
27404 0
15219 0
29380 0
30478 0
29978 0
26090 0
21069 0
23574 0
26504 0
25460 0
13060 0
19709 0
16622 0
31435 0
15590 0
29131 0
20776 0
14424 0
12237 0
17441 0
18842 0
20197 0
26753 0
27046 0
17618 0
28118 0
31654 0
25803 0
19509 0
27821 0
29835 0
32304 0
29550 0
27292 0
14785 0
11677 0
29400 0
22645 0
22376 0
22513 0
22426 0
17868 0
23942 0
14572 0
19149 0
16154 0
12761 0
22318 0
30951 0
30811 0
5838 0
31729 0
27035 0
23352 0
18036 0
21124 0
30938 0
21938 0
18943 0
31496 0
16584 0
27139 0
27437 0
28157 0
23264 0
15352 0
9092 0
15436 0
22810 0
11879 0
26655 0
22664 0
26605 0
21502 0
29089 0
21615 0
20578 0
18015 0
14084 0
29628 0
27535 0
28510 0
31508 0
30032 0
29785 0
27208 0
27612 0
28618 0
7318 0
19199 0
23334 0
25239 0
30815 0
23291 0
23067 0
16274 0
10363 0
14340 0
15238 0
28211 0
30718 0
2623 0
21699 0
19300 0
31637 0
13188 0
18526 0
19899 0
29233 0
26479 0
28666 0
29938 0
29164 0
30932 0
18892 0
21355 0
31110 0
19408 0
18170 0
19104 0
23626 0
30044 0
5732 0
10225 0
22377 0
25497 0
28027 0
29760 0
29336 0
9003 0
21812 0
29714 0
32206 0
21079 0
17641 0
26628 0
15418 0
16800 0
29805 0
21789 0
32767 0
23309 0
25423 0
8891 0
26277 0
23155 0
21846 0
31975 0
17151 0
8698 0
27955 0
27171 0
5123 0
29609 0
17119 0
15264 0
23288 0
8227 0
12731 0
27604 0
30837 0
20389 0
24561 0
25989 0
2510 0
11256 0
23416 0
6821 0
19432 0
15226 0
19165 0
30519 0
28792 0
30004 0
31079 0
25177 0
15772 0
18677 0
32162 0
17698 0
28049 0
30406 0
12269 0
30797 0
13746 0
17509 0
11036 0
31448 0
29265 0
28676 0
32159 0
8619 0
15312 0
31044 0
25370 0
8327 0
22149 0
18280 0
26182 0
30503 0
6126 0
18753 0
31387 0
16830 0
19348 0
32166 0
27036 0
27668 0
29319 0
31568 0
30456 0
32308 0
12294 0
26800 0
4620 0
28694 0
22461 0
30181 0
32061 0
17390 0
18970 0
25506 0
16046 0
3728 0
29278 0
10726 0
21421 0
32754 0
6491 0
25600 0
29286 0
22749 0
30612 0
23056 0
27503 0
28231 0
21300 0
17916 0
27917 0
31292 0
28406 0
25550 0
26580 0
15177 0
28456 0
27382 0
17746 0
23899 0
11750 0
26940 0
18682 0
26916 0
14119 0
20079 0
32578 0
22362 0
10292 0
7885 0
27755 0
14662 0
27094 0
20280 0
23338 0
29365 0
27613 0
12036 0
23079 0
16195 0
22701 0
31641 0
13475 0
32497 0
25567 0
6581 0
15791 0
20080 0
12506 0
30741 0
3952 0
13803 0
25343 0
30325 0
27045 0
10079 0
24479 0
17363 0
32324 0
4073 0
17820 0
11837 0
15151 0
30836 0
9954 0
19897 0
26692 0
4911 0
7269 0
20498 0
19651 0
23976 0
22321 0
11225 0
25095 0
14371 0
2822 0
27362 0
28174 0
17930 0
25596 0
8030 0
14012 0
25660 0
25031 0
26853 0
17589 0
17801 0
17314 0
20601 0
24757 0
10121 0
27812 0
22959 0
31223 0
22391 0
28141 0
20915 0
25413 0
29458 0
30751 0
22475 0
26059 0
10576 0
8660 0
23468 0
17646 0
20025 0
10910 0
26328 0
27573 0
22128 0
26982 0
25735 0
28274 0
28110 0
21826 0
13447 0
25465 0
30274 0
29155 0
26209 0
19436 0
20823 0
18954 0
28422 0
14185 0
17701 0
23208 0
29708 0
25546 0
19597 0
32147 0
26835 0
17308 0
32373 0
13814 0
26739 0
29533 0
29824 0
23457 0
9352 0
29418 0
29150 0
32386 0
19083 0
29343 0
29316 0
19663 0
17055 0
15072 0
16439 0
20038 0
6909 0
14122 0
14383 0
27301 0
12127 0
27269 0
29538 0
10493 0
31706 0
26500 0
22745 0
20386 0
29972 0
30764 0
32719 0
23918 0
16614 0
28072 0
25336 0
30842 0
22588 0
16211 0
20226 0
27556 0
31746 0
15342 0
31680 0
25886 0
11149 0
9977 0
27513 0
29345 0
30569 0
19279 0
24770 0
30496 0
18822 0
19044 0
11084 0
9990 0
7618 0
24189 0
26006 0
26607 0
28134 0
29683 0
25446 0
26754 0
26767 0
25579 0
24215 0
30274 0
14322 0
19571 0
19398 0
15974 0
19247 0
27059 0
15300 0
28562 0
31043 0
9310 0
26634 0
21365 0
21303 0
15319 0
31846 0
27482 0
28710 0
24266 0
30956 0
22059 0
10736 0
21268 0
15187 0
5594 0
31910 0
17000 0
26171 0
10210 0
21485 0
27816 0
11072 0
13990 0
26833 0
32646 0
25763 0
19179 0
30218 0
18026 0
20080 0
29458 0
15761 0
19413 0
31575 0
12600 0
29675 0
31978 0
30806 0
17419 0
18925 0
15913 0
16839 0
16433 0
18906 0
23579 0
24048 0
27189 0
14621 0
28328 0
23501 0
18439 0
30108 0
27138 0
30703 0
15595 0
32011 0
22612 0
12314 0
22952 0
7827 0
20766 0
14772 0
29413 0
6527 0
7551 0
14795 0
25684 0
26628 0
28014 0
29122 0
27680 0
20912 0
19806 0
32767 0
21043 0
12134 0
14052 0
23008 0
15937 0
11617 0
14302 0
19281 0
10387 0
8657 0
6358 0
29585 0
15036 0
26392 0
24344 0
30417 0
9218 0
28078 0
32056 0
8644 0
28233 0
24619 0
21252 0
28230 0
20387 0
8016 0
31620 0
18376 0
13004 0
26774 0
28020 0
13260 0
29431 0
21941 0
6983 0
32200 0
18879 0
23112 0
13078 0
22386 0
32767 0
28189 0
23918 0
25480 0
26069 0
10957 0
30264 0
14896 0
21054 0
28132 0
25391 0
17435 0
25445 0
18417 0
27966 0
32569 0
15487 0
28420 0
21514 0
31810 0
25370 0
18295 0
31785 0
21748 0
19867 0
28542 0
20931 0
18499 0
11034 0
16216 0
27247 0
10801 0
20798 0
9891 0
32131 0
23840 0
6117 0
24782 0
27935 0
28954 0
29114 0
26435 0
16871 0
14659 0
27475 0
11743 0
28643 0
23064 0
19226 0
29173 0
18955 0
25701 0
14403 0
13124 0
12277 0
29285 0
8318 0
29792 0
28681 0
4024 0
19279 0
29391 0
32767 0
23684 0
11319 0
6455 0
29333 0
11332 0
27341 0
28377 0
19057 0
31276 0
28190 0
19899 0
23983 0
28784 0
21918 0
24608 0
24728 0
21974 0
24887 0
22095 0
18354 0
19725 0
27131 0
11021 0
21874 0
32183 0
26380 0
30325 0
29633 0
29534 0
29128 0
16224 0
29227 0
30049 0
27283 0
27832 0
21535 0
21718 0
30640 0
29752 0
16898 0
24525 0
15860 0
13106 0
29476 0
32246 0
27915 0
32029 0
27449 0
31648 0
10581 0
29153 0
29966 0
32076 0
11304 0
30255 0
6660 0
14882 0
21769 0
26903 0
32065 0
18426 0
20250 0
25150 0
15391 0
22435 0
18209 0
9572 0
21412 0
26643 0
21084 0
31198 0
5629 0
14103 0
28341 0
32134 0
31305 0
12027 0
14677 0
20724 0
14715 0
22071 0
23901 0
13130 0
15328 0
30863 0
11983 0
9606 0
32174 0
9178 0
21591 0
24330 0
32439 0
27376 0
12305 0
32439 0
22151 0
26449 0
31478 0
25911 0
24876 0
32247 0
19780 0
12829 0
12326 0
19638 0
31129 0
26396 0
21716 0
23337 0
30803 0
27411 0
10861 0
21055 0
16583 0
9315 0
22794 0
30127 0
25418 0
8537 0
19527 0
3142 0
5326 0
18452 0
5182 0
9450 0
31411 0
17510 0
8160 0
10499 0
18470 0
15482 0
22339 0
14940 0
11743 0
30456 0
24984 0
31573 0
22191 0
21105 0
18303 0
29163 0
8601 0
23554 0
16341 0
20617 0
11998 0
25016 0
29322 0
24265 0
8777 0
28112 0
28723 0
25991 0
27223 0
21811 0
25400 0
16121 0
28385 0
27278 0
1805 0
32325 0
32267 0
3959 0
31177 0
10231 0
28092 0
24980 0
23704 0
24603 0
26286 0
7127 0
15468 0
20353 0
25352 0
22253 0
7683 0
31484 0
2343 0
24414 0
22887 0
24126 0
32029 0
24565 0
29357 0
9602 0
31126 0
29658 0
13368 0
29919 0
12060 0
11115 0
11936 0
16576 0
25634 0
25971 0
25373 0
28701 0
28768 0
23757 0
32741 0
25000 0
30396 0
30808 0
27910 0
14657 0
28165 0
29625 0
3380 0
17741 0
2424 0
10172 0
2747 0
20462 0
30895 0
28354 0
16715 0
29469 0
8949 0
20319 0
20526 0
8743 0
20689 0
26159 0
26488 0
18563 0
18546 0
16182 0
19971 0
19881 0
13559 0
31924 0
31074 0
28233 0
27669 0
25669 0
32767 0
13414 0
32767 0
13835 0
28848 0
23343 0
19268 0
19794 0
14182 0
23720 0
22242 0
21969 0
31658 0
17530 0
22699 0
18831 0
20093 0
19709 0
29524 0
17390 0
16406 0
9729 0
25432 0
29120 0
24723 0
16765 0
17726 0
20640 0
24577 0
18711 0
22817 0
11071 0
23848 0
10106 0
24665 0
24636 0
7195 0
13437 0
28974 0
10739 0
19341 0
4944 0
28099 0
23532 0
10209 0
28487 0
24726 0
21240 0
22883 0
17361 0
18355 0
29520 0
8789 0
32307 0
26893 0
10143 0
23194 0
21782 0
14758 0
30463 0
26743 0
25028 0
30800 0
28728 0
9943 0
25417 0
13645 0
26949 0
24085 0
26637 0
8765 0
25636 0
22648 0
31367 0
14762 0
30713 0
29081 0
21394 0
28455 0
18411 0
19254 0
23844 0
32767 0
22536 0
17346 0
15446 0
18141 0
27806 0
23930 0
22460 0
18942 0
24520 0
28995 0
26519 0
9990 0
25870 0
30785 0
28749 0
30643 0
9427 0
28860 0
24758 0
7901 0
31169 0
22485 0
23751 0
30446 0
3029 0
21195 0
21175 0
32205 0
24647 0
19220 0
27210 0
13330 0
18979 0
32089 0
17614 0
3886 0
28075 0
18084 0
23769 0
31636 0
29316 0
24478 0
29142 0
25598 0
27610 0
32767 0
28652 0
29499 0
13048 0
26610 0
22441 0
23754 0
15676 0
28908 0
28681 0
32767 0
20413 0
30150 0
32520 0
31243 0
12331 0
27271 0
29213 0
16181 0
14939 0
13388 0
30760 0
18511 0
30358 0
10817 0
25197 0
8490 0
14532 0
31747 0
27434 0
27242 0
19657 0
29760 0
27489 0
27859 0
13774 0
32767 0
21571 0
17417 0
23522 0
22934 0
9869 0
29907 0
16354 0
20114 0
25640 0
32110 0
11166 0
25396 0
24713 0
22214 0
26286 0
5432 0
28713 0
17553 0
31880 0
13577 0
26435 0
27492 0
25769 0
23328 0
5561 0
8388 0
24732 0
21451 0
24759 0
27920 0
23600 0
14044 0
4491 0
15940 0
19905 0
31730 0
20889 0
11964 0
1958 0
25356 0
11729 0
18330 0
9665 0
32644 0
30281 0
27158 0
25559 0
18664 0
25841 0
26257 0
24462 0
30883 0
21005 0
26878 0
5797 0
22914 0
26433 0
25526 0
27723 0
26100 0
25149 0
26344 0
19719 0
23931 0
25808 0
11541 0
13840 0
10323 0
22140 0
23045 0
32767 0
29717 0
15105 0
31615 0
16387 0
27062 0
24060 0
11296 0
31941 0
19962 0
32767 0
10563 0
28406 0
31005 0
4889 0
16323 0
26621 0
29236 0
28548 0
32644 0
29925 0
25328 0
32712 0
23306 0
20082 0
27234 0
28813 0
21282 0
32300 0
21915 0
17528 0
11365 0
16962 0
27710 0
18477 0
19758 0
25621 0
31139 0
10406 0
6405 0
26671 0
21204 0
25445 0
14009 0
25208 0
29786 0
16727 0
30261 0
29876 0
18268 0
19894 0
7223 0
28952 0
31153 0
17761 0
1901 0
25833 0
27156 0
16610 0
27035 0
15431 0
26985 0
19917 0
23889 0
30605 0
31029 0
23132 0
17105 0
28764 0
23558 0
24349 0
7406 0
29969 0
22781 0
14881 0
22598 0
32112 0
27008 0
27699 0
19874 0
31568 0
23840 0
32196 0
21975 0
28314 0
31155 0
14350 0
24651 0
20534 0
8457 0
25388 0
24773 0
28741 0
21558 0
31589 0
27899 0
30566 0
16177 0
14467 0
20739 0
24360 0
27261 0
19662 0
29373 0
16314 0
29911 0
20202 0
19985 0
29977 0
27096 0
22045 0
18153 0
11759 0
14178 0
25418 0
30256 0
26926 0
19214 0
28038 0
21853 0
26593 0
18603 0
23288 0
11846 0
22398 0
19182 0
21577 0
29380 0
27627 0
24282 0
31106 0
26050 0
12874 0
32555 0
13965 0
19456 0
15434 0
29331 0
31213 0
28499 0
23304 0
27470 0
26573 0
27453 0
7659 0
21005 0
27681 0
18349 0
31289 0
26509 0
28691 0
15959 0
15575 0
29159 0
15190 0
16557 0
25426 0
16073 0
24895 0
20218 0
20216 0
26646 0
22133 0
21710 0
31067 0
25047 0
27993 0
12679 0
20362 0
19698 0
26453 0
22451 0
3657 0
21988 0
23582 0
19190 0
14779 0
29939 0
7938 0
11740 0
17043 0
24924 0
23742 0
26842 0
24769 0
27884 0
19985 0
6005 0
21529 0
22572 0
18714 0
26961 0
12119 0
30629 0
3446 0
26273 0
22337 0
22358 0
12273 0
28556 0
21889 0
6697 0
26766 0
26610 0
22144 0
14849 0
29238 0
17878 0
25021 0
7385 0
30225 0
29015 0
25475 0
10006 0
30413 0
5691 0
26527 0
24893 0
23856 0
31545 0
27129 0
28782 0
31646 0
26336 0
22320 0
22634 0
28661 0
32631 0
14524 0
32767 0
31156 0
12536 0
25803 0
11048 0
5843 0
28606 0
25629 0
28533 0
20490 0
15649 0
17668 0
6111 0
31872 0
13438 0
30428 0
4001 0
22371 0
18818 0
19646 0
21949 0
13570 0
18218 0
14864 0
28582 0
32245 0
29836 0
19704 0
28105 0
4528 0
32678 0
28286 0
13747 0
29121 0
27236 0
26406 0
20498 0
26625 0
5455 0
32767 0
26093 0
29822 0
16949 0
18942 0
26795 0
19435 0
19473 0
8210 0
23701 0
25577 0
28531 0
27950 0
29586 0
30758 0
22980 0
27660 0
10193 0
9213 0
24153 0
31006 0
12479 0
31302 0
31939 0
7450 0
28232 0
27764 0
8032 0
29832 0
13170 0
23936 0
30355 0
27832 0
30002 0
29809 0
22283 0
21103 0
21643 0
11540 0
28992 0
6603 0
27132 0
28310 0
22910 0
21678 0
13937 0
18344 0
23676 0
29562 0
11706 0
26257 0
19426 0
6638 0
27500 0
31740 0
16661 0
15646 0
23787 0
30258 0
29858 0
30937 0
32434 0
7152 0
21963 0
32006 0
10647 0
26498 0
27792 0
5810 0
24086 0
3285 0
11620 0
23259 0
8981 0
29736 0
29302 0
27605 0
15446 0
27763 0
24808 0
12135 0
9132 0
22744 0
12312 0
22710 0
20181 0
28115 0
12594 0
25590 0
10271 0
13851 0
28006 0
32649 0
27339 0
25720 0
20061 0
22137 0
28022 0
28544 0
24407 0
21450 0
14382 0
31015 0
31164 0
19619 0
24912 0
31064 0
31792 0
9974 0
16685 0
21780 0
26823 0
8998 0
26351 0
31993 0
9941 0
16290 0
19538 0
26278 0
27348 0
14325 0
31999 0
32317 0
18947 0
22169 0
25289 0
19179 0
26364 0
20523 0
30518 0
31387 0
20854 0
23401 0
32327 0
30858 0
21741 0
17784 0
3539 0
26828 0
14556 0
30115 0
30289 0
17540 0
21129 0
17028 0
18578 0
22105 0
23943 0
29786 0
26234 0
17041 0
30798 0
25646 0
8575 0
19539 0
22577 0
14489 0
32229 0
28232 0
24253 0
13752 0
7584 0
21996 0
28455 0
26737 0
19063 0
23721 0
8408 0
22443 0
21582 0
23307 0
29600 0
25535 0
32279 0
32096 0
27544 0
17770 0
29454 0
27597 0
10488 0
28502 0
32493 0
9475 0
15468 0
13964 0
24619 0
22677 0
22419 0
19662 0
19264 0
28364 0
21415 0
31404 0
30791 0
28935 0
21987 0
18494 0
3331 0
26720 0
24203 0
12279 0
13714 0
14580 0
25286 0
16071 0
20880 0
24731 0
12693 0
29307 0
23475 0
15529 0
31409 0
25342 0
30849 0
31084 0
28978 0
21606 0
4432 0
19400 0
25506 0
29737 0
12121 0
22162 0
32763 0
5955 0
16348 0
13534 0
18458 0
27813 0
23706 0
5264 0
27289 0
24741 0
32049 0
26667 0
20953 0
22844 0
29925 0
25520 0
21468 0
7425 0
23670 0
19994 0
22276 0
21631 0
29751 0
12534 0
32476 0
12334 0
8819 0
16193 0
26317 0
31344 0
22322 0
27298 0
30776 0
23789 0
11406 0
23957 0
21207 0
11751 0
13682 0
11325 0
4188 0
32288 0
20346 0
11810 0
32370 0
12657 0
14187 0
17870 0
31967 0
18863 0
23048 0
12063 0
27984 0
6075 0
14209 0
22313 0
15368 0
26850 0
14291 0
13137 0
31501 0
15016 0
18707 0
25890 0
9591 0
25012 0
1198 0
4525 0
30298 0
25820 0
14279 0
30731 0
29916 0
25470 0
3410 0
16905 0
21490 0
29334 0
13381 0
30085 0
12728 0
23132 0
27969 0
31736 0
10159 0
11361 0
11645 0
25154 0
24760 0
30577 0
25276 0
12305 0
9089 0
27705 0
23191 0
29791 0
12901 0
10457 0
12315 0
29437 0
26900 0
5905 0
32533 0
29873 0
29066 0
16332 0
29000 0
8609 0
24345 0
24986 0
27101 0
7488 0
10440 0
2083 0
13256 0
26883 0
26207 0
30154 0
32610 0
16926 0
15104 0
20506 0
28875 0
28917 0
23358 0
11435 0
31073 0
28208 0
14430 0
14444 0
23279 0
24165 0
22536 0
16944 0
31837 0
24958 0
30690 0
19500 0
23675 0
23241 0
32037 0
30847 0
23906 0
23155 0
31813 0
26733 0
31082 0
29847 0
15665 0
5220 0
21804 0
8169 0
31929 0
19146 0
13013 0
31850 0
14552 0
5936 0
19373 0
25120 0
8722 0
14802 0
14803 0
9615 0
19898 0
29158 0
29427 0
23364 0
15187 0
11885 0
26044 0
18285 0
7626 0
22573 0
22279 0
30765 0
30476 0
30208 0
21411 0
19813 0
29315 0
3791 0
30737 0
25565 0
31194 0
17563 0
15525 0
25138 0
19586 0
15437 0
23204 0
32712 0
14107 0
13502 0
31878 0
22337 0
28164 0
24753 0
15852 0
30589 0
10158 0
18719 0
21455 0
20846 0
13765 0
22302 0
22338 0
32332 0
31536 0
26248 0
7337 0
30767 0
22488 0
9346 0
17723 0
26001 0
15191 0
26067 0
31540 0
19721 0
23010 0
23931 0
23771 0
30233 0
26947 0
19365 0
17492 0
27481 0
25416 0
26453 0
20296 0
25975 0
29689 0
17058 0
32742 0
24724 0
16078 0
30188 0
12864 0
31043 0
28979 0
23660 0
32055 0
11386 0
26693 0
31156 0
30582 0
8020 0
25574 0
28992 0
15295 0
7964 0
14562 0
26830 0
31923 0
11071 0
20750 0
26954 0
11908 0
24803 0
2867 0
7381 0
28933 0
21452 0
20930 0
19782 0
14234 0
28345 0
30312 0
27301 0
31761 0
27100 0
18382 0
22335 0
20704 0
31471 0
25562 0
11118 0
27042 0
19315 0
30335 0
17004 0
13166 0
21813 0
21729 0
27092 0
22176 0
19525 0
14163 0
27346 0
24509 0
17862 0
26435 0
7670 0
11487 0
26507 0
16002 0
23405 0
18161 0
15310 0
20280 0
13348 0
19345 0
16608 0
22385 0
32767 0
28307 0
18966 0
22756 0
22935 0
7950 0
30559 0
18279 0
31615 0
31005 0
11951 0
28747 0
31553 0
31295 0
11678 0
21117 0
12704 0
18461 0
27409 0
22971 0
10328 0
24378 0
23347 0
27196 0
13922 0
32317 0
10370 0
16651 0
17659 0
13871 0
7024 0
32249 0
28744 0
27571 0
27194 0
21941 0
4789 0
20560 0
17095 0
25116 0
24447 0
22833 0
25224 0
17112 0
29613 0
26660 0
7668 0
26663 0
30928 0
30712 0
30275 0
31086 0
2609 0
22450 0
30100 0
15716 0
17209 0
32426 0
29432 0
21109 0
31702 0
29023 0
8099 0
31591 0
31526 0
22450 0
22591 0
19556 0
24650 0
24348 0
18254 0
18257 0
20402 0
28114 0
30095 0
18819 0
31473 0
1949 0
17154 0
28705 0
10114 0
5624 0
28943 0
20281 0
25779 0
18327 0
21561 0
6198 0
24078 0
23170 0
20142 0
27322 0
23429 0
27381 0
11443 0
20631 0
32731 0
23228 0
29594 0
13694 0
16848 0
28975 0
25917 0
31573 0
29170 0
27592 0
31963 0
21077 0
12375 0
28380 0
10458 0
15531 0
30955 0
9684 0
25083 0
24251 0
20669 0
25043 0
26513 0
27503 0
21071 0
29660 0
30461 0
30514 0
22035 0
28822 0
31309 0
16451 0
21199 0
27900 0
21107 0
31146 0
19072 0
14256 0
14994 0
32625 0
19441 0
25841 0
11623 0
19059 0
10918 0
15485 0
13006 0
15175 0
24957 0
24033 0
22117 0
19343 0
10898 0
12643 0
32729 0
19817 0
32512 0
31511 0
27282 0
13004 0
22563 0
6561 0
30255 0
31319 0
30406 0
19606 0
17611 0
31301 0
12847 0
19247 0
23744 0
17088 0
23690 0
25148 0
10778 0
29417 0
8571 0
10228 0
11271 0
27528 0
26467 0
32263 0
11717 0
31923 0
27577 0
11423 0
28905 0
18026 0
25651 0
11549 0
27133 0
31878 0
19075 0
11300 0
27035 0
25074 0
20087 0
32056 0
21324 0
12473 0
14903 0
32296 0
31579 0
32767 0
25248 0
7955 0
27594 0
22371 0
31729 0
18462 0
21912 0
21373 0
14609 0
17000 0
25673 0
28915 0
15323 0
11044 0
12259 0
29454 0
20797 0
32747 0
18845 0
23846 0
8942 0
28000 0
9260 0
26328 0
24207 0
25121 0
25196 0
24320 0
15149 0
27817 0
24379 0
8236 0
32699 0
30403 0
8674 0
17775 0
31521 0
12021 0
21099 0
32767 0
18678 0
25448 0
26499 0
18835 0
20733 0
7169 0
31472 0
11528 0
25142 0
32430 0
28634 0
21048 0
32618 0
27810 0
25160 0
10954 0
31611 0
25301 0
25623 0
19119 0
25833 0
29269 0
7819 0
6030 0
24167 0
11559 0
31391 0
9053 0
23619 0
29443 0
18041 0
16752 0
19274 0
11155 0
18401 0
8846 0
22673 0
20168 0
28609 0
26893 0
26505 0
13851 0
30546 0
25086 0
26602 0
13672 0
32351 0
