27311 0
27356 0
21953 0
12499 0
4951 0
16443 0
26817 0
15868 0
26209 0
12950 0
17515 0
28287 0
11554 0
23724 0
20477 0
3241 0
2892 0
6750 0
17813 0
26475 0
19277 0
16445 0
14063 0
22981 0
16851 0
13529 0
13669 0
19136 0
16154 0
22776 0
12506 0
25200 0
20404 0
16170 0
23032 0
25172 0
25781 0
27987 0
26786 0
24515 0
25509 0
27584 0
25722 0
6531 0
21460 0
7406 0
27670 0
19001 0
28040 0
28672 0
15496 0
14417 0
22092 0
23446 0
22208 0
13732 0
20120 0
21556 0
7585 0
23071 0
6455 0
18209 0
21698 0
27089 0
9343 0
21829 0
27592 0
10136 0
23605 0
15729 0
15514 0
20623 0
28458 0
17942 0
7685 0
10404 0
11525 0
13678 0
13256 0
26691 0
25105 0
27802 0
17253 0
27230 0
17899 0
7338 0
11660 0
17163 0
23297 0
24402 0
22478 0
10929 0
20276 0
17120 0
20816 0
24004 0
18262 0
14694 0
8628 0
23522 0
22701 0
28269 0
17917 0
25807 0
24901 0
25165 0
17815 0
21603 0
15948 0
28084 0
28500 0
20124 0
12397 0
24071 0
23397 0
6372 0
25869 0
24529 0
26046 0
26511 0
23113 0
24745 0
6903 0
23006 0
24319 0
9907 0
19091 0
11927 0
9022 0
5964 0
22204 0
20738 0
11540 0
12325 0
20038 0
20670 0
10477 0
21280 0
18351 0
28245 0
3654 0
9598 0
18231 0
10763 0
15075 0
11712 0
23536 0
26602 0
17316 0
19091 0
4070 0
11853 0
5747 0
15678 0
12946 0
23842 0
16882 0
16886 0
17059 0
26188 0
3210 0
16367 0
25145 0
17578 0
20769 0
5265 0
21381 0
28005 0
26717 0
25279 0
18932 0
24572 0
26089 0
25065 0
24473 0
4360 0
15778 0
14448 0
28458 0
14831 0
18702 0
24939 0
21107 0
16939 0
5966 0
26418 0
8064 0
19283 0
18023 0
20108 0
22697 0
8769 0
22988 0
23275 0
12089 0
23264 0
20128 0
24209 0
22298 0
21707 0
20416 0
24529 0
17429 0
22327 0
24699 0
15866 0
22365 0
6132 0
10453 0
28180 0
27731 0
21234 0
21588 0
18351 0
23576 0
21807 0
22037 0
17907 0
18241 0
2319 0
20251 0
28301 0
22764 0
22999 0
27965 0
25655 0
9366 0
25306 0
13811 0
16668 0
17301 0
7833 0
7869 0
24111 0
27550 0
16568 0
24824 0
27358 0
11872 0
24303 0
25676 0
22815 0
21893 0
21591 0
17074 0
27286 0
9527 0
23103 0
25983 0
28182 0
26796 0
28088 0
21311 0
26922 0
26257 0
9651 0
16768 0
22573 0
24904 0
5702 0
12754 0
15995 0
28539 0
14063 0
26262 0
24862 0
19732 0
12720 0
18618 0
14821 0
25526 0
22267 0
26938 0
25667 0
28215 0
26966 0
23232 0
23064 0
19461 0
23418 0
25585 0
14389 0
24104 0
11429 0
2674 0
23051 0
24066 0
21360 0
27440 0
28672 0
21542 0
24317 0
10121 0
28306 0
8887 0
20646 0
26083 0
22751 0
10507 0
18121 0
20315 0
17465 0
11320 0
22937 0
28672 0
18348 0
12984 0
18750 0
23281 0
25445 0
26882 0
3352 0
7638 0
6953 0
13430 0
18309 0
13183 0
27741 0
15224 0
20531 0
28592 0
21761 0
21732 0
13538 0
24958 0
13448 0
16062 0
12834 0
26943 0
5669 0
25191 0
19807 0
6877 0
27600 0
22264 0
21715 0
24356 0
23786 0
2695 0
10996 0
17860 0
10348 0
20244 0
25770 0
20310 0
13559 0
27723 0
20220 0
26397 0
24588 0
10988 0
11905 0
18406 0
19385 0
27962 0
16603 0
13320 0
10680 0
19725 0
28003 0
25043 0
18690 0
13213 0
27780 0
16415 0
18019 0
24024 0
20215 0
26389 0
20125 0
24739 0
18276 0
14490 0
17291 0
16633 0
26715 0
26005 0
3226 0
17019 0
20826 0
11942 0
2005 0
24763 0
5026 0
27855 0
23198 0
28642 0
26622 0
15032 0
24371 0
18552 0
18353 0
16694 0
26623 0
14742 0
26723 0
2873 0
23590 0
9392 0
15422 0
24942 0
16694 0
19551 0
23585 0
23839 0
26267 0
25452 0
24993 0
18721 0
22605 0
12180 0
4834 0
13344 0
27189 0
12803 0
27065 0
14116 0
23018 0
23679 0
11203 0
18628 0
23768 0
21721 0
14710 0
21793 0
6621 0
26970 0
24158 0
28326 0
4116 0
25858 0
18512 0
23002 0
26855 0
26948 0
20638 0
26508 0
21406 0
19268 0
2939 0
6747 0
25137 0
23732 0
15616 0
27431 0
16426 0
26369 0
20195 0
23511 0
12191 0
19501 0
19775 0
18708 0
18068 0
17167 0
12383 0
25250 0
25793 0
18967 0
15496 0
28672 0
27874 0
8235 0
13601 0
10563 0
19179 0
7973 0
24252 0
24221 0
13413 0
27097 0
24706 0
16894 0
5992 0
21662 0
12427 0
26968 0
15838 0
18217 0
19768 0
26060 0
25314 0
24016 0
13349 0
12842 0
25361 0
15947 0
27530 0
24922 0
21475 0
23106 0
11543 0
26166 0
22478 0
26642 0
25953 0
3752 0
23900 0
17956 0
14752 0
14266 0
26902 0
14420 0
15434 0
21428 0
10267 0
21404 0
17250 0
21706 0
9377 0
22895 0
24213 0
26447 0
25965 0
13910 0
8614 0
27385 0
28672 0
26244 0
17747 0
9828 0
22428 0
27287 0
5112 0
21373 0
22491 0
27328 0
26032 0
26310 0
12470 0
24259 0
23153 0
22149 0
23813 0
14697 0
19583 0
24650 0
7179 0
14755 0
28126 0
20123 0
24895 0
16797 0
20104 0
25348 0
17871 0
23863 0
22327 0
18718 0
15210 0
6759 0
22248 0
28533 0
22925 0
25234 0
17767 0
25144 0
11515 0
27429 0
23710 0
25603 0
23997 0
24497 0
24542 0
27235 0
20496 0
19607 0
21525 0
25595 0
14892 0
21821 0
22110 0
24828 0
8827 0
27973 0
21014 0
2570 0
26213 0
22001 0
27860 0
20485 0
28294 0
14239 0
23663 0
20767 0
11272 0
26021 0
9718 0
22659 0
22780 0
12839 0
15176 0
26033 0
2542 0
23982 0
19515 0
6559 0
22058 0
18594 0
21572 0
21525 0
21212 0
25921 0
16368 0
22662 0
13178 0
25696 0
17774 0
17647 0
24889 0
9554 0
22813 0
5136 0
28672 0
23040 0
17344 0
15597 0
27078 0
11385 0
16996 0
23726 0
24661 0
6686 0
24922 0
10257 0
15540 0
21562 0
23902 0
28345 0
13252 0
25428 0
8150 0
18988 0
10073 0
23137 0
11252 0
13619 0
23141 0
17675 0
9904 0
25353 0
9166 0
27316 0
21016 0
23839 0
27683 0
26640 0
27322 0
18891 0
14958 0
18151 0
17409 0
14887 0
18432 0
23590 0
11739 0
22912 0
10787 0
24019 0
28329 0
23876 0
25837 0
17886 0
26482 0
16016 0
9254 0
25669 0
27417 0
14560 0
15537 0
24071 0
12609 0
27488 0
19278 0
16506 0
16575 0
27006 0
24684 0
20138 0
27321 0
19706 0
24828 0
16195 0
14494 0
4997 0
9987 0
25494 0
23772 0
19407 0
9388 0
10059 0
25703 0
27321 0
6328 0
9365 0
7676 0
2024 0
18246 0
23362 0
6872 0
27811 0
2463 0
13272 0
24684 0
18419 0
15083 0
17758 0
25054 0
22712 0
8456 0
17210 0
18167 0
23302 0
19601 0
22449 0
14661 0
12386 0
23819 0
26857 0
20090 0
6620 0
17132 0
20244 0
10973 0
17245 0
17743 0
2275 0
25214 0
8284 0
20039 0
26293 0
24602 0
16299 0
20421 0
19048 0
27072 0
17867 0
8715 0
23499 0
6733 0
24658 0
26551 0
26104 0
20050 0
28219 0
17151 0
24212 0
24072 0
22286 0
23259 0
9845 0
18644 0
5208 0
20211 0
11921 0
10990 0
16835 0
14557 0
18452 0
16817 0
19533 0
5422 0
7823 0
7672 0
20564 0
12339 0
19673 0
20557 0
12753 0
15609 0
14227 0
24660 0
18634 0
27814 0
26868 0
22829 0
14299 0
25725 0
25922 0
25815 0
16256 0
23969 0
25049 0
28672 0
26501 0
7118 0
19222 0
11442 0
24948 0
27505 0
26726 0
19680 0
24973 0
15768 0
23296 0
28491 0
19450 0
10766 0
26808 0
11683 0
10928 0
23984 0
23497 0
20580 0
17603 0
27282 0
26416 0
16004 0
10570 0
15395 0
26107 0
23443 0
7607 0
24935 0
27994 0
20632 0
22252 0
23803 0
14123 0
17582 0
17746 0
14565 0
13049 0
22946 0
25203 0
17634 0
2482 0
10263 0
18760 0
26333 0
20340 0
15164 0
28672 0
24233 0
23264 0
5203 0
25761 0
23215 0
17297 0
14933 0
26222 0
8550 0
16995 0
21403 0
12622 0
28253 0
18298 0
20965 0
7819 0
18446 0
25432 0
17360 0
26987 0
26737 0
17766 0
26047 0
8917 0
17504 0
14622 0
28053 0
16209 0
7103 0
23155 0
26972 0
28144 0
25648 0
17185 0
14805 0
25354 0
17915 0
18648 0
16491 0
18809 0
3195 0
26723 0
10559 0
16978 0
26574 0
14082 0
25780 0
17786 0
13524 0
18310 0
26341 0
13101 0
13815 0
3144 0
21484 0
8264 0
20840 0
21661 0
6725 0
18261 0
10104 0
19255 0
19915 0
10783 0
28017 0
16299 0
14534 0
26793 0
21987 0
8155 0
22561 0
22307 0
16614 0
14782 0
25021 0
27678 0
12227 0
24928 0
12103 0
16162 0
12899 0
23939 0
14604 0
18389 0
15488 0
24780 0
9535 0
21518 0
24947 0
28672 0
25230 0
23744 0
23175 0
20143 0
18523 0
25608 0
23097 0
10752 0
9586 0
28350 0
2164 0
14656 0
21590 0
28476 0
15368 0
14421 0
16870 0
21093 0
18046 0
3454 0
23234 0
19674 0
24920 0
28598 0
20145 0
23819 0
22460 0
21677 0
18940 0
11467 0
15038 0
14961 0
20065 0
18362 0
24096 0
12837 0
9989 0
21656 0
27054 0
24160 0
24873 0
24036 0
13632 0
6109 0
19852 0
23791 0
24234 0
9569 0
26366 0
28102 0
19208 0
24131 0
15596 0
12720 0
15392 0
25826 0
20552 0
10889 0
28509 0
24250 0
22079 0
28453 0
10392 0
16157 0
23667 0
28672 0
24800 0
12395 0
8241 0
21598 0
14392 0
27454 0
21075 0
25068 0
27279 0
24833 0
21434 0
25306 0
23124 0
6519 0
19942 0
16807 0
22064 0
26187 0
22913 0
16040 0
3337 0
11070 0
11178 0
9563 0
9814 0
25665 0
9026 0
15188 0
28591 0
7597 0
26695 0
22014 0
24073 0
27036 0
24177 0
26899 0
9280 0
6010 0
13979 0
7784 0
18604 0
27519 0
12027 0
12387 0
12302 0
28672 0
17794 0
16688 0
15181 0
22589 0
9880 0
7277 0
12985 0
17937 0
12728 0
7039 0
25090 0
10990 0
10997 0
5313 0
20604 0
27871 0
24458 0
16807 0
26539 0
19784 0
8697 0
17082 0
13951 0
20915 0
6444 0
12646 0
14094 0
28473 0
13493 0
25815 0
20598 0
25702 0
21730 0
27405 0
9529 0
12661 0
20902 0
24339 0
21577 0
13657 0
23127 0
4935 0
26996 0
28286 0
12964 0
7229 0
15565 0
21979 0
19958 0
4530 0
26215 0
19184 0
22047 0
21512 0
10287 0
25088 0
13222 0
24568 0
25301 0
22666 0
8699 0
24447 0
12663 0
5748 0
27420 0
19124 0
20832 0
24832 0
20440 0
6549 0
22512 0
16743 0
22107 0
15429 0
13223 0
22693 0
18365 0
5484 0
25696 0
13941 0
13783 0
26388 0
17710 0
22273 0
22911 0
17988 0
3287 0
20114 0
21699 0
23548 0
20812 0
13269 0
12476 0
19096 0
28599 0
15099 0
15746 0
22659 0
21075 0
25788 0
12134 0
22811 0
24508 0
23541 0
27335 0
11978 0
24715 0
22812 0
15207 0
17518 0
16456 0
18480 0
26076 0
23184 0
24645 0
9026 0
21806 0
21705 0
26733 0
14502 0
18612 0
27657 0
22380 0
14833 0
19000 0
27960 0
7254 0
21166 0
15414 0
23243 0
4235 0
5114 0
24152 0
16911 0
24319 0
24006 0
26154 0
11808 0
25138 0
25213 0
27126 0
9811 0
19604 0
22120 0
6513 0
21924 0
24272 0
23952 0
27808 0
16453 0
15791 0
5965 0
16359 0
6676 0
10778 0
26206 0
28153 0
25515 0
25459 0
15182 0
20921 0
22999 0
24873 0
12239 0
28488 0
27563 0
18610 0
3160 0
26126 0
10980 0
4375 0
20241 0
14406 0
27475 0
18992 0
13986 0
25353 0
18952 0
25827 0
7161 0
17376 0
17766 0
22812 0
21556 0
11599 0
23738 0
26012 0
26921 0
7989 0
21945 0
24598 0
21000 0
20439 0
21910 0
17785 0
9605 0
11354 0
21851 0
5047 0
19016 0
8064 0
23932 0
18586 0
19029 0
7834 0
27023 0
28216 0
10285 0
20008 0
26265 0
3920 0
12264 0
18735 0
5471 0
9772 0
23463 0
20134 0
10901 0
9995 0
18687 0
5334 0
24402 0
20888 0
12097 0
22955 0
5651 0
27286 0
26290 0
11164 0
27339 0
23614 0
25057 0
27182 0
26821 0
10913 0
27040 0
20153 0
22812 0
28218 0
20532 0
24598 0
10103 0
25075 0
23061 0
19804 0
26498 0
28494 0
5205 0
7218 0
17881 0
27079 0
24950 0
12999 0
24539 0
8041 0
25465 0
23248 0
20060 0
2672 0
17080 0
28637 0
27757 0
17297 0
26850 0
18746 0
19755 0
17353 0
15559 0
16242 0
14907 0
12426 0
14947 0
16892 0
26869 0
10993 0
14054 0
25792 0
16380 0
16448 0
23009 0
27287 0
26691 0
28289 0
19880 0
7609 0
16104 0
21303 0
18767 0
21493 0
9225 0
28371 0
735 0
25335 0
12743 0
20888 0
16644 0
15029 0
28672 0
18906 0
19400 0
22134 0
19125 0
21601 0
18529 0
21207 0
13271 0
16009 0
12644 0
15923 0
21882 0
5734 0
19960 0
25153 0
26771 0
18477 0
10557 0
28557 0
9920 0
21601 0
28145 0
18900 0
16527 0
28281 0
24711 0
27306 0
12691 0
24951 0
8742 0
15264 0
11731 0
13933 0
18177 0
17969 0
15015 0
22242 0
9065 0
23526 0
13131 0
18418 0
18617 0
23509 0
24964 0
15397 0
21877 0
23226 0
24042 0
20381 0
24072 0
14476 0
23958 0
23975 0
28406 0
23256 0
18737 0
4582 0
26216 0
14917 0
22330 0
20457 0
27017 0
14512 0
27964 0
19568 0
21949 0
12749 0
13358 0
23986 0
19662 0
27860 0
22163 0
25856 0
10122 0
19788 0
22244 0
22261 0
28138 0
9099 0
22120 0
19455 0
17321 0
15092 0
19136 0
5838 0
22437 0
18437 0
27319 0
15871 0
21969 0
20471 0
10171 0
24965 0
23241 0
16387 0
22983 0
4397 0
14947 0
21235 0
17675 0
22176 0
27368 0
27468 0
16730 0
13481 0
23962 0
23696 0
5619 0
27836 0
9038 0
19002 0
23685 0
18238 0
16701 0
28028 0
12702 0
10289 0
16111 0
25562 0
15817 0
23994 0
24178 0
25315 0
8138 0
27040 0
15655 0
25502 0
15631 0
16392 0
17018 0
9651 0
3575 0
28672 0
13415 0
26834 0
22621 0
7909 0
19726 0
24870 0
14784 0
26876 0
10022 0
23737 0
17430 0
10386 0
26579 0
22476 0
25791 0
6734 0
7072 0
17406 0
28402 0
19669 0
3746 0
25739 0
18205 0
13695 0
19973 0
27347 0
18491 0
24248 0
11556 0
22564 0
21515 0
6099 0
27074 0
15535 0
23079 0
15197 0
6166 0
18559 0
17303 0
19406 0
19415 0
25914 0
26970 0
14007 0
21114 0
16553 0
28613 0
8511 0
12341 0
20638 0
21321 0
20923 0
21559 0
26530 0
12547 0
17181 0
3789 0
15348 0
25403 0
7658 0
27600 0
10656 0
22607 0
22843 0
23839 0
21872 0
5519 0
16724 0
22907 0
21150 0
15765 0
2503 0
12570 0
26485 0
20881 0
17543 0
11670 0
27965 0
22403 0
23078 0
15297 0
22625 0
13141 0
21869 0
9400 0
11634 0
11849 0
26443 0
25581 0
10640 0
24106 0
4037 0
28336 0
15194 0
9202 0
1630 0
18299 0
11053 0
6952 0
12574 0
10773 0
24037 0
10891 0
5830 0
11606 0
28291 0
26158 0
27013 0
24451 0
24168 0
23711 0
20522 0
25796 0
22490 0
10634 0
22565 0
6229 0
11718 0
27241 0
26245 0
2497 0
21986 0
15840 0
27315 0
25977 0
23835 0
13235 0
27510 0
4621 0
25064 0
12475 0
27105 0
24088 0
25865 0
15809 0
25887 0
6683 0
21885 0
23027 0
23142 0
27134 0
11415 0
18568 0
7327 0
20509 0
27518 0
24597 0
13998 0
21053 0
23038 0
28267 0
27744 0
14892 0
24655 0
10910 0
17363 0
23576 0
14207 0
12369 0
3793 0
24814 0
23676 0
8678 0
20031 0
19792 0
8479 0
16905 0
14551 0
12973 0
18532 0
11199 0
21814 0
18748 0
11647 0
20115 0
24262 0
27909 0
19016 0
24161 0
27103 0
17822 0
16069 0
26649 0
17805 0
15476 0
26689 0
27447 0
27674 0
7112 0
18574 0
23739 0
24144 0
8344 0
21840 0
5021 0
26212 0
25534 0
21414 0
9500 0
28252 0
10692 0
20083 0
28504 0
6578 0
18202 0
8826 0
7829 0
24827 0
28464 0
26167 0
11885 0
24766 0
21619 0
22723 0
25650 0
14734 0
23984 0
20244 0
13170 0
20297 0
26079 0
23139 0
16275 0
3281 0
16754 0
16529 0
10307 0
21539 0
26663 0
24433 0
5819 0
22658 0
18223 0
16778 0
12797 0
15540 0
25626 0
19362 0
25070 0
21170 0
28157 0
8487 0
27840 0
2315 0
22148 0
25012 0
5627 0
28111 0
26821 0
22331 0
24577 0
24244 0
11453 0
28030 0
17387 0
16784 0
25508 0
22744 0
22459 0
26392 0
20112 0
12481 0
13246 0
13015 0
15786 0
15103 0
7079 0
24313 0
28185 0
9660 0
12345 0
16638 0
16901 0
18646 0
20344 0
25703 0
24087 0
21950 0
8092 0
23591 0
10528 0
23893 0
5872 0
23576 0
27041 0
27150 0
28300 0
27968 0
24153 0
24696 0
24589 0
9989 0
15770 0
17138 0
28120 0
14381 0
19910 0
23135 0
18110 0
17028 0
25534 0
12071 0
27695 0
28096 0
21419 0
25893 0
28672 0
10469 0
27429 0
21749 0
13118 0
15339 0
26108 0
26157 0
3978 0
16708 0
27265 0
25582 0
9804 0
24653 0
5187 0
25593 0
5523 0
26726 0
21341 0
28104 0
25346 0
7900 0
25159 0
16826 0
19679 0
26609 0
24728 0
19973 0
25893 0
7409 0
23831 0
2140 0
7463 0
4213 0
11194 0
27384 0
14554 0
18798 0
28203 0
20979 0
22834 0
28231 0
10133 0
18063 0
13294 0
9932 0
17326 0
25153 0
25074 0
15482 0
27092 0
28246 0
20243 0
26386 0
10568 0
19796 0
28020 0
23933 0
26222 0
22947 0
22142 0
27028 0
24848 0
23883 0
20660 0
16513 0
21715 0
24928 0
16918 0
14034 0
17823 0
17585 0
26003 0
23023 0
20678 0
25805 0
7889 0
26824 0
28672 0
14377 0
22635 0
27153 0
18325 0
6139 0
21927 0
27475 0
11888 0
15823 0
25154 0
16027 0
26405 0
23484 0
25487 0
20425 0
22711 0
26848 0
22231 0
23822 0
26593 0
25589 0
10601 0
11204 0
9743 0
22127 0
12411 0
19781 0
18689 0
25376 0
13034 0
22989 0
19650 0
22661 0
21644 0
2490 0
22154 0
26754 0
19799 0
16837 0
23257 0
23598 0
21422 0
19280 0
3793 0
24522 0
20827 0
19254 0
18152 0
18012 0
5925 0
4468 0
25130 0
5043 0
19195 0
9006 0
8553 0
24668 0
26721 0
10620 0
9995 0
18760 0
26852 0
23752 0
21228 0
19001 0
19144 0
20386 0
21832 0
22876 0
15906 0
27330 0
21130 0
22238 0
23979 0
13317 0
25708 0
26669 0
26231 0
22829 0
18436 0
20628 0
23191 0
22278 0
11428 0
17246 0
14545 0
27506 0
13642 0
25490 0
18179 0
12621 0
10708 0
15261 0
16487 0
17673 0
23409 0
23666 0
15416 0
24604 0
27698 0
22578 0
17071 0
24344 0
26106 0
28266 0
25857 0
23881 0
12937 0
10218 0
25725 0
19815 0
19579 0
19699 0
19623 0
15635 0
20950 0
12751 0
16756 0
14135 0
11166 0
19529 0
27083 0
26960 0
5109 0
27763 0
23656 0
20433 0
15782 0
18484 0
27071 0
19196 0
16576 0
27559 0
14511 0
23747 0
24008 0
24638 0
20356 0
13433 0
7956 0
13507 0
19959 0
10395 0
23324 0
19831 0
23280 0
18815 0
25453 0
18914 0
18006 0
15764 0
12324 0
25925 0
24094 0
24947 0
27570 0
26278 0
26062 0
23807 0
24161 0
25041 0
6404 0
16800 0
20418 0
22085 0
26964 0
20380 0
20184 0
14240 0
9068 0
12548 0
13334 0
24685 0
26879 0
2296 0
18987 0
16888 0
27683 0
11540 0
16211 0
17412 0
25579 0
23170 0
25083 0
26196 0
25519 0
27066 0
16531 0
18686 0
27222 0
16982 0
15899 0
16716 0
20673 0
26289 0
5016 0
8947 0
19580 0
22310 0
24524 0
26040 0
25669 0
7878 0
19086 0
26000 0
28181 0
18445 0
15436 0
23300 0
13491 0
14700 0
26080 0
19066 0
28672 0
20396 0
22246 0
7780 0
22993 0
20261 0
19116 0
27979 0
15008 0
7611 0
24461 0
23775 0
4483 0
25908 0
14980 0
13356 0
20377 0
7199 0
11140 0
24154 0
26983 0
17841 0
21491 0
22741 0
2197 0
9849 0
20489 0
5969 0
17003 0
13323 0
16770 0
26705 0
25193 0
26254 0
27195 0
22030 0
13801 0
16343 0
28142 0
15486 0
24543 0
26606 0
10736 0
26948 0
12028 0
15321 0
9657 0
27517 0
25607 0
25092 0
28140 0
7542 0
13398 0
27164 0
22199 0
7287 0
19381 0
15995 0
22910 0
26691 0
5361 0
16409 0
27464 0
14727 0
16930 0
28146 0
23657 0
24210 0
25655 0
27622 0
26649 0
28270 0
10758 0
23450 0
4043 0
25108 0
19654 0
26409 0
28054 0
15217 0
16599 0
22318 0
14041 0
3262 0
25619 0
9386 0
18744 0
28660 0
5680 0
22400 0
25626 0
19906 0
26786 0
20174 0
24066 0
24703 0
18638 0
15677 0
24428 0
27381 0
24856 0
22357 0
23258 0
13280 0
24899 0
23960 0
15528 0
20912 0
10282 0
23573 0
16347 0
23552 0
12355 0
17570 0
28506 0
19567 0
9006 0
6900 0
24286 0
12830 0
23708 0
17745 0
20421 0
25695 0
24162 0
10532 0
20195 0
14171 0
19864 0
27686 0
11791 0
28435 0
22372 0
5759 0
13818 0
17570 0
10943 0
26899 0
3458 0
12078 0
22176 0
26535 0
23665 0
8820 0
21420 0
15193 0
28284 0
3564 0
15593 0
10358 0
13258 0
26982 0
8710 0
17410 0
23356 0
4298 0
6361 0
17936 0
17195 0
20979 0
19531 0
9822 0
21959 0
12575 0
2470 0
23942 0
24653 0
15689 0
22397 0
7027 0
12261 0
22453 0
21903 0
23497 0
15391 0
15576 0
15150 0
18026 0
21663 0
8856 0
24336 0
20090 0
27321 0
19593 0
24624 0
18301 0
22237 0
25776 0
26908 0
19666 0
22802 0
9254 0
7578 0
20535 0
15441 0
17522 0
9547 0
23037 0
24127 0
19362 0
23610 0
22519 0
24740 0
24597 0
19098 0
11767 0
22282 0
26490 0
25511 0
22933 0
17007 0
18221 0
16585 0
24870 0
12412 0
15489 0
20307 0
25995 0
22353 0
17148 0
28129 0
23481 0
15145 0
28327 0
12088 0
23397 0
25842 0
26096 0
20525 0
8183 0
25741 0
25507 0
28338 0
16698 0
25676 0
25652 0
17206 0
14924 0
13188 0
14385 0
17534 0
6046 0
12357 0
12586 0
23889 0
10612 0
23861 0
25846 0
9182 0
27743 0
23188 0
19902 0
17838 0
26226 0
26919 0
28630 0
20929 0
14538 0
24563 0
22169 0
26987 0
19765 0
14185 0
17698 0
24112 0
27778 0
13425 0
27720 0
22651 0
9756 0
8730 0
24074 0
25677 0
26748 0
16870 0
21674 0
26684 0
16470 0
16664 0
9699 0
8742 0
6666 0
21166 0
22756 0
23282 0
24618 0
25973 0
22266 0
23410 0
23422 0
22382 0
21189 0
26490 0
12532 0
17125 0
16974 0
13978 0
16842 0
23677 0
13388 0
24992 0
27163 0
8147 0
23305 0
18695 0
18641 0
13405 0
27866 0
24047 0
25122 0
21233 0
27087 0
19302 0
9394 0
18610 0
13289 0
4895 0
27922 0
14875 0
22900 0
8934 0
18800 0
24339 0
9688 0
12242 0
23479 0
28566 0
22543 0
16782 0
26441 0
15773 0
17570 0
25776 0
13791 0
16987 0
27629 0
11025 0
25966 0
27981 0
26956 0
15242 0
16560 0
13924 0
14735 0
14379 0
16543 0
20632 0
21042 0
23791 0
12794 0
24787 0
20564 0
16135 0
26345 0
23746 0
26866 0
13646 0
28010 0
19786 0
10775 0
20083 0
6849 0
18171 0
12926 0
25737 0
5712 0
6608 0
12946 0
22474 0
23300 0
24513 0
25482 0
24220 0
18298 0
17331 0
28672 0
18413 0
10618 0
12296 0
20132 0
13945 0
10165 0
12515 0
16871 0
9089 0
7575 0
5564 0
25887 0
13157 0
23093 0
21301 0
26615 0
8066 0
24569 0
28049 0
7564 0
24704 0
21542 0
18596 0
24702 0
17839 0
7014 0
27668 0
16079 0
11379 0
23428 0
24518 0
11603 0
25753 0
19199 0
6111 0
28175 0
16520 0
20223 0
11444 0
19588 0
28672 0
24666 0
20929 0
22295 0
22811 0
9588 0
26481 0
13034 0
18423 0
24616 0
22218 0
15256 0
22265 0
16115 0
24471 0
28498 0
13552 0
24868 0
18825 0
27834 0
22199 0
16009 0
27812 0
19030 0
17384 0
24975 0
18315 0
16187 0
9655 0
14189 0
23842 0
9451 0
18199 0
8655 0
28115 0
20860 0
5353 0
21685 0
24444 0
25335 0
25475 0
23131 0
14763 0
12827 0
24041 0
10276 0
25063 0
20181 0
16823 0
25527 0
16586 0
22489 0
12603 0
11484 0
10743 0
25625 0
7279 0
26068 0
25096 0
3521 0
16870 0
25718 0
28672 0
20724 0
9905 0
5649 0
25667 0
9916 0
23924 0
24830 0
16675 0
27367 0
24667 0
17412 0
20986 0
25186 0
19179 0
21532 0
21637 0
19228 0
21777 0
19334 0
16060 0
17260 0
23740 0
9644 0
19140 0
28161 0
23083 0
26535 0
25929 0
25843 0
25487 0
14196 0
25574 0
26293 0
23873 0
24353 0
18844 0
19004 0
26810 0
26033 0
14786 0
21460 0
13878 0
11468 0
25792 0
28216 0
24426 0
28026 0
24018 0
27692 0
9259 0
25509 0
26221 0
28067 0
9891 0
26474 0
5828 0
13022 0
19048 0
23541 0
28057 0
16123 0
17719 0
22007 0
13468 0
19631 0
15933 0
8376 0
18736 0
23313 0
18449 0
27299 0
4926 0
12341 0
24799 0
28118 0
27392 0
10524 0
12843 0
18134 0
12876 0
19313 0
20914 0
11489 0
13412 0
27006 0
10486 0
8406 0
28153 0
8031 0
18893 0
21289 0
28385 0
23954 0
10767 0
28385 0
19383 0
23143 0
27544 0
22673 0
21767 0
28217 0
17308 0
11226 0
10786 0
17184 0
27238 0
23097 0
19002 0
20420 0
26953 0
23985 0
9504 0
18424 0
14511 0
8151 0
19945 0
26362 0
22241 0
7470 0
17087 0
2750 0
4661 0
16146 0
4535 0
8269 0
27485 0
15322 0
7140 0
9187 0
16162 0
13547 0
19547 0
13073 0
10276 0
26649 0
21861 0
27627 0
19418 0
18467 0
16016 0
25518 0
7526 0
20610 0
14299 0
18040 0
10499 0
21889 0
25657 0
21232 0
7680 0
24598 0
25133 0
22743 0
23821 0
19085 0
22225 0
14106 0
24837 0
23869 0
1580 0
28285 0
28234 0
3465 0
27280 0
8953 0
24581 0
21858 0
20741 0
21528 0
23001 0
6237 0
13535 0
17809 0
22183 0
19472 0
6723 0
27549 0
2051 0
21363 0
20027 0
21111 0
28026 0
21495 0
25688 0
8402 0
27236 0
25951 0
11697 0
26180 0
10553 0
9726 0
10444 0
14504 0
22430 0
22725 0
22202 0
25114 0
25172 0
20788 0
28649 0
21875 0
26597 0
26957 0
24422 0
12825 0
24645 0
25922 0
2958 0
15524 0
2121 0
8901 0
2404 0
17905 0
27034 0
24810 0
14626 0
25786 0
7831 0
17780 0
17961 0
7651 0
18103 0
22890 0
23177 0
16243 0
16228 0
14160 0
17475 0
17396 0
11865 0
27934 0
27190 0
24704 0
24211 0
22461 0
28672 0
11738 0
28672 0
12106 0
25242 0
20426 0
16860 0
17320 0
12410 0
20755 0
19462 0
19223 0
27701 0
15339 0
19862 0
16478 0
17582 0
17246 0
25834 0
15217 0
14356 0
8513 0
22253 0
25480 0
21633 0
14670 0
15511 0
18060 0
21505 0
16373 0
19965 0
9688 0
20867 0
8843 0
21582 0
21557 0
6296 0
11758 0
25353 0
9397 0
16924 0
4326 0
24587 0
20591 0
8933 0
24927 0
21636 0
18585 0
20023 0
15191 0
16061 0
25830 0
7691 0
28269 0
23532 0
8876 0
20295 0
19060 0
12914 0
26656 0
23401 0
21900 0
26950 0
25137 0
8701 0
22240 0
11940 0
23581 0
21075 0
23308 0
7670 0
22432 0
19817 0
27447 0
12917 0
26874 0
25446 0
18720 0
24899 0
16110 0
16848 0
20864 0
28672 0
19719 0
15178 0
13516 0
15874 0
24331 0
20939 0
19653 0
16575 0
21455 0
25371 0
23205 0
8742 0
22637 0
26937 0
25156 0
26813 0
8249 0
25253 0
21664 0
6914 0
27273 0
19675 0
20783 0
26641 0
2651 0
18546 0
18529 0
28180 0
21567 0
16818 0
23809 0
11664 0
16607 0
28078 0
15413 0
3401 0
24566 0
15824 0
20798 0
27682 0
25652 0
21419 0
25500 0
22399 0
24159 0
28672 0
25071 0
25812 0
11417 0
23284 0
19636 0
20785 0
13717 0
25295 0
25096 0
28672 0
17862 0
26382 0
28455 0
27338 0
10790 0
23863 0
25562 0
14159 0
13072 0
11715 0
26915 0
16198 0
26564 0
9465 0
22048 0
7429 0
12716 0
27779 0
24005 0
23837 0
17200 0
26040 0
24053 0
24377 0
12053 0
28672 0
18875 0
15240 0
20582 0
20068 0
8636 0
26169 0
14310 0
17600 0
22435 0
28097 0
9771 0
22222 0
21624 0
19438 0
23001 0
4753 0
25124 0
15359 0
27895 0
11880 0
23131 0
24056 0
22548 0
20412 0
4866 0
7340 0
21641 0
18770 0
21665 0
24430 0
20650 0
12289 0
3930 0
13948 0
17417 0
27764 0
18278 0
10469 0
1714 0
22187 0
10263 0
16039 0
8457 0
28564 0
26496 0
23764 0
22365 0
16331 0
22611 0
22975 0
21405 0
27023 0
18380 0
23519 0
5073 0
20050 0
23129 0
22336 0
24258 0
22838 0
22006 0
23051 0
17255 0
20940 0
22582 0
10099 0
12110 0
9033 0
19373 0
20165 0
28672 0
26003 0
13217 0
27664 0
14339 0
23680 0
21053 0
9884 0
27949 0
17467 0
28672 0
9243 0
24856 0
27130 0
4278 0
14283 0
23294 0
25582 0
24980 0
28564 0
26185 0
22162 0
28623 0
20393 0
17572 0
23830 0
25212 0
18622 0
28263 0
19176 0
15337 0
9945 0
14842 0
24247 0
16168 0
17289 0
22419 0
27247 0
9106 0
5605 0
23338 0
18554 0
22265 0
12258 0
22057 0
26063 0
14637 0
26479 0
26142 0
15985 0
17408 0
6321 0
25333 0
27259 0
15541 0
1664 0
22604 0
23762 0
14534 0
23656 0
13503 0
23612 0
17428 0
20903 0
26780 0
27151 0
20241 0
14967 0
25169 0
20614 0
21306 0
6481 0
26223 0
19934 0
13021 0
19774 0
28098 0
23632 0
24237 0
17390 0
27622 0
20860 0
28172 0
19229 0
24775 0
27261 0
12557 0
21570 0
17968 0
7400 0
22215 0
21677 0
25149 0
18864 0
27641 0
24412 0
26746 0
14155 0
12659 0
18147 0
21315 0
23854 0
17205 0
25702 0
14275 0
26173 0
17677 0
17487 0
26230 0
23709 0
19290 0
15884 0
10290 0
12406 0
22241 0
26474 0
23561 0
16813 0
24534 0
19122 0
23269 0
16278 0
20377 0
10366 0
19599 0
16785 0
18880 0
25708 0
24174 0
21247 0
27218 0
22794 0
11265 0
28486 0
12220 0
17024 0
13505 0
25665 0
27312 0
24937 0
20391 0
24037 0
23252 0
24022 0
6702 0
18380 0
24221 0
16056 0
27378 0
23196 0
25105 0
13965 0
13629 0
25515 0
13292 0
14488 0
22248 0
14064 0
21784 0
17691 0
17689 0
23316 0
19367 0
18997 0
27184 0
21917 0
24494 0
11095 0
17817 0
17236 0
23147 0
19645 0
3200 0
19240 0
20635 0
16792 0
12932 0
26197 0
6946 0
10273 0
14913 0
21809 0
20775 0
23487 0
21673 0
24399 0
17487 0
5255 0
18838 0
19751 0
16375 0
23591 0
10605 0
26801 0
3016 0
22989 0
19545 0
19564 0
10739 0
24987 0
19153 0
5860 0
23421 0
23284 0
19376 0
12993 0
25584 0
15644 0
21894 0
6462 0
26447 0
25389 0
22291 0
8756 0
26612 0
4980 0
23212 0
21782 0
20874 0
27602 0
23738 0
25185 0
27691 0
23044 0
19530 0
19805 0
25079 0
28553 0
12709 0
28672 0
27262 0
10969 0
22578 0
9667 0
5113 0
25031 0
22426 0
24967 0
17929 0
13693 0
15460 0
5348 0
27888 0
11759 0
26625 0
3501 0
19575 0
16466 0
17191 0
19206 0
11874 0
15941 0
13006 0
25010 0
28215 0
26107 0
17241 0
24592 0
3962 0
28594 0
24751 0
12029 0
25481 0
23832 0
23106 0
17936 0
23297 0
4774 0
28672 0
22832 0
26095 0
14831 0
16575 0
23446 0
17006 0
17039 0
7184 0
20739 0
22380 0
24965 0
24457 0
25888 0
26914 0
20108 0
24203 0
8919 0
8062 0
21134 0
27131 0
10920 0
27390 0
27947 0
6519 0
24703 0
24294 0
7028 0
26103 0
11524 0
20944 0
26561 0
24353 0
26252 0
26083 0
19498 0
18466 0
18938 0
10098 0
25368 0
5778 0
23741 0
24772 0
20047 0
18969 0
12195 0
16051 0
20717 0
25867 0
10243 0
22975 0
16998 0
5809 0
24063 0
27773 0
14579 0
13691 0
20814 0
26476 0
26126 0
27070 0
28380 0
6258 0
19218 0
28006 0
9317 0
23186 0
24318 0
5084 0
21076 0
2875 0
10168 0
20352 0
7859 0
26019 0
25640 0
24155 0
13516 0
24293 0
21707 0
10619 0
7991 0
19901 0
10773 0
19872 0
17659 0
24601 0
11020 0
22392 0
8988 0
12120 0
24506 0
28568 0
23922 0
22505 0
17554 0
19370 0
24520 0
24976 0
21357 0
18769 0
12585 0
27139 0
27269 0
17167 0
21798 0
27181 0
27818 0
8728 0
14600 0
19058 0
23471 0
7874 0
23058 0
27994 0
8699 0
14254 0
17096 0
22994 0
23930 0
12535 0
28000 0
28278 0
16579 0
19398 0
22128 0
16782 0
23069 0
17958 0
26704 0
27464 0
18248 0
20476 0
28287 0
27001 0
19024 0
15561 0
3097 0
23475 0
12737 0
26351 0
26503 0
15348 0
18488 0
14900 0
16256 0
19342 0
20951 0
26063 0
22955 0
14911 0
26949 0
22441 0
7504 0
17097 0
19755 0
12678 0
28201 0
24703 0
21222 0
12033 0
6636 0
19247 0
24899 0
23395 0
16681 0
20756 0
7357 0
19638 0
18885 0
20394 0
25900 0
22344 0
28245 0
28084 0
24101 0
15549 0
25773 0
24148 0
9177 0
24940 0
28432 0
8291 0
13535 0
12219 0
21542 0
19843 0
19617 0
17205 0
16856 0
24819 0
18739 0
27479 0
26943 0
25319 0
19239 0
16183 0
2915 0
23380 0
21178 0
10745 0
12000 0
12758 0
22126 0
14063 0
18270 0
21640 0
11107 0
25644 0
20541 0
13588 0
27483 0
22175 0
26993 0
27199 0
25356 0
18906 0
3878 0
16975 0
22318 0
26020 0
10606 0
19392 0
28668 0
5211 0
14305 0
11843 0
16151 0
24337 0
20743 0
4606 0
23878 0
21649 0
28043 0
23334 0
18334 0
19989 0
26185 0
22330 0
18785 0
6497 0
20712 0
17495 0
19492 0
18928 0
26033 0
10968 0
28417 0
10793 0
7717 0
14169 0
23028 0
27426 0
19532 0
23886 0
26929 0
20816 0
9981 0
20963 0
18557 0
10283 0
11972 0
9910 0
3665 0
28252 0
17803 0
10334 0
28324 0
11075 0
12414 0
15637 0
27972 0
16506 0
20167 0
10556 0
24486 0
5316 0
12433 0
19524 0
13447 0
23494 0
12505 0
11495 0
27564 0
13139 0
16369 0
22654 0
8393 0
21886 0
1049 0
3960 0
26511 0
22593 0
12495 0
26890 0
26177 0
22287 0
2984 0
14792 0
18804 0
25668 0
11709 0
26325 0
11137 0
20241 0
24473 0
27769 0
8890 0
9941 0
10190 0
22010 0
21665 0
26755 0
22117 0
10767 0
7953 0
24242 0
20293 0
26068 0
11289 0
9150 0
10776 0
25758 0
23538 0
5167 0
28467 0
26139 0
25433 0
14291 0
25375 0
7533 0
21302 0
21863 0
23714 0
6552 0
9135 0
1823 0
11599 0
23523 0
22932 0
26385 0
28534 0
14811 0
13216 0
17943 0
25266 0
25303 0
20439 0
10006 0
27189 0
24682 0
12627 0
12639 0
20370 0
21145 0
19719 0
14826 0
27858 0
21839 0
26854 0
17063 0
20716 0
20336 0
28033 0
26992 0
20918 0
20261 0
27837 0
23392 0
27197 0
26117 0
13707 0
4568 0
19079 0
7148 0
27938 0
16753 0
11387 0
27869 0
12733 0
5194 0
16952 0
21980 0
7632 0
12952 0
12953 0
8414 0
17411 0
25514 0
25749 0
20444 0
13289 0
10400 0
22789 0
16000 0
6673 0
19752 0
19495 0
26920 0
26667 0
26432 0
18735 0
17337 0
25651 0
3318 0
26895 0
22370 0
27295 0
15368 0
13585 0
21996 0
17138 0
13508 0
20304 0
28623 0
12344 0
11815 0
27894 0
19545 0
24644 0
21659 0
13871 0
26766 0
8889 0
16380 0
18774 0
18241 0
12045 0
19515 0
19546 0
28291 0
27594 0
22967 0
6420 0
26922 0
19677 0
8178 0
15508 0
22751 0
13293 0
22809 0
27598 0
17256 0
20134 0
20940 0
20800 0
26454 0
23579 0
16945 0
15306 0
24046 0
22239 0
23147 0
17759 0
22729 0
25978 0
14926 0
28650 0
21634 0
14069 0
26415 0
11256 0
27163 0
25357 0
20703 0
28049 0
9963 0
23357 0
27262 0
26760 0
7018 0
22378 0
25368 0
13384 0
6969 0
12742 0
23477 0
27933 0
9688 0
18157 0
23585 0
10420 0
21703 0
2509 0
6459 0
25317 0
18771 0
18314 0
17310 0
12455 0
24802 0
26523 0
23889 0
27791 0
23713 0
16085 0
19544 0
18116 0
27538 0
22367 0
9729 0
23662 0
16901 0
26544 0
14879 0
11521 0
19087 0
19013 0
23706 0
19404 0
17085 0
12393 0
23928 0
21446 0
15630 0
23131 0
6712 0
10052 0
23194 0
14002 0
20480 0
15891 0
13397 0
17745 0
11680 0
16927 0
14532 0
19587 0
28672 0
24769 0
16596 0
19912 0
20069 0
6957 0
26740 0
15995 0
27664 0
27130 0
10458 0
25154 0
27609 0
27384 0
10219 0
18478 0
11116 0
16154 0
23983 0
20100 0
9037 0
21331 0
20429 0
23797 0
12182 0
28278 0
9074 0
14570 0
15452 0
12138 0
6146 0
28218 0
25151 0
24125 0
23795 0
19199 0
4191 0
17990 0
14959 0
21977 0
21392 0
19979 0
22071 0
14973 0
25912 0
23328 0
6710 0
23331 0
27062 0
26873 0
26491 0
27201 0
2283 0
19644 0
26338 0
13752 0
15058 0
28373 0
25753 0
18471 0
27740 0
25396 0
7087 0
27643 0
27586 0
19644 0
19768 0
17112 0
21569 0
21305 0
15973 0
15975 0
17852 0
24600 0
26334 0
16467 0
27539 0
1706 0
15010 0
25117 0
8850 0
4921 0
25326 0
17746 0
22557 0
16037 0
18866 0
5424 0
21069 0
20274 0
17625 0
23907 0
20501 0
23959 0
10013 0
18053 0
28640 0
20325 0
25895 0
11983 0
14742 0
25354 0
22678 0
27627 0
25524 0
24143 0
27968 0
18443 0
10829 0
24833 0
9151 0
13590 0
27086 0
8474 0
21948 0
21220 0
18086 0
21913 0
23199 0
24066 0
18438 0
25953 0
26654 0
26700 0
19281 0
25220 0
27396 0
14395 0
18550 0
24413 0
18469 0
27253 0
16688 0
12474 0
13120 0
28547 0
17011 0
22611 0
10171 0
16677 0
9554 0
13550 0
11381 0
13279 0
21838 0
21029 0
19353 0
16926 0
9536 0
11063 0
28638 0
17340 0
28448 0
27573 0
23872 0
11379 0
19743 0
5741 0
26474 0
27405 0
26606 0
17156 0
15410 0
27389 0
11242 0
16842 0
20776 0
14952 0
20729 0
22005 0
9431 0
25740 0
7500 0
8950 0
9863 0
24087 0
23159 0
28231 0
10253 0
27933 0
24130 0
9996 0
25292 0
15773 0
22445 0
10106 0
23742 0
27894 0
16691 0
9888 0
23656 0
21940 0
17577 0
28049 0
18659 0
10914 0
13041 0
28259 0
27632 0
28672 0
22092 0
6961 0
24145 0
19575 0
27763 0
16155 0
19173 0
18702 0
12783 0
14875 0
22464 0
25301 0
13408 0
9664 0
10727 0
25773 0
18198 0
28654 0
16490 0
20866 0
7825 0
24500 0
8103 0
23037 0
21182 0
21981 0
22047 0
21280 0
13256 0
24340 0
21332 0
7207 0
28612 0
26603 0
7590 0
15554 0
27581 0
10519 0
18462 0
28672 0
16344 0
22267 0
23187 0
16481 0
18142 0
6273 0
27538 0
10087 0
22000 0
28377 0
25055 0
18417 0
28541 0
24334 0
22015 0
9585 0
27660 0
22139 0
22421 0
16730 0
22604 0
25611 0
6842 0
5277 0
21147 0
10115 0
27468 0
7922 0
20667 0
25763 0
15786 0
14658 0
16865 0
9761 0
16101 0
7741 0
19839 0
17647 0
25033 0
23532 0
23192 0
12120 0
26728 0
21951 0
23277 0
11963 0
28308 0
