14700 0
3979 0
5184 0
570 0
235 0
4411 0
11944 0
7927 0
7683 0
1466 0
762 0
11318 0
2286 0
9635 0
11594 0
1182 0
806 0
1617 0
6794 0
1876 0
3401 0
2524 0
2792 0
8992 0
6257 0
6320 0
3628 0
9862 0
8937 0
7323 0
3258 0
12484 0
4649 0
5517 0
1887 0
807 0
13802 0
1603 0
2664 0
2199 0
2492 0
7804 0
12951 0
3167 0
8155 0
715 0
4698 0
116 0
6314 0
8547 0
6843 0
2782 0
12604 0
4002 0
1125 0
2342 0
6018 0
10508 0
2222 0
10665 0
2849 0
6961 0
5705 0
2897 0
3183 0
1311 0
13660 0
5083 0
6708 0
756 0
3799 0
3175 0
11912 0
5276 0
3828 0
59 0
6133 0
5742 0
6398 0
5240 0
5887 0
201 0
3705 0
1454 0
2106 0
1456 0
3712 0
802 0
84 0
9095 0
9600 0
3750 0
2120 0
4042 0
6004 0
13680 0
7557 0
2328 0
4280 0
6818 0
8979 0
3471 0
6208 0
4023 0
8043 0
4910 0
2641 0
584 0
8158 0
3698 0
6486 0
8858 0
2708 0
2105 0
1170 0
1176 0
5681 0
10816 0
3962 0
11062 0
9083 0
3592 0
3695 0
11884 0
1931 0
2598 0
7967 0
731 0
4500 0
1595 0
12382 0
217 0
2214 0
3508 0
3768 0
11628 0
899 0
1909 0
6753 0
3388 0
1307 0
4544 0
7797 0
4086 0
602 0
571 0
9114 0
4970 0
1493 0
2748 0
1522 0
2056 0
1483 0
1568 0
831 0
4681 0
1415 0
5208 0
6404 0
5081 0
269 0
5045 0
8392 0
3320 0
11580 0
2000 0
910 0
10276 0
8247 0
6622 0
4085 0
8682 0
2386 0
1942 0
5568 0
1525 0
2681 0
6675 0
9156 0
3229 0
7352 0
4883 0
10152 0
5733 0
1122 0
6666 0
3344 0
10599 0
2774 0
1868 0
11313 0
2808 0
12899 0
5328 0
1877 0
256 0
6679 0
10602 0
10743 0
1060 0
7565 0
6408 0
6609 0
2380 0
7107 0
4482 0
11999 0
2916 0
3420 0
7187 0
8621 0
7379 0
6137 0
257 0
10186 0
7559 0
7656 0
8757 0
4299 0
893 0
10700 0
12361 0
76 0
8865 0
2900 0
7768 0
587 0
6491 0
3263 0
4025 0
9155 0
4037 0
4430 0
8074 0
8829 0
4974 0
7916 0
5511 0
4045 0
2902 0
3258 0
2625 0
2567 0
4227 0
5025 0
7317 0
2593 0
12747 0
2182 0
6739 0
13006 0
1775 0
9916 0
8305 0
1378 0
4502 0
8659 0
8704 0
12560 0
1118 0
1085 0
5915 0
13001 0
2588 0
11805 0
11693 0
6104 0
3720 0
3553 0
2027 0
1788 0
3003 0
7574 0
13600 0
3331 0
10771 0
11607 0
9003 0
759 0
10428 0
1764 0
5159 0
6681 0
6464 0
1367 0
2813 0
4082 0
3957 0
4859 0
11849 0
7732 0
13191 0
2574 0
15738 0
4752 0
358 0
7889 0
10738 0
1437 0
9947 0
6631 0
9541 0
1505 0
679 0
8117 0
1101 0
2020 0
6301 0
4702 0
3239 0
8990 0
1268 0
3796 0
3686 0
5858 0
808 0
3892 0
8777 0
3589 0
11700 0
15488 0
216 0
6576 0
2784 0
843 0
4391 0
5957 0
5003 0
6020 0
2415 0
12665 0
7193 0
1025 0
13716 0
7291 0
10374 0
3784 0
4002 0
319 0
5978 0
5775 0
917 0
7271 0
5644 0
4676 0
5739 0
13438 0
7515 0
9554 0
10853 0
1202 0
2485 0
7481 0
4886 0
11849 0
8643 0
5861 0
5085 0
9872 0
9149 0
5942 0
5152 0
716 0
1549 0
8112 0
1519 0
2126 0
7025 0
12739 0
5968 0
1636 0
264 0
5606 0
5238 0
8405 0
14879 0
13074 0
454 0
7454 0
3703 0
1949 0
455 0
2467 0
568 0
15171 0
10481 0
12090 0
4411 0
2873 0
3207 0
1792 0
1531 0
9105 0
2801 0
5492 0
2153 0
537 0
2835 0
796 0
4755 0
7773 0
1234 0
10489 0
5516 0
1537 0
11955 0
6043 0
3146 0
238 0
910 0
1782 0
337 0
5470 0
11574 0
3320 0
5713 0
234 0
4276 0
9863 0
2324 0
224 0
10272 0
9361 0
6570 0
6202 0
2591 0
7986 0
9309 0
11213 0
629 0
8132 0
7337 0
12440 0
8320 0
11024 0
8715 0
8680 0
1000 0
6015 0
304 0
2745 0
9277 0
2979 0
4252 0
14914 0
3266 0
8830 0
6699 0
1497 0
1717 0
6473 0
10915 0
5128 0
1960 0
868 0
6095 0
14368 0
4788 0
3897 0
2281 0
666 0
6564 0
2533 0
5119 0
2346 0
1846 0
3856 0
7170 0
4126 0
2359 0
12016 0
4629 0
2046 0
1707 0
8628 0
1916 0
4841 0
7674 0
5562 0
5912 0
2181 0
8181 0
9079 0
4968 0
2061 0
13645 0
1962 0
12325 0
2853 0
1415 0
4747 0
5694 0
14088 0
8847 0
11948 0
1373 0
1565 0
1584 0
3069 0
4929 0
1941 0
9577 0
6206 0
7782 0
6871 0
3863 0
2445 0
3897 0
6206 0
5265 0
972 0
4863 0
7675 0
13697 0
4886 0
4005 0
6409 0
1289 0
10586 0
2964 0
4526 0
10587 0
11116 0
2665 0
5003 0
6908 0
12310 0
2939 0
7188 0
2132 0
4806 0
10341 0
1521 0
8116 0
930 0
5854 0
3796 0
2621 0
2973 0
8521 0
8365 0
13585 0
7827 0
7716 0
7107 0
5974 0
2376 0
1778 0
4756 0
7690 0
3428 0
10107 0
1458 0
1116 0
14107 0
4679 0
5697 0
2332 0
11807 0
9531 0
4088 0
9516 0
10762 0
11374 0
3966 0
2469 0
2938 0
149 0
14586 0
7055 0
10547 0
4856 0
9291 0
1186 0
4463 0
3786 0
241 0
14065 0
4691 0
8167 0
1114 0
13897 0
1171 0
313 0
6732 0
2864 0
2458 0
4485 0
7486 0
8586 0
3874 0
5618 0
261 0
876 0
325 0
10918 0
3061 0
4957 0
3025 0
10551 0
2693 0
587 0
10348 0
8086 0
541 0
6943 0
872 0
2976 0
6382 0
2588 0
4358 0
7248 0
1171 0
12232 0
1608 0
6921 0
3114 0
12981 0
672 0
8027 0
3422 0
2026 0
3326 0
2299 0
4191 0
740 0
2600 0
3524 0
5598 0
3577 0
8768 0
3929 0
7927 0
4706 0
11308 0
4730 0
4550 0
8472 0
4680 0
5341 0
702 0
4098 0
5646 0
5088 0
2264 0
10721 0
11513 0
1065 0
4606 0
1152 0
9514 0
5813 0
2080 0
418 0
4794 0
6067 0
11201 0
4136 0
12883 0
2344 0
8502 0
13665 0
5896 0
8169 0
114 0
2229 0
10174 0
5874 0
6925 0
5991 0
2749 0
2754 0
9063 0
9389 0
6282 0
8781 0
13353 0
5053 0
715 0
4152 0
7676 0
2817 0
8519 0
5000 0
2667 0
2269 0
13493 0
4172 0
9857 0
5191 0
4132 0
14628 0
9287 0
1304 0
181 0
3810 0
151 0
4619 0
3974 0
2373 0
3792 0
87 0
2991 0
441 0
978 0
8059 0
4996 0
2863 0
11577 0
4124 0
9468 0
475 0
8030 0
2259 0
5885 0
3159 0
6446 0
4999 0
11031 0
95 0
577 0
427 0
5353 0
1975 0
1917 0
6269 0
441 0
3056 0
3002 0
11102 0
10518 0
10988 0
8037 0
2835 0
7730 0
12816 0
9710 0
2792 0
2270 0
1474 0
13303 0
7501 0
8037 0
7818 0
11567 0
6803 0
1978 0
11166 0
9244 0
786 0
4365 0
1581 0
2232 0
2868 0
1197 0
5781 0
1243 0
2368 0
4697 0
2227 0
5018 0
2269 0
1520 0
2891 0
7821 0
1720 0
5552 0
9097 0
2316 0
1879 0
684 0
4866 0
259 0
9489 0
4964 0
8258 0
5308 0
8109 0
4765 0
4253 0
8934 0
3125 0
10521 0
9874 0
4534 0
1986 0
4207 0
5374 0
4643 0
3311 0
11997 0
9807 0
13474 0
1728 0
9572 0
6862 0
1407 0
4109 0
7713 0
4668 0
609 0
10460 0
12688 0
4348 0
8789 0
1947 0
8642 0
7748 0
4340 0
6929 0
4432 0
13313 0
2868 0
32 0
10178 0
584 0
6327 0
523 0
7418 0
5041 0
1487 0
7822 0
209 0
5981 0
2323 0
7898 0
900 0
2668 0
5673 0
7787 0
938 0
6656 0
557 0
7749 0
9382 0
383 0
4048 0
2446 0
4800 0
3793 0
13522 0
1209 0
8420 0
11340 0
1779 0
11489 0
3163 0
10656 0
90 0
5317 0
11329 0
3702 0
5608 0
3592 0
8238 0
2395 0
5012 0
8762 0
1490 0
13663 0
1920 0
3131 0
143 0
7729 0
13758 0
11108 0
792 0
7772 0
14301 0
4487 0
4924 0
1509 0
5332 0
1292 0
1314 0
3872 0
3152 0
480 0
1456 0
10185 0
4188 0
5096 0
8290 0
56 0
1159 0
2168 0
663 0
1189 0
4126 0
455 0
97 0
3685 0
2010 0
194 0
1832 0
2912 0
3460 0
4800 0
6285 0
1204 0
13895 0
10526 0
1489 0
12064 0
8997 0
33 0
838 0
5862 0
2597 0
2992 0
12852 0
4409 0
700 0
2400 0
2270 0
7532 0
2730 0
1155 0
12489 0
3328 0
9338 0
10946 0
15105 0
6043 0
3318 0
7180 0
8408 0
8903 0
2490 0
8304 0
1859 0
2093 0
8200 0
464 0
7716 0
3224 0
15562 0
6401 0
2519 0
8135 0
5691 0
9808 0
975 0
11042 0
3066 0
4663 0
13359 0
7247 0
11902 0
11615 0
422 0
6154 0
420 0
1652 0
3334 0
4873 0
5045 0
1585 0
73 0
3044 0
10617 0
14106 0
10723 0
71 0
1121 0
2761 0
152 0
3995 0
8451 0
12515 0
3098 0
1962 0
5363 0
3576 0
6388 0
758 0
1052 0
986 0
10586 0
2888 0
1250 0
9849 0
5923 0
186 0
3902 0
1273 0
2227 0
1218 0
14589 0
8438 0
2534 0
3242 0
9963 0
5357 0
8427 0
6092 0
3899 0
8533 0
5219 0
2867 0
7667 0
4920 0
1310 0
894 0
1797 0
11072 0
2027 0
8550 0
7553 0
689 0
5535 0
3444 0
1365 0
4175 0
12688 0
2364 0
1009 0
12819 0
2304 0
5820 0
8881 0
464 0
12839 0
12823 0
8740 0
4655 0
661 0
4821 0
4181 0
2110 0
3336 0
1486 0
2749 0
6977 0
4972 0
9077 0
7830 0
6589 0
581 0
2424 0
12 0
6521 0
5136 0
1941 0
382 0
13062 0
476 0
1577 0
2208 0
5716 0
14521 0
10835 0
5506 0
5872 0
9163 0
461 0
8501 0
2853 0
9802 0
2491 0
1983 0
822 0
3863 0
70 0
8621 0
7607 0
13418 0
8348 0
4619 0
3645 0
5352 0
5334 0
8341 0
3979 0
6339 0
8208 0
969 0
7581 0
14898 0
4014 0
1558 0
5460 0
6998 0
926 0
1726 0
9864 0
3337 0
7615 0
10588 0
3659 0
8537 0
6991 0
6015 0
3014 0
4499 0
4243 0
1644 0
5826 0
773 0
1883 0
4086 0
11359 0
3811 0
4877 0
2202 0
7048 0
2132 0
4784 0
7182 0
5778 0
9937 0
3908 0
1401 0
9746 0
7922 0
2956 0
6356 0
9115 0
10782 0
2198 0
1744 0
465 0
2084 0
4758 0
9709 0
1725 0
2565 0
1895 0
7603 0
15497 0
6544 0
1034 0
973 0
9272 0
14429 0
4109 0
1420 0
6088 0
2407 0
13312 0
4500 0
1031 0
12239 0
6083 0
7051 0
6579 0
7944 0
2435 0
12527 0
4001 0
877 0
11419 0
11879 0
12496 0
5070 0
1725 0
15091 0
12513 0
3281 0
7659 0
14842 0
3205 0
3461 0
3725 0
5746 0
2280 0
1070 0
4332 0
2615 0
1021 0
13175 0
5681 0
269 0
9492 0
12654 0
11892 0
1547 0
5853 0
2582 0
713 0
4379 0
1161 0
5245 0
8015 0
9268 0
5121 0
488 0
618 0
336 0
4933 0
3120 0
5839 0
627 0
454 0
8207 0
8792 0
917 0
3423 0
1850 0
5267 0
3603 0
8244 0
258 0
13009 0
567 0
687 0
7953 0
7102 0
7235 0
8726 0
1161 0
12742 0
1987 0
9961 0
223 0
8753 0
9892 0
10067 0
5716 0
1418 0
1507 0
11015 0
2179 0
1627 0
4753 0
2385 0
11514 0
2452 0
8688 0
9074 0
1375 0
5998 0
2667 0
2837 0
2490 0
516 0
10061 0
9508 0
7603 0
2476 0
14750 0
13819 0
2570 0
9389 0
11621 0
360 0
6972 0
1396 0
3078 0
2742 0
6549 0
11431 0
4260 0
793 0
7474 0
817 0
2096 0
6508 0
4991 0
701 0
556 0
5655 0
796 0
271 0
11293 0
6705 0
2804 0
2026 0
13963 0
5444 0
1982 0
8158 0
2658 0
11638 0
7006 0
5257 0
4428 0
6901 0
8479 0
1635 0
9649 0
11922 0
2128 0
470 0
1498 0
13868 0
12267 0
1970 0
7884 0
3797 0
9315 0
10751 0
9862 0
668 0
1602 0
4514 0
1415 0
5781 0
4175 0
5004 0
4567 0
8081 0
8882 0
1902 0
5560 0
381 0
8460 0
2847 0
8521 0
3351 0
6488 0
13389 0
1583 0
5487 0
10139 0
340 0
6256 0
15912 0
10285 0
112 0
5342 0
1227 0
6325 0
9945 0
2208 0
6425 0
405 0
10236 0
413 0
1800 0
3572 0
5182 0
12470 0
6337 0
3202 0
4054 0
7187 0
109 0
3330 0
3830 0
713 0
198 0
6760 0
3007 0
9836 0
77 0
10983 0
7937 0
9932 0
7558 0
1067 0
13079 0
818 0
6918 0
4869 0
5438 0
8509 0
6705 0
4689 0
391 0
5585 0
12570 0
1082 0
859 0
5726 0
5690 0
8705 0
5472 0
2987 0
8764 0
4340 0
6074 0
3159 0
3188 0
4184 0
1072 0
5011 0
1216 0
116 0
3135 0
7710 0
3680 0
10895 0
1711 0
368 0
7299 0
15633 0
3798 0
4774 0
676 0
865 0
2262 0
7987 0
2892 0
2980 0
1317 0
14969 0
25 0
990 0
5974 0
5430 0
9769 0
4735 0
11018 0
6632 0
5181 0
3425 0
6768 0
5759 0
4123 0
15087 0
68 0
10321 0
502 0
7976 0
4922 0
3220 0
1347 0
5556 0
103 0
15413 0
3767 0
1823 0
3007 0
1104 0
11778 0
4351 0
3325 0
10651 0
836 0
3839 0
3137 0
1009 0
8128 0
13249 0
6602 0
8524 0
6205 0
3914 0
9810 0
1013 0
11998 0
4380 0
729 0
13088 0
10131 0
7131 0
13375 0
1582 0
3212 0
8150 0
12046 0
3372 0
4685 0
13231 0
2908 0
4199 0
10594 0
7698 0
719 0
8322 0
8504 0
97 0
787 0
1643 0
13408 0
999 0
9581 0
12468 0
2269 0
9887 0
3208 0
6653 0
5908 0
1267 0
709 0
2565 0
5806 0
9880 0
12063 0
11712 0
1389 0
2614 0
9920 0
9509 0
775 0
1488 0
10442 0
1291 0
7693 0
7769 0
11225 0
3742 0
2269 0
3744 0
12829 0
11149 0
1722 0
10237 0
1087 0
9649 0
7284 0
264 0
2185 0
1906 0
2879 0
248 0
6612 0
5847 0
7730 0
378 0
1424 0
11728 0
865 0
6220 0
8173 0
10620 0
3706 0
10109 0
12300 0
2671 0
8791 0
110 0
7428 0
13885 0
3982 0
12347 0
2400 0
9021 0
11184 0
3842 0
11195 0
1967 0
3438 0
3448 0
4888 0
1857 0
976 0
4262 0
9627 0
7895 0
7907 0
1135 0
10867 0
6014 0
10942 0
4961 0
12290 0
3906 0
8763 0
2008 0
757 0
4640 0
546 0
5090 0
1846 0
13 0
1412 0
8421 0
120 0
541 0
310 0
5608 0
1334 0
3433 0
2193 0
4632 0
9324 0
2042 0
2088 0
4517 0
12375 0
12445 0
9437 0
2820 0
2590 0
9285 0
411 0
8980 0
11024 0
1133 0
8433 0
2678 0
5784 0
4899 0
14551 0
575 0
7879 0
5165 0
14094 0
985 0
1517 0
2275 0
6270 0
690 0
2476 0
1101 0
5407 0
5185 0
10692 0
6139 0
12630 0
712 0
493 0
9808 0
4556 0
15352 0
3961 0
2149 0
864 0
796 0
12786 0
95 0
4254 0
1752 0
4255 0
13086 0
5683 0
5705 0
6924 0
2594 0
2859 0
2991 0
5166 0
5717 0
1802 0
10271 0
10595 0
4875 0
7009 0
3808 0
1873 0
3543 0
371 0
2498 0
983 0
3428 0
4560 0
6227 0
3986 0
6268 0
3966 0
9189 0
9201 0
12278 0
4565 0
2209 0
2427 0
11339 0
3397 0
5232 0
11502 0
10385 0
3 0
3356 0
1129 0
12191 0
3457 0
1467 0
3117 0
1619 0
13891 0
257 0
2087 0
3598 0
7036 0
706 0
5188 0
159 0
3590 0
2627 0
3562 0
4067 0
11423 0
3954 0
5392 0
4331 0
10316 0
7285 0
6427 0
2957 0
2469 0
9767 0
10850 0
5602 0
8590 0
8497 0
618 0
330 0
78 0
1164 0
8116 0
1964 0
3392 0
5469 0
3194 0
544 0
1924 0
7783 0
5995 0
2968 0
3876 0
7378 0
6108 0
10099 0
2488 0
614 0
3497 0
15024 0
1094 0
9108 0
9245 0
1282 0
6505 0
4504 0
7261 0
1168 0
12895 0
3864 0
9478 0
7312 0
7258 0
9830 0
5875 0
8014 0
4255 0
3394 0
1954 0
5638 0
1718 0
232 0
6852 0
102 0
11786 0
3224 0
4144 0
2314 0
8327 0
7307 0
3881 0
968 0
11845 0
6117 0
6743 0
4509 0
9226 0
5021 0
6786 0
2865 0
6432 0
3264 0
13592 0
5839 0
1340 0
6817 0
8562 0
1265 0
2815 0
7346 0
7206 0
8769 0
3988 0
959 0
8303 0
8376 0
3219 0
8270 0
6348 0
5356 0
81 0
4799 0
7856 0
2561 0
3918 0
1303 0
4333 0
4048 0
6907 0
13136 0
11623 0
1263 0
6894 0
7425 0
5826 0
3342 0
10151 0
1046 0
5096 0
273 0
890 0
5671 0
9818 0
8985 0
1097 0
11544 0
9183 0
1863 0
9592 0
5937 0
9622 0
3266 0
3992 0
867 0
543 0
549 0
1236 0
5335 0
3507 0
1058 0
10375 0
8497 0
8605 0
1743 0
9091 0
4380 0
3738 0
910 0
3974 0
7391 0
11704 0
10489 0
5896 0
7695 0
12292 0
257 0
14941 0
676 0
2146 0
1776 0
12072 0
4887 0
5815 0
12270 0
15118 0
588 0
12305 0
1572 0
2935 0
12122 0
3899 0
7596 0
2648 0
305 0
9771 0
6089 0
2998 0
822 0
12512 0
3356 0
14280 0
15209 0
6660 0
12003 0
4862 0
6636 0
3028 0
9760 0
3788 0
3895 0
643 0
13405 0
8185 0
11135 0
3686 0
14097 0
1668 0
783 0
13407 0
6546 0
2405 0
12941 0
14311 0
3844 0
46 0
828 0
3003 0
1147 0
4057 0
2752 0
4389 0
6318 0
416 0
6948 0
7393 0
3410 0
551 0
3933 0
12720 0
7383 0
4579 0
5523 0
7072 0
7346 0
1163 0
1630 0
9348 0
394 0
4021 0
9782 0
996 0
243 0
449 0
13645 0
1275 0
2302 0
4775 0
167 0
3734 0
963 0
3090 0
4176 0
10425 0
14385 0
7655 0
7550 0
6736 0
4951 0
1100 0
310 0
9676 0
2571 0
2447 0
9349 0
4605 0
9849 0
7176 0
11047 0
6336 0
6769 0
7152 0
7492 0
3610 0
12879 0
4082 0
182 0
9683 0
3347 0
2518 0
2553 0
11621 0
5692 0
3796 0
555 0
7303 0
8857 0
5768 0
10276 0
4961 0
5214 0
6112 0
7100 0
12261 0
2014 0
5695 0
8963 0
4960 0
4700 0
12420 0
5192 0
5510 0
12414 0
1332 0
1291 0
5237 0
7678 0
6709 0
8819 0
3653 0
7014 0
4457 0
550 0
5766 0
8406 0
7105 0
1885 0
6532 0
6022 0
3279 0
2823 0
2051 0
15198 0
8800 0
8579 0
5494 0
3532 0
8565 0
4936 0
11526 0
10198 0
3388 0
930 0
6244 0
10720 0
4628 0
12942 0
7205 0
1383 0
9870 0
11713 0
3293 0
7890 0
799 0
2054 0
1513 0
1969 0
3501 0
1733 0
4775 0
6453 0
12851 0
2797 0
7901 0
3441 0
6864 0
3689 0
8903 0
2484 0
2584 0
5106 0
7602 0
3782 0
1914 0
5076 0
7093 0
2499 0
584 0
6096 0
4008 0
14991 0
441 0
5829 0
7525 0
12789 0
9527 0
5882 0
13481 0
9279 0
6364 0
7983 0
3993 0
13838 0
7565 0
6530 0
8476 0
1291 0
10654 0
1577 0
1755 0
10599 0
429 0
5196 0
13626 0
375 0
497 0
2737 0
4683 0
15696 0
4321 0
1380 0
10474 0
2183 0
769 0
8237 0
7832 0
337 0
11546 0
3590 0
3107 0
7398 0
11176 0
6020 0
4742 0
245 0
483 0
7726 0
12964 0
789 0
9080 0
5889 0
1589 0
11498 0
1589 0
5616 0
11450 0
8165 0
2654 0
2446 0
9321 0
494 0
5477 0
1917 0
194 0
9595 0
1415 0
5410 0
9188 0
6229 0
659 0
13178 0
3826 0
1915 0
7590 0
1746 0
7748 0
11859 0
7439 0
1624 0
13667 0
320 0
7805 0
1186 0
4983 0
13321 0
11220 0
9675 0
249 0
7051 0
9266 0
3725 0
3118 0
3041 0
8314 0
2928 0
9529 0
1719 0
5691 0
2315 0
8137 0
8013 0
7552 0
4129 0
987 0
3883 0
13071 0
9112 0
7872 0
4706 0
3453 0
39 0
6488 0
8831 0
12577 0
8205 0
3173 0
8549 0
3125 0
2119 0
1789 0
3293 0
230 0
2198 0
103 0
1107 0
7993 0
11939 0
2204 0
6423 0
7307 0
7917 0
2929 0
1497 0
8218 0
10839 0
8833 0
13998 0
12355 0
13272 0
6426 0
7963 0
2292 0
1807 0
10132 0
2922 0
6854 0
5887 0
9073 0
726 0
3788 0
7091 0
6270 0
3229 0
3571 0
4660 0
6379 0
8877 0
509 0
2942 0
9530 0
3579 0
3434 0
6434 0
3801 0
6105 0
14536 0
1082 0
8005 0
9217 0
2441 0
1834 0
7524 0
1749 0
13732 0
1523 0
6545 0
8175 0
1480 0
4605 0
1091 0
9724 0
6031 0
5549 0
481 0
1730 0
4471 0
4354 0
10887 0
4661 0
821 0
11207 0
1082 0
2225 0
3993 0
6900 0
9179 0
9582 0
2030 0
2489 0
4663 0
927 0
7666 0
1854 0
8331 0
786 0
3065 0
4689 0
1474 0
10567 0
12501 0
7889 0
5611 0
7857 0
941 0
5111 0
3956 0
3504 0
6829 0
9528 0
6785 0
6419 0
1006 0
7893 0
2431 0
3662 0
9136 0
1859 0
5233 0
3602 0
8928 0
2820 0
6606 0
1678 0
1826 0
899 0
1489 0
12212 0
11177 0
9850 0
4863 0
4454 0
930 0
12086 0
4730 0
1652 0
1210 0
6987 0
3058 0
4072 0
7531 0
2496 0
8232 0
9153 0
10878 0
1725 0
4050 0
9215 0
2592 0
5920 0
9768 0
1889 0
4725 0
12314 0
4366 0
11102 0
1402 0
10827 0
986 0
3518 0
4977 0
10808 0
880 0
210 0
2841 0
5055 0
804 0
4310 0
2216 0
3584 0
1760 0
10428 0
1418 0
10279 0
10011 0
3217 0
7621 0
6497 0
6591 0
4631 0
8744 0
1819 0
1012 0
5667 0
1496 0
12122 0
8924 0
14410 0
7462 0
3569 0
5284 0
5016 0
3276 0
6172 0
14260 0
8141 0
155 0
3145 0
7454 0
10831 0
9869 0
8810 0
1656 0
12057 0
5315 0
9442 0
2367 0
2083 0
1221 0
6645 0
10581 0
1291 0
5817 0
11023 0
1711 0
9950 0
5695 0
12019 0
5996 0
9450 0
2490 0
3737 0
4730 0
1523 0
8100 0
5007 0
3542 0
96 0
7950 0
3274 0
10827 0
4355 0
2603 0
6055 0
757 0
2783 0
4888 0
5727 0
10556 0
9024 0
4874 0
10171 0
1599 0
1462 0
9940 0
1037 0
1616 0
3041 0
4192 0
11758 0
232 0
1702 0
11769 0
5090 0
766 0
7187 0
9762 0
4982 0
6591 0
4447 0
5509 0
3913 0
8841 0
2311 0
5302 0
14799 0
3956 0
6612 0
7442 0
2235 0
3100 0
6902 0
8408 0
10428 0
195 0
1747 0
905 0
10262 0
3843 0
8864 0
4478 0
6303 0
2116 0
6827 0
13969 0
4274 0
153 0
11392 0
2072 0
4599 0
6793 0
1541 0
1091 0
3363 0
4344 0
8980 0
9728 0
12538 0
10192 0
1880 0
9566 0
198 0
3059 0
1807 0
3461 0
4212 0
9016 0
2563 0
3866 0
3294 0
5828 0
2749 0
725 0
662 0
13633 0
271 0
11894 0
2731 0
14465 0
3785 0
1183 0
11764 0
3623 0
6260 0
11745 0
5635 0
2316 0
5286 0
2944 0
5182 0
6913 0
6163 0
6610 0
2026 0
2884 0
2351 0
5613 0
580 0
534 0
7687 0
9507 0
725 0
6222 0
6694 0
3590 0
815 0
11438 0
10055 0
141 0
5428 0
1253 0
5698 0
1511 0
9075 0
6719 0
11227 0
7153 0
1088 0
16116 0
5728 0
13747 0
10413 0
14142 0
1951 0
700 0
558 0
7302 0
9402 0
13282 0
9957 0
8835 0
3053 0
1006 0
4196 0
1435 0
1970 0
4778 0
2842 0
4753 0
421 0
272 0
10002 0
13259 0
250 0
8546 0
7817 0
1767 0
1538 0
4942 0
10775 0
5557 0
1650 0
8302 0
7579 0
12147 0
3509 0
1116 0
3582 0
5964 0
1405 0
2492 0
11816 0
1217 0
9230 0
14365 0
12023 0
3366 0
5505 0
2682 0
9552 0
1283 0
5919 0
9330 0
633 0
15030 0
5016 0
1013 0
9887 0
10579 0
8152 0
4300 0
8626 0
7154 0
1399 0
7837 0
8241 0
5770 0
7307 0
2818 0
9107 0
320 0
8938 0
13762 0
8048 0
1776 0
8542 0
4911 0
3433 0
14251 0
5792 0
12720 0
1919 0
8878 0
13924 0
11502 0
6933 0
9413 0
6629 0
1551 0
13267 0
15280 0
8926 0
3180 0
5170 0
5277 0
1121 0
1089 0
12913 0
15313 0
3205 0
3727 0
2519 0
2847 0
5982 0
6618 0
12509 0
7045 0
5681 0
3782 0
2429 0
2023 0
3931 0
4728 0
1645 0
3981 0
10001 0
7552 0
837 0
1219 0
13517 0
1839 0
12750 0
1414 0
3766 0
1791 0
6806 0
6158 0
10153 0
6170 0
6398 0
3152 0
1526 0
4699 0
7811 0
2843 0
4234 0
1418 0
5768 0
10469 0
2156 0
726 0
2919 0
1480 0
3927 0
6911 0
10158 0
12557 0
2770 0
3723 0
2175 0
4627 0
10153 0
585 0
7002 0
11219 0
12715 0
13456 0
2425 0
4239 0
7725 0
430 0
11164 0
5865 0
3909 0
56 0
4859 0
1127 0
1681 0
4936 0
1361 0
3135 0
3787 0
7239 0
3690 0
4748 0
4794 0
5910 0
5294 0
3793 0
5004 0
7892 0
8923 0
12872 0
7199 0
3518 0
6535 0
6707 0
1293 0
9502 0
1252 0
3939 0
5928 0
1073 0
10161 0
4658 0
1901 0
1673 0
8567 0
2367 0
5263 0
755 0
6736 0
3023 0
2484 0
10826 0
433 0
3731 0
4033 0
180 0
11697 0
1222 0
6876 0
5059 0
6335 0
4364 0
4839 0
2925 0
6224 0
9685 0
172 0
7371 0
404 0
9941 0
73 0
11732 0
8723 0
5889 0
2053 0
6050 0
4669 0
778 0
5706 0
3505 0
1179 0
7521 0
1451 0
3938 0
3436 0
5790 0
3820 0
823 0
9168 0
1392 0
5002 0
3740 0
943 0
4788 0
7952 0
4656 0
3578 0
7199 0
11897 0
12871 0
1266 0
4444 0
459 0
4424 0
146 0
406 0
9973 0
6471 0
1218 0
5718 0
1528 0
361 0
3087 0
3859 0
929 0
12561 0
8632 0
5120 0
2156 0
7394 0
6538 0
987 0
5486 0
122 0
13529 0
11681 0
13752 0
6051 0
5385 0
3558 0
13915 0
6534 0
2148 0
9044 0
4876 0
1092 0
5718 0
1432 0
7975 0
2534 0
5827 0
3915 0
9468 0
2512 0
8037 0
6268 0
11250 0
164 0
6695 0
2943 0
3169 0
12910 0
10886 0
6671 0
6464 0
1503 0
6466 0
8631 0
47 0
3237 0
5781 0
4093 0
1379 0
8625 0
23 0
2982 0
8752 0
2590 0
1381 0
1766 0
12635 0
9185 0
1143 0
1772 0
1372 0
1625 0
1727 0
4332 0
6147 0
2295 0
4088 0
1289 0
4905 0
1136 0
10055 0
9794 0
6969 0
8946 0
758 0
6557 0
5767 0
10689 0
3194 0
10981 0
2845 0
11235 0
6816 0
8683 0
4133 0
1671 0
4126 0
1739 0
4906 0
11114 0
5134 0
5030 0
4270 0
4297 0
1271 0
11723 0
1435 0
2145 0
6108 0
4383 0
7149 0
9712 0
10519 0
7370 0
3437 0
6240 0
3915 0
3843 0
896 0
1657 0
3919 0
11581 0
6677 0
2906 0
5588 0
4467 0
3772 0
3008 0
10612 0
7281 0
10409 0
371 0
8730 0
1792 0
7227 0
2316 0
3487 0
4536 0
5150 0
5802 0
4772 0
2882 0
742 0
11292 0
4395 0
7510 0
14252 0
1463 0
9153 0
8200 0
9377 0
7696 0
7634 0
6428 0
10562 0
5153 0
10891 0
6125 0
8302 0
1903 0
5440 0
3732 0
14939 0
4016 0
7533 0
7926 0
7086 0
3411 0
10422 0
12734 0
2061 0
921 0
5113 0
3869 0
103 0
10076 0
2497 0
5642 0
951 0
6588 0
5313 0
123 0
3743 0
4610 0
13577 0
2974 0
1598 0
2253 0
14900 0
7407 0
1324 0
5432 0
3965 0
4191 0
11203 0
1875 0
8705 0
8576 0
14844 0
3902 0
3007 0
5147 0
1002 0
9197 0
554 0
7155 0
7450 0
629 0
114 0
7852 0
13411 0
2521 0
3913 0
1987 0
2208 0
969 0
4385 0
2006 0
12148 0
10532 0
4909 0
787 0
1071 0
4334 0
12424 0
1727 0
4275 0
653 0
12675 0
2654 0
7081 0
3574 0
14327 0
10470 0
11056 0
3016 0
461 0
5079 0
9201 0
4546 0
8681 0
8676 0
6562 0
729 0
7381 0
11839 0
9996 0
7490 0
11811 0
10385 0
3950 0
8629 0
3498 0
12211 0
258 0
6153 0
3013 0
6245 0
2545 0
9438 0
3430 0
4788 0
75 0
746 0
12704 0
9045 0
5157 0
961 0
2554 0
12050 0
1822 0
7305 0
11025 0
926 0
1032 0
5654 0
13016 0
3483 0
13572 0
14697 0
2723 0
13481 0
11531 0
7222 0
3267 0
990 0
80 0
4818 0
5595 0
5585 0
2741 0
3898 0
3268 0
312 0
8152 0
6584 0
12184 0
4529 0
72 0
368 0
26 0
2728 0
4015 0
6495 0
9181 0
2822 0
4137 0
2289 0
5607 0
2087 0
389 0
8210 0
5402 0
3662 0
32 0
11893 0
6353 0
6967 0
3624 0
4392 0
2077 0
8184 0
9298 0
4235 0
15510 0
1733 0
5993 0
6333 0
10438 0
761 0
2469 0
6537 0
8020 0
3755 0
8292 0
4401 0
1564 0
8670 0
9590 0
11567 0
10450 0
15729 0
4103 0
11629 0
8364 0
6320 0
4165 0
1864 0
593 0
9507 0
3358 0
7518 0
868 0
11657 0
10979 0
12633 0
7045 0
1859 0
409 0
2067 0
6079 0
5840 0
7012 0
2566 0
11926 0
9854 0
5241 0
8761 0
9388 0
10515 0
1669 0
2931 0
5023 0
3358 0
359 0
390 0
3466 0
5826 0
6347 0
5722 0
6251 0
4324 0
3017 0
9813 0
5901 0
8102 0
13246 0
7549 0
2607 0
2321 0
11156 0
3391 0
14925 0
4578 0
9592 0
6257 0
69 0
6521 0
5955 0
518 0
11284 0
5495 0
9153 0
3051 0
1757 0
13268 0
4261 0
11836 0
2359 0
3744 0
6273 0
1912 0
3782 0
3028 0
6654 0
9743 0
550 0
3036 0
3337 0
8079 0
1388 0
8667 0
2617 0
5020 0
231 0
8689 0
2354 0
8486 0
274 0
8132 0
5891 0
197 0
7613 0
1770 0
4638 0
2306 0
1601 0
1071 0
2526 0
5873 0
6254 0
7803 0
10181 0
6604 0
11674 0
8018 0
1798 0
7253 0
10552 0
3796 0
10003 0
3384 0
13475 0
162 0
9815 0
7857 0
3402 0
5464 0
4118 0
4471 0
1812 0
9631 0
9549 0
2877 0
384 0
704 0
4831 0
2708 0
2836 0
2150 0
12958 0
11169 0
393 0
227 0
2683 0
6864 0
6771 0
3030 0
3072 0
1678 0
12528 0
8109 0
1042 0
8555 0
4435 0
10492 0
1103 0
1354 0
10314 0
6015 0
6230 0
7409 0
4103 0
1775 0
13221 0
6626 0
13879 0
3045 0
4152 0
7452 0
1464 0
6427 0
1839 0
2835 0
746 0
3752 0
865 0
3579 0
4635 0
3218 0
1011 0
6662 0
12463 0
11565 0
12580 0
5294 0
1390 0
2088 0
1609 0
2666 0
5585 0
14251 0
601 0
12369 0
6577 0
626 0
373 0
14577 0
13006 0
8568 0
5729 0
1898 0
4937 0
2875 0
447 0
3428 0
6655 0
12700 0
566 0
9809 0
2697 0
12811 0
3584 0
1506 0
1847 0
3995 0
8968 0
2892 0
2883 0
1742 0
9481 0
2660 0
6692 0
3006 0
1048 0
12409 0
476 0
1261 0
3613 0
1506 0
9770 0
5938 0
3144 0
1451 0
2375 0
1552 0
9308 0
2560 0
10969 0
898 0
7703 0
663 0
4193 0
45 0
11546 0
7265 0
2238 0
10253 0
5905 0
298 0
6348 0
473 0
3823 0
6447 0
9164 0
14670 0
12060 0
3746 0
7435 0
3437 0
7658 0
11983 0
5204 0
6796 0
13111 0
2723 0
11698 0
308 0
2050 0
7807 0
581 0
9077 0
14429 0
13645 0
3487 0
6508 0
4452 0
854 0
3708 0
746 0
5996 0
4104 0
2489 0
10125 0
464 0
6657 0
42 0
4705 0
13540 0
11684 0
3055 0
6265 0
6657 0
11013 0
5676 0
1633 0
1341 0
7312 0
1641 0
11476 0
2267 0
616 0
9821 0
9032 0
202 0
2827 0
4700 0
665 0
5525 0
449 0
11766 0
14912 0
1511 0
2394 0
373 0
8921 0
12918 0
6759 0
15742 0
7578 0
7412 0
4236 0
10240 0
2359 0
12267 0
5911 0
10132 0
3390 0
182 0
1869 0
13186 0
9240 0
5353 0
3015 0
1179 0
5435 0
2564 0
3473 0
3182 0
5162 0
389 0
7953 0
147 0
10792 0
7783 0
7059 0
6332 0
2530 0
6467 0
10957 0
1339 0
4269 0
2442 0
3443 0
282 0
930 0
11504 0
1758 0
3223 0
7489 0
5731 0
2396 0
4123 0
5655 0
3457 0
967 0
491 0
2021 0
13455 0
2741 0
11588 0
9218 0
11644 0
4148 0
12320 0
6785 0
4297 0
13600 0
7897 0
2062 0
1522 0
6579 0
6149 0
2117 0
1213 0
902 0
8338 0
10489 0
6696 0
3179 0
13008 0
3521 0
9579 0
9202 0
985 0
1306 0
9851 0
1518 0
24 0
278 0
2108 0
3888 0
1175 0
3527 0
5811 0
14259 0
8590 0
4761 0
13454 0
12148 0
13787 0
9311 0
13865 0
8227 0
651 0
6723 0
11782 0
14378 0
2453 0
6024 0
1100 0
325 0
884 0
2322 0
3660 0
3087 0
9453 0
2338 0
3155 0
10075 0
15763 0
4466 0
2763 0
3964 0
12012 0
801 0
6232 0
820 0
10553 0
2790 0
4570 0
7107 0
341 0
891 0
7785 0
225 0
3137 0
3491 0
11463 0
15013 0
7736 0
9643 0
14969 0
8857 0
1135 0
4677 0
7109 0
690 0
3091 0
1311 0
1879 0
14901 0
4674 0
686 0
1900 0
2019 0
5011 0
3417 0
8004 0
5314 0
3491 0
4815 0
9432 0
1791 0
3390 0
2077 0
5622 0
2149 0
948 0
3169 0
11820 0
2779 0
1991 0
2987 0
2052 0
5457 0
66 0
2116 0
11058 0
1204 0
7030 0
4752 0
13340 0
11247 0
1361 0
7898 0
2395 0
3989 0
5425 0
9147 0
1351 0
5780 0
4337 0
2670 0
595 0
1008 0
910 0
8419 0
10077 0
15114 0
2057 0
4508 0
2413 0
8447 0
9894 0
7431 0
353 0
3039 0
689 0
9518 0
6618 0
212 0
9263 0
6455 0
8369 0
396 0
5144 0
908 0
8091 0
2695 0
589 0
2612 0
3098 0
911 0
3347 0
11605 0
11158 0
716 0
9851 0
6733 0
7441 0
6401 0
6225 0
5179 0
5233 0
4771 0
7772 0
2123 0
7174 0
2158 0
6554 0
6669 0
2675 0
5139 0
7994 0
4384 0
3131 0
2952 0
2298 0
11417 0
5883 0
14891 0
3861 0
2421 0
15263 0
475 0
10647 0
806 0
5233 0
2229 0
8502 0
3157 0
1670 0
378 0
5408 0
15643 0
5066 0
225 0
459 0
6743 0
1435 0
3746 0
5726 0
232 0
2526 0
2167 0
3756 0
6245 0
1621 0
2481 0
9491 0
4811 0
1444 0
6689 0
1139 0
6791 0
9564 0
9081 0
3037 0
8929 0
10862 0
1670 0
7380 0
12233 0
4918 0
8379 0
1949 0
1459 0
9301 0
605 0
9791 0
11815 0
3766 0
6689 0
2795 0
822 0
8635 0
11930 0
3676 0
4101 0
3794 0
5829 0
4633 0
5554 0
2405 0
6203 0
7036 0
8877 0
12744 0
157 0
2203 0
9558 0
1131 0
1868 0
2194 0
7491 0
1345 0
5487 0
523 0
8223 0
11358 0
8043 0
2665 0
1904 0
6485 0
6960 0
7041 0
6551 0
2235 0
159 0
9022 0
12398 0
12251 0
1868 0
1645 0
9619 0
5579 0
9840 0
4079 0
4240 0
9856 0
10138 0
4317 0
890 0
9060 0
3387 0
1202 0
830 0
325 0
5512 0
1870 0
1915 0
2118 0
4623 0
13473 0
5166 0
3763 0
258 0
3063 0
749 0
1222 0
1112 0
5002 0
5850 0
1776 0
8663 0
841 0
2501 0
6321 0
1690 0
13490 0
10746 0
4973 0
9196 0
5834 0
3818 0
11470 0
1031 0
414 0
8176 0
9657 0
6038 0
2353 0
9317 0
5652 0
2550 0
9100 0
5983 0
2186 0
10973 0
6790 0
7863 0
3660 0
2071 0
4963 0
3276 0
3538 0
6235 0
1996 0
4810 0
2706 0
5929 0
5273 0
5128 0
1199 0
5310 0
268 0
7660 0
7364 0
4961 0
1160 0
12626 0
2598 0
13770 0
1130 0
989 0
3118 0
558 0
9381 0
664 0
5891 0
5123 0
1719 0
7518 0
8454 0
2032 0
10128 0
1377 0
2928 0
6250 0
9123 0
4208 0
1628 0
1755 0
6892 0
765 0
11591 0
11586 0
6546 0
11355 0
5778 0
1518 0
8902 0
590 0
6767 0
2748 0
8393 0
4963 0
2364 0
12011 0
4404 0
1563 0
12016 0
964 0
5732 0
5331 0
3790 0
844 0
7359 0
5356 0
1418 0
4598 0
4153 0
3788 0
3998 0
14650 0
2339 0
3211 0
7856 0
12395 0
3484 0
421 0
6435 0
7676 0
6951 0
47 0
2187 0
6900 0
8141 0
7521 0
721 0
1937 0
795 0
1766 0
5223 0
4117 0
1801 0
12203 0
4509 0
1270 0
4709 0
7259 0
1168 0
1217 0
7258 0
1895 0
308 0
2934 0
2729 0
2866 0
1613 0
5976 0
770 0
7384 0
1705 0
1263 0
2610 0
2526 0
9027 0
7206 0
10871 0
1285 0
1579 0
2507 0
12640 0
631 0
6442 0
12059 0
3826 0
8395 0
2252 0
5249 0
5006 0
10251 0
2693 0
2361 0
2764 0
1471 0
12828 0
8893 0
7719 0
3070 0
7542 0
3514 0
9638 0
6663 0
4793 0
8740 0
2197 0
421 0
10471 0
826 0
1907 0
2617 0
1833 0
5023 0
7398 0
2500 0
15 0
9805 0
7090 0
6102 0
1438 0
354 0
1294 0
14715 0
7644 0
15619 0
6117 0
3919 0
1656 0
9334 0
317 0
1101 0
5644 0
4029 0
6731 0
6964 0
10872 0
2774 0
998 0
4410 0
253 0
6666 0
3462 0
2956 0
8877 0
146 0
19 0
2958 0
8434 0
11908 0
4496 0
3802 0
2893 0
5252 0
2402 0
10367 0
7043 0
1411 0
3636 0
5156 0
13127 0
3600 0
4027 0
10083 0
8186 0
7614 0
7845 0
484 0
1601 0
3357 0
3341 0
3874 0
6022 0
3472 0
884 0
10820 0
4121 0
4705 0
7655 0
668 0
4749 0
6263 0
8196 0
5065 0
3666 0
3180 0
330 0
5098 0
2886 0
9247 0
3145 0
3623 0
5328 0
2701 0
5884 0
4520 0
7694 0
3612 0
4372 0
4001 0
6282 0
2232 0
13739 0
5302 0
3575 0
6954 0
12257 0
2794 0
5231 0
8160 0
1923 0
4488 0
6300 0
3468 0
4916 0
5665 0
2912 0
2893 0
1275 0
8207 0
5652 0
8075 0
11492 0
1673 0
2687 0
9281 0
2083 0
584 0
3080 0
3521 0
8256 0
6322 0
6989 0
454 0
9656 0
843 0
1639 0
11724 0
4398 0
10695 0
1154 0
2733 0
10909 0
7258 0
5464 0
4153 0
1223 0
3542 0
2151 0
5888 0
9182 0
7889 0
9268 0
8005 0
4792 0
12009 0
9359 0
2408 0
4340 0
13933 0
