-23525 0
32258 0
27137 0
14426 0
5716 0
20854 0
-26775 0
23795 0
-31644 0
15166 0
20207 0
-25931 0
13840 0
-32177 0
32071 0
4423 0
3698 0
8367 0
24607 0
30726 0
22880 0
19425 0
16855 0
31973 0
23108 0
19849 0
17297 0
28998 0
25091 0
30099 0
15764 0
-27852 0
25053 0
21687 0
26793 0
28969 0
-25953 0
32385 0
31278 0
28566 0
29776 0
-30148 0
-26863 0
9698 0
29615 0
8642 0
-32740 0
21744 0
-31182 0
-28317 0
22339 0
17199 0
-30840 0
27795 0
25661 0
16278 0
26138 0
32064 0
9807 0
-31800 0
9304 0
25170 0
27403 0
31682 0
12526 0
25274 0
-24284 0
15219 0
30313 0
18164 0
19313 0
24362 0
-25166 0
23218 0
11513 0
11904 0
17658 0
19420 0
19654 0
31931 0
30992 0
31823 0
20958 0
31482 0
20981 0
8794 0
15372 0
19814 0
26646 0
-32039 0
32078 0
14679 0
23702 0
21162 0
26820 0
-27852 0
25819 0
17375 0
12908 0
30340 0
31680 0
-32362 0
24125 0
30498 0
-32592 0
30075 0
21020 0
24835 0
24106 0
-32516 0
-30550 0
28982 0
15105 0
28035 0
27031 0
7576 0
31550 0
-30191 0
30756 0
-27963 0
32196 0
29178 0
10598 0
-30646 0
28275 0
12505 0
27058 0
13812 0
13522 0
7559 0
-30950 0
23754 0
13754 0
15833 0
23842 0
32298 0
12197 0
24796 0
25104 0
-32410 0
4961 0
14142 0
26028 0
14849 0
17378 0
13527 0
32650 0
31644 0
20162 0
22505 0
5592 0
14060 0
7230 0
18309 0
15002 0
28523 0
19646 0
22094 0
23463 0
31269 0
3735 0
21412 0
-31999 0
20919 0
32349 0
7265 0
24662 0
-27255 0
-30572 0
31901 0
23017 0
-32282 0
30412 0
29130 0
30041 0
5885 0
18701 0
21123 0
-27922 0
18060 0
26054 0
29822 0
31259 0
22672 0
7098 0
-32452 0
11408 0
29882 0
21290 0
23447 0
-31526 0
11577 0
-29649 0
28603 0
14285 0
26651 0
26807 0
-30725 0
-32495 0
25072 0
27981 0
30937 0
24038 0
26111 0
31806 0
20348 0
-31172 0
9048 0
13873 0
-30169 0
-29184 0
28613 0
27725 0
21036 0
-31774 0
29366 0
29693 0
26664 0
22540 0
3212 0
30951 0
-24874 0
26034 0
31864 0
32685 0
-32113 0
10849 0
31797 0
17074 0
20693 0
26456 0
11870 0
12299 0
32185 0
-29157 0
21542 0
32740 0
-32667 0
15917 0
28499 0
30158 0
26730 0
25661 0
25818 0
22099 0
-30933 0
12120 0
-29686 0
30239 0
-30615 0
-25734 0
32543 0
31227 0
-30309 0
30351 0
14153 0
25427 0
31277 0
-28072 0
6820 0
14847 0
21910 0
-23996 0
16719 0
-27469 0
-28981 0
25836 0
16440 0
22171 0
17444 0
29619 0
26198 0
-31024 0
-26269 0
-32459 0
-27799 0
-30697 0
32067 0
22430 0
-31690 0
29681 0
19548 0
30785 0
17893 0
4041 0
27046 0
28523 0
25400 0
32574 0
-25015 0
29274 0
-28028 0
12695 0
-21492 0
13639 0
23684 0
-31564 0
-32047 0
12367 0
28068 0
26946 0
27006 0
13313 0
26382 0
-28747 0
21244 0
15343 0
25051 0
27983 0
29888 0
-29664 0
4620 0
11434 0
10639 0
19288 0
21126 0
17075 0
-29018 0
18813 0
32231 0
-21456 0
24923 0
28308 0
16322 0
28733 0
17839 0
22019 0
17837 0
-32573 0
8084 0
-27680 0
27000 0
8115 0
-24220 0
29555 0
32089 0
28781 0
28183 0
3159 0
16974 0
23635 0
12055 0
27515 0
31414 0
24986 0
19298 0
-24375 0
27735 0
-29585 0
-30095 0
12857 0
14390 0
25887 0
24271 0
-25725 0
25246 0
19181 0
15765 0
29597 0
-28384 0
30985 0
23842 0
15279 0
32135 0
24527 0
20972 0
27986 0
27240 0
-26408 0
26093 0
28682 0
20952 0
20096 0
22529 0
25038 0
-23942 0
-26457 0
3799 0
24473 0
24726 0
14135 0
2460 0
28916 0
5886 0
-22510 0
-31857 0
-24804 0
31527 0
17905 0
28653 0
21650 0
21356 0
25799 0
31126 0
20234 0
31078 0
3417 0
27668 0
10932 0
20177 0
32715 0
19386 0
30040 0
29101 0
27628 0
-27314 0
31495 0
29349 0
21454 0
26061 0
14365 0
5608 0
18814 0
-26773 0
16123 0
-32758 0
16190 0
27375 0
-31994 0
13527 0
21345 0
-31496 0
31082 0
21280 0
27995 0
9212 0
-30580 0
-32069 0
-25997 0
4860 0
-31546 0
25849 0
-30094 0
-30361 0
-27564 0
29353 0
-30348 0
24714 0
25283 0
3434 0
9492 0
-31122 0
27866 0
19868 0
-23191 0
19692 0
-30337 0
26894 0
27243 0
14361 0
25974 0
30690 0
23836 0
21139 0
19836 0
18478 0
-25918 0
30674 0
22864 0
18279 0
-32603 0
-31098 0
10768 0
18720 0
12909 0
22379 0
11829 0
31422 0
28712 0
15918 0
-26423 0
29392 0
19818 0
7699 0
30290 0
14681 0
32030 0
23512 0
23779 0
25680 0
30327 0
-32041 0
-32441 0
18317 0
15191 0
-26530 0
18715 0
-25681 0
29195 0
24895 0
27853 0
17237 0
-25282 0
31325 0
-26946 0
30003 0
5317 0
27710 0
21288 0
19681 0
16789 0
-29057 0
20626 0
23216 0
28299 0
14130 0
25072 0
21147 0
27912 0
14642 0
26408 0
29076 0
-31414 0
-25874 0
18796 0
12619 0
-31742 0
-32447 0
-28706 0
21023 0
14354 0
-32521 0
-27133 0
7777 0
26376 0
29399 0
-25898 0
30484 0
-32038 0
14784 0
29065 0
-32042 0
25693 0
31929 0
17028 0
25437 0
29120 0
9800 0
17728 0
-28889 0
28488 0
-27056 0
24624 0
27820 0
32455 0
23845 0
27865 0
25960 0
23474 0
22900 0
10187 0
32355 0
-32563 0
26479 0
-26195 0
22446 0
30841 0
13847 0
-26300 0
-32295 0
30282 0
-32023 0
-30277 0
-29620 0
32116 0
24040 0
23142 0
24636 0
-25355 0
21947 0
32368 0
26966 0
-31417 0
10383 0
-32452 0
24962 0
2997 0
-25258 0
26692 0
-29509 0
23689 0
-23345 0
16565 0
27121 0
27499 0
14136 0
30352 0
14203 0
30145 0
31366 0
16713 0
20794 0
29817 0
3418 0
27489 0
30433 0
9620 0
27015 0
22006 0
32123 0
25273 0
24388 0
-29267 0
24454 0
26034 0
20121 0
29584 0
21057 0
24029 0
29091 0
13912 0
30061 0
6307 0
-24632 0
26733 0
24265 0
18711 0
-25477 0
13179 0
25023 0
27970 0
28689 0
10012 0
29056 0
14448 0
17944 0
25292 0
28197 0
-31593 0
16829 0
-31340 0
12079 0
26915 0
14779 0
-31091 0
15982 0
18169 0
31613 0
22355 0
15245 0
29149 0
13264 0
-32574 0
26104 0
27810 0
-27132 0
-27383 0
31491 0
23497 0
17382 0
27665 0
23222 0
17533 0
21169 0
28384 0
17806 0
-31423 0
14923 0
-28634 0
-32575 0
32378 0
-26034 0
23782 0
-30885 0
18331 0
11483 0
-29693 0
-32245 0
21485 0
21528 0
28196 0
15363 0
-28985 0
28667 0
22788 0
25356 0
-25177 0
29737 0
23192 0
32262 0
27382 0
29078 0
24714 0
19494 0
7664 0
12256 0
-26549 0
28211 0
29264 0
14579 0
14191 0
-25205 0
-28928 0
7632 0
10747 0
11486 0
2350 0
22865 0
27692 0
9245 0
32732 0
2835 0
16263 0
28320 0
21294 0
23142 0
22754 0
29348 0
-31247 0
12580 0
26678 0
20880 0
31332 0
22965 0
28334 0
17820 0
18832 0
28818 0
-27648 0
22982 0
7709 0
19685 0
25597 0
13033 0
20187 0
24012 0
2716 0
29580 0
11286 0
31141 0
-28725 0
-29946 0
24336 0
24046 0
26778 0
-25648 0
27577 0
11507 0
27423 0
8207 0
-27575 0
-31484 0
-31395 0
27868 0
-25750 0
23954 0
28164 0
-30298 0
31530 0
26777 0
14210 0
21702 0
7440 0
23815 0
13923 0
16771 0
19549 0
17228 0
23149 0
19775 0
24551 0
7691 0
9343 0
10563 0
28385 0
14531 0
25225 0
29654 0
15153 0
18307 0
16430 0
29526 0
21360 0
-28233 0
31947 0
31087 0
19607 0
-31702 0
30816 0
30565 0
25190 0
28174 0
-29966 0
-26990 0
31419 0
9104 0
23429 0
16816 0
29672 0
32261 0
-26813 0
29487 0
-27089 0
18452 0
-32668 0
-30183 0
22579 0
14875 0
-31015 0
16351 0
12641 0
-31092 0
-29351 0
24928 0
26392 0
31665 0
-30478 0
23752 0
14910 0
22324 0
30944 0
-28780 0
10475 0
28505 0
-27364 0
23725 0
28579 0
27333 0
21541 0
22623 0
20652 0
22387 0
14965 0
28927 0
29383 0
25532 0
3382 0
12931 0
24433 0
-31416 0
23479 0
21820 0
-32630 0
31982 0
32646 0
6041 0
30453 0
27142 0
22097 0
18726 0
-25792 0
10073 0
25415 0
32743 0
14869 0
-25794 0
21701 0
31621 0
8957 0
23763 0
-28775 0
21062 0
32595 0
31454 0
26004 0
30366 0
13929 0
26266 0
17082 0
-23820 0
19004 0
10234 0
26497 0
-30835 0
-23634 0
-28780 0
19838 0
22577 0
-25881 0
22402 0
23572 0
19223 0
24141 0
4487 0
30868 0
14431 0
20191 0
30490 0
16457 0
-29571 0
21974 0
18620 0
26600 0
30117 0
15261 0
16330 0
3807 0
24850 0
12390 0
23930 0
24779 0
10410 0
21371 0
11595 0
22463 0
23488 0
14243 0
-32317 0
22584 0
16911 0
-24848 0
32513 0
9691 0
-30911 0
31304 0
18995 0
17102 0
30883 0
32281 0
15219 0
-27756 0
16512 0
18645 0
15341 0
27925 0
22136 0
21698 0
17988 0
-28267 0
12863 0
30856 0
-29643 0
-21759 0
31273 0
27964 0
30355 0
28551 0
27426 0
29888 0
31401 0
12752 0
11679 0
-28986 0
2628 0
22372 0
25480 0
-21498 0
21769 0
17110 0
25005 0
26784 0
27854 0
4429 0
-31260 0
23250 0
29645 0
-23579 0
27392 0
-29815 0
-31461 0
24878 0
25094 0
13210 0
17599 0
18295 0
24938 0
23407 0
27934 0
14688 0
13033 0
32273 0
-24376 0
-30653 0
28443 0
27749 0
16393 0
7019 0
23847 0
32242 0
-28787 0
12667 0
30622 0
-32071 0
22845 0
30519 0
18013 0
14800 0
17836 0
-29124 0
24210 0
12756 0
-27178 0
30173 0
25279 0
-32044 0
12194 0
19021 0
27351 0
-22275 0
-32298 0
14929 0
11483 0
31561 0
19749 0
-29655 0
27167 0
29623 0
-29724 0
30052 0
25211 0
-32563 0
28044 0
7829 0
23013 0
19656 0
-32400 0
30433 0
31463 0
23593 0
4026 0
16605 0
14622 0
11270 0
13989 0
-27183 0
11390 0
17609 0
-24126 0
9901 0
32515 0
30895 0
27628 0
-25661 0
-28536 0
-29897 0
13935 0
7033 0
18800 0
11965 0
21788 0
32284 0
14116 0
15136 0
19279 0
-31526 0
26871 0
24518 0
21770 0
25960 0
12304 0
8319 0
19506 0
23073 0
15031 0
8139 0
-27384 0
12678 0
12962 0
7521 0
26320 0
-23144 0
-30243 0
22313 0
32411 0
28947 0
10054 0
25583 0
16804 0
30717 0
8935 0
14947 0
16312 0
-32031 0
15437 0
-31100 0
28205 0
-26416 0
30078 0
32474 0
13174 0
18013 0
26236 0
32680 0
25653 0
19996 0
31335 0
5904 0
-30959 0
-22352 0
16978 0
8787 0
21025 0
28977 0
23040 0
6256 0
-29457 0
22758 0
29662 0
32100 0
13946 0
-31911 0
20213 0
30583 0
29668 0
27165 0
12942 0
28350 0
18489 0
6762 0
31807 0
23210 0
32191 0
29331 0
25317 0
8751 0
29560 0
19667 0
26891 0
22611 0
19001 0
32630 0
22273 0
6885 0
-30094 0
21863 0
16739 0
32744 0
26825 0
-32481 0
26733 0
20993 0
3872 0
23508 0
26457 0
-32279 0
24216 0
15834 0
14731 0
26699 0
-21440 0
21643 0
18253 0
26138 0
30347 0
-25319 0
16243 0
26424 0
30596 0
27505 0
-24889 0
16478 0
28502 0
-30485 0
21290 0
24569 0
23035 0
26424 0
30409 0
-29825 0
29165 0
10534 0
-32311 0
-31952 0
-26307 0
19572 0
21701 0
-22788 0
-30643 0
18114 0
26659 0
-22734 0
10459 0
25054 0
19139 0
28989 0
6515 0
6184 0
28685 0
19979 0
28048 0
-28355 0
31835 0
13561 0
-30906 0
-27669 0
-26518 0
11598 0
25457 0
25924 0
7621 0
26303 0
28029 0
29197 0
-29713 0
25721 0
20912 0
6939 0
18850 0
7713 0
15711 0
30729 0
-31544 0
29315 0
29208 0
23389 0
29713 0
26513 0
29281 0
14449 0
-31663 0
32400 0
26854 0
3675 0
-26401 0
12689 0
5170 0
28194 0
21508 0
-30826 0
27718 0
16274 0
-27441 0
22155 0
-29748 0
8239 0
26129 0
27658 0
-32657 0
27272 0
13609 0
27505 0
-28509 0
31310 0
9616 0
26698 0
28708 0
32514 0
23971 0
30598 0
26859 0
11320 0
17352 0
25638 0
7884 0
22354 0
9345 0
-31543 0
28094 0
26632 0
10310 0
-23763 0
-23501 0
12855 0
29397 0
-27650 0
4569 0
19236 0
21760 0
8549 0
12514 0
30012 0
31565 0
15161 0
11620 0
26161 0
6299 0
28411 0
27396 0
17088 0
26409 0
6597 0
-32595 0
30244 0
12825 0
-26904 0
30319 0
29337 0
31571 0
-24752 0
16357 0
31397 0
28311 0
26734 0
-25680 0
27538 0
29855 0
14531 0
31976 0
31540 0
23041 0
-29389 0
-25120 0
7333 0
8366 0
20809 0
-24589 0
-28319 0
15348 0
32423 0
11838 0
-30756 0
-31537 0
29922 0
3340 0
19920 0
-31680 0
32075 0
23078 0
31728 0
23750 0
24322 0
25434 0
24441 0
19037 0
20467 0
14296 0
23407 0
20016 0
-30146 0
14344 0
20542 0
-26355 0
19115 0
21935 0
-32388 0
31270 0
-32589 0
-21335 0
30165 0
8724 0
21446 0
24652 0
25092 0
31438 0
11433 0
-30740 0
1140 0
-29965 0
14666 0
24321 0
20216 0
20211 0
-24394 0
25243 0
22971 0
26309 0
26312 0
24713 0
22007 0
25193 0
15344 0
18344 0
19404 0
18948 0
31718 0
6572 0
30943 0
-32446 0
-28833 0
26035 0
12331 0
-23900 0
11541 0
28519 0
-32154 0
24338 0
25036 0
-30550 0
29413 0
31303 0
18276 0
-28015 0
10260 0
17658 0
17457 0
19623 0
26882 0
23441 0
18002 0
31006 0
13405 0
29600 0
16290 0
21846 0
22801 0
27135 0
29975 0
17900 0
25031 0
27327 0
31752 0
24212 0
-30569 0
16970 0
27472 0
31274 0
-21497 0
27527 0
23511 0
5405 0
30177 0
17613 0
30317 0
24102 0
31621 0
16914 0
-22603 0
22369 0
25331 0
18723 0
18788 0
-31781 0
24397 0
-26658 0
28795 0
31037 0
13547 0
26556 0
28003 0
26471 0
-22311 0
10415 0
32441 0
22359 0
25297 0
20014 0
22674 0
7185 0
27993 0
21095 0
-22804 0
19638 0
25562 0
24146 0
11899 0
-28793 0
27648 0
19712 0
-31902 0
5234 0
18786 0
25052 0
20451 0
30304 0
-24919 0
-31466 0
25254 0
19686 0
28363 0
-32030 0
6674 0
-25702 0
13418 0
21898 0
-28763 0
28369 0
23832 0
-24133 0
14911 0
13501 0
24261 0
-27928 0
19189 0
28679 0
-28127 0
29658 0
12337 0
-27902 0
23353 0
29324 0
23953 0
24896 0
19473 0
11225 0
5218 0
-23456 0
15580 0
-29121 0
-30447 0
10178 0
29613 0
29224 0
21437 0
-32752 0
11769 0
27304 0
20560 0
16192 0
-29077 0
-30997 0
-28033 0
8123 0
9686 0
27326 0
-27625 0
22671 0
5234 0
-29355 0
21127 0
21388 0
27742 0
-26964 0
22233 0
28279 0
15300 0
-30143 0
32664 0
7821 0
-28225 0
18025 0
32728 0
22481 0
7112 0
21756 0
20250 0
22897 0
22250 0
32526 0
-32719 0
21737 0
24224 0
19273 0
-25195 0
9942 0
18561 0
28811 0
31941 0
24838 0
31668 0
-26706 0
15218 0
25972 0
4357 0
22776 0
-26248 0
11640 0
-25589 0
13056 0
31628 0
-31509 0
28204 0
-32469 0
7486 0
20162 0
27041 0
26038 0
18481 0
3479 0
16832 0
-29424 0
28776 0
25450 0
13620 0
-26704 0
28417 0
-31516 0
20258 0
-30621 0
17047 0
30632 0
11408 0
13485 0
16489 0
30356 0
30671 0
12620 0
27552 0
5449 0
-28779 0
17394 0
10651 0
1940 0
23907 0
12964 0
10385 0
14918 0
15405 0
-32175 0
12956 0
7918 0
16123 0
-24870 0
-26933 0
-29086 0
28648 0
28267 0
-32540 0
23555 0
-30760 0
-32022 0
12436 0
30998 0
8907 0
17502 0
32356 0
-24740 0
3072 0
29865 0
21005 0
-24127 0
29934 0
27619 0
15693 0
-31756 0
5453 0
29263 0
14532 0
32512 0
29273 0
-28979 0
21948 0
-27019 0
7815 0
25134 0
-32701 0
27698 0
-23050 0
15376 0
21757 0
8589 0
23637 0
-25232 0
28133 0
18252 0
24498 0
27392 0
-24183 0
-32109 0
20597 0
31579 0
13504 0
20557 0
27690 0
19373 0
18086 0
5595 0
-30451 0
-31265 0
13553 0
27040 0
23600 0
10352 0
20448 0
16721 0
15471 0
21424 0
14627 0
26374 0
24975 0
15633 0
26383 0
28718 0
-28438 0
28217 0
-29097 0
32115 0
20919 0
18970 0
-27548 0
21202 0
20708 0
-27345 0
-27704 0
31627 0
10468 0
21509 0
-29606 0
28457 0
9902 0
25738 0
6640 0
-25433 0
29245 0
24994 0
13098 0
-30248 0
12395 0
25271 0
32615 0
10168 0
21458 0
12388 0
11896 0
-29286 0
-32018 0
31559 0
16216 0
-30454 0
28904 0
29150 0
30053 0
17455 0
-31785 0
31094 0
18772 0
28887 0
-30960 0
26598 0
18682 0
3768 0
19438 0
24645 0
12271 0
25463 0
32132 0
28721 0
6786 0
26375 0
26006 0
22773 0
15765 0
19416 0
-32532 0
25470 0
-30367 0
24816 0
32332 0
11984 0
-22672 0
3409 0
31256 0
-31279 0
6909 0
-30920 0
31778 0
29592 0
28380 0
-28397 0
15317 0
-28028 0
24699 0
24042 0
-30198 0
28619 0
30473 0
31225 0
23833 0
14752 0
18884 0
15303 0
18099 0
21955 0
8115 0
-29437 0
-32519 0
13804 0
14686 0
24965 0
24208 0
22527 0
23492 0
-27988 0
30204 0
28693 0
12601 0
-32719 0
15549 0
30679 0
8737 0
30008 0
31719 0
-24794 0
-31397 0
32298 0
30970 0
-32278 0
28417 0
12804 0
23116 0
24344 0
-28647 0
18369 0
22993 0
31438 0
26486 0
20264 0
-31732 0
18419 0
-32485 0
32129 0
26218 0
-31787 0
-32129 0
14387 0
31672 0
26082 0
17166 0
22246 0
-26292 0
-27756 0
5241 0
23602 0
-30846 0
31408 0
13146 0
-30732 0
6233 0
30689 0
6380 0
30766 0
27012 0
-27614 0
-31205 0
9302 0
-28833 0
26009 0
22955 0
-29335 0
30665 0
29595 0
30408 0
11401 0
27451 0
2683 0
8666 0
5449 0
16529 0
32172 0
16897 0
29173 0
-28836 0
29584 0
26530 0
-28214 0
14513 0
21801 0
15420 0
13906 0
24717 0
-28679 0
-29973 0
21378 0
-30749 0
-24998 0
23198 0
-24209 0
12246 0
23160 0
32466 0
-29531 0
31189 0
28762 0
-31124 0
-23390 0
28544 0
-29348 0
24004 0
19605 0
-31699 0
29463 0
24514 0
16700 0
20445 0
27356 0
32092 0
27060 0
23837 0
-27219 0
11245 0
-24432 0
-21655 0
21037 0
-30898 0
32247 0
24961 0
9167 0
31687 0
32347 0
15783 0
18243 0
-26977 0
24212 0
-27996 0
27759 0
-25952 0
23759 0
26150 0
-25281 0
28777 0
27826 0
-26002 0
-25636 0
14445 0
12815 0
11341 0
26037 0
14470 0
23838 0
22046 0
30098 0
19352 0
26377 0
26598 0
30054 0
25588 0
3041 0
26301 0
-26062 0
27182 0
21416 0
28780 0
30670 0
28768 0
22324 0
5423 0
-31666 0
23900 0
23275 0
27934 0
20834 0
6831 0
5218 0
-26761 0
6318 0
22512 0
13781 0
9815 0
29125 0
30778 0
13710 0
14171 0
29185 0
-24299 0
31407 0
28778 0
25737 0
24095 0
23573 0
25027 0
32552 0
18820 0
31845 0
30479 0
26843 0
-31708 0
20493 0
-28781 0
-32531 0
-32536 0
29981 0
25928 0
24476 0
-29466 0
26480 0
13105 0
26929 0
17892 0
32064 0
16228 0
-28425 0
23871 0
16417 0
12375 0
22564 0
25344 0
23441 0
-31851 0
28627 0
20630 0
30716 0
-30738 0
-30697 0
20012 0
30039 0
-30467 0
-31992 0
30725 0
-29235 0
18129 0
15728 0
-27397 0
22978 0
22698 0
24936 0
27301 0
22344 0
29769 0
16404 0
23770 0
18592 0
12898 0
25295 0
-30047 0
-31471 0
6994 0
-31241 0
29678 0
24171 0
18741 0
21636 0
-23267 0
27996 0
25155 0
-32483 0
18043 0
32312 0
28944 0
-29372 0
30554 0
16821 0
9324 0
19751 0
30679 0
15023 0
-29270 0
27036 0
26950 0
28685 0
-28370 0
22438 0
25896 0
18214 0
14597 0
30006 0
28027 0
29385 0
31941 0
31225 0
32515 0
-28878 0
28311 0
-32594 0
9845 0
23664 0
24256 0
30988 0
31436 0
23937 0
25290 0
21842 0
12850 0
14818 0
18410 0
31778 0
31342 0
2880 0
25083 0
20896 0
-22862 0
13298 0
22040 0
24937 0
-27168 0
32697 0
30965 0
-25859 0
-30738 0
-32106 0
24514 0
22679 0
-24476 0
24547 0
22429 0
25192 0
23948 0
-28593 0
6593 0
10702 0
30179 0
25604 0
29720 0
-25870 0
29429 0
9127 0
22496 0
30884 0
-21659 0
22766 0
17986 0
-31762 0
15963 0
16992 0
-31219 0
26898 0
-32685 0
31942 0
26320 0
10887 0
30391 0
31437 0
25136 0
-32376 0
17212 0
8818 0
32187 0
-28797 0
5320 0
-30548 0
20869 0
15661 0
31875 0
8788 0
16756 0
-29932 0
-30388 0
21052 0
25172 0
32062 0
2691 0
15326 0
23895 0
6869 0
26598 0
15579 0
22180 0
-29643 0
31422 0
30168 0
-25163 0
26133 0
16250 0
23933 0
32598 0
23234 0
-29134 0
-31491 0
12675 0
-24921 0
13826 0
23126 0
11332 0
32693 0
-26608 0
-29224 0
-27721 0
8681 0
20449 0
-29106 0
26301 0
10405 0
22909 0
24309 0
26914 0
-29316 0
7080 0
22100 0
31965 0
22864 0
24943 0
-29838 0
28068 0
27914 0
30289 0
-24843 0
-29775 0
-29394 0
15464 0
27663 0
4629 0
31596 0
28485 0
-26550 0
-29277 0
18390 0
25148 0
26287 0
16575 0
5051 0
30101 0
10783 0
21970 0
-32757 0
6787 0
30393 0
-27971 0
23300 0
-32327 0
27481 0
31983 0
28963 0
21674 0
23895 0
-30269 0
-29322 0
-26682 0
-30824 0
-29006 0
19706 0
-32674 0
27955 0
18197 0
31044 0
13204 0
30427 0
22234 0
32625 0
14300 0
21358 0
-29939 0
25837 0
12235 0
10471 0
28946 0
19209 0
32585 0
20407 0
24073 0
-30311 0
28507 0
13966 0
26629 0
17972 0
25969 0
-23314 0
13745 0
-29096 0
31589 0
8200 0
16249 0
25094 0
12943 0
-24905 0
4981 0
18623 0
30351 0
30695 0
28270 0
10351 0
31144 0
21224 0
-31703 0
4193 0
18252 0
14829 0
17612 0
-27667 0
13371 0
20102 0
-30973 0
5380 0
8586 0
21929 0
24095 0
30158 0
29113 0
11852 0
25717 0
17238 0
3397 0
31608 0
28637 0
24020 0
25792 0
10092 0
16950 0
26028 0
32470 0
-29538 0
23280 0
21187 0
23007 0
20836 0
26774 0
12812 0
28688 0
26919 0
-28687 0
26378 0
31043 0
21166 0
30130 0
30065 0
31666 0
28802 0
26523 0
14487 0
11180 0
29463 0
18351 0
24128 0
11329 0
26784 0
27797 0
22500 0
-29714 0
-31840 0
-30946 0
29460 0
23552 0
13679 0
-31168 0
31456 0
29568 0
26511 0
23994 0
21587 0
20657 0
32401 0
14908 0
23721 0
29460 0
-28663 0
25977 0
21198 0
-28192 0
27483 0
21065 0
-27441 0
14286 0
28122 0
-27380 0
30915 0
31627 0
9702 0
-28968 0
29396 0
-32271 0
21675 0
-29052 0
29536 0
19715 0
17765 0
18243 0
16640 0
21844 0
8262 0
15941 0
14823 0
-31219 0
12481 0
-31396 0
-29679 0
12399 0
-30172 0
29685 0
26493 0
22469 0
-30566 0
31218 0
-32564 0
26596 0
16988 0
-28851 0
31093 0
-24139 0
27227 0
17754 0
22982 0
29128 0
32565 0
19597 0
-23556 0
30792 0
11187 0
11875 0
31528 0
-29028 0
-28919 0
25680 0
25184 0
-26795 0
21785 0
26106 0
12066 0
10825 0
7923 0
27811 0
-32199 0
26929 0
30435 0
-28540 0
25873 0
-32176 0
29117 0
-31135 0
27185 0
-29596 0
15022 0
20862 0
21704 0
16354 0
24942 0
28684 0
16930 0
28586 0
-30423 0
11421 0
-31404 0
23050 0
21953 0
19460 0
32035 0
28177 0
30010 0
26960 0
-27893 0
28326 0
14268 0
28781 0
15586 0
6357 0
-27674 0
17259 0
26575 0
11975 0
22992 0
-29439 0
11130 0
14415 0
-30288 0
-31618 0
25954 0
23969 0
-29333 0
20755 0
24161 0
30569 0
19300 0
20900 0
-29066 0
13336 0
31268 0
-22756 0
31795 0
21854 0
24002 0
16471 0
17835 0
21281 0
24951 0
31060 0
24096 0
27625 0
14847 0
-30487 0
24461 0
24999 0
31227 0
30049 0
31232 0
20473 0
-23557 0
24060 0
12352 0
31475 0
8921 0
22770 0
19719 0
29798 0
6803 0
9971 0
17290 0
31454 0
-32508 0
-28485 0
-29862 0
28150 0
27864 0
19855 0
-32005 0
21494 0
14079 0
16508 0
29148 0
16577 0
14031 0
15809 0
22699 0
11838 0
8838 0
6523 0
-26016 0
15103 0
-30549 0
25026 0
-24456 0
11851 0
28373 0
-25723 0
11187 0
30964 0
-32249 0
24231 0
28809 0
23125 0
9958 0
-32621 0
22992 0
17542 0
30038 0
28526 0
14487 0
30018 0
24812 0
7128 0
32333 0
24207 0
29730 0
13259 0
25810 0
-30170 0
29086 0
24121 0
-31803 0
-32670 0
10992 0
31909 0
15209 0
24121 0
28509 0
31293 0
21975 0
-32044 0
23268 0
28238 0
-20922 0
19280 0
-26921 0
29238 0
-23560 0
25857 0
18470 0
31924 0
26332 0
26786 0
-27279 0
28272 0
25022 0
12708 0
16467 0
28296 0
11159 0
21290 0
13433 0
-32695 0
25613 0
6222 0
24850 0
-31090 0
-26942 0
29176 0
31677 0
22580 0
15100 0
27859 0
15218 0
-29698 0
25738 0
19638 0
-31707 0
24165 0
-30900 0
16112 0
13403 0
14325 0
31589 0
8684 0
30415 0
-28624 0
4738 0
26100 0
-25453 0
-24841 0
24525 0
15410 0
8331 0
-30317 0
11652 0
29843 0
-31376 0
19215 0
-23139 0
29683 0
20152 0
30873 0
-29771 0
27331 0
25832 0
30263 0
26382 0
25236 0
27171 0
24301 0
23030 0
31047 0
12462 0
28247 0
32263 0
32021 0
-25239 0
-31559 0
29978 0
-31507 0
19107 0
30085 0
-24992 0
29665 0
-28463 0
22014 0
27882 0
-24802 0
-28001 0
21719 0
30873 0
20507 0
13493 0
-26477 0
-22040 0
-32184 0
-32712 0
29188 0
-32567 0
10861 0
29425 0
-26402 0
-22156 0
13096 0
31186 0
8347 0
15869 0
25030 0
30159 0
-24970 0
23168 0
23400 0
26095 0
15998 0
22940 0
19864 0
13104 0
21823 0
27638 0
28450 0
-30685 0
5838 0
14407 0
-27220 0
32593 0
-25394 0
12380 0
16609 0
21171 0
19682 0
25471 0
31067 0
17659 0
19810 0
31651 0
12364 0
13105 0
-29572 0
10874 0
23127 0
24684 0
-31383 0
-31113 0
12923 0
32620 0
22880 0
26819 0
32459 0
29584 0
31925 0
-24762 0
20472 0
14949 0
12961 0
21811 0
-28145 0
26542 0
26004 0
31639 0
-25868 0
-28095 0
11929 0
22663 0
22236 0
9422 0
31109 0
32227 0
26395 0
8551 0
21946 0
3877 0
6342 0
21082 0
5896 0
11404 0
32357 0
22561 0
10830 0
13935 0
20956 0
19457 0
24841 0
16866 0
15280 0
-30995 0
30784 0
-25037 0
26617 0
21985 0
22551 0
32225 0
8924 0
30112 0
16654 0
21979 0
16427 0
25284 0
-29718 0
25890 0
9581 0
28530 0
-31836 0
26582 0
29084 0
21999 0
28961 0
17129 0
29006 0
-30841 0
2013 0
-32279 0
-32261 0
4004 0
-26559 0
10536 0
31457 0
26917 0
27076 0
25892 0
27840 0
9162 0
19759 0
27494 0
25395 0
26843 0
7784 0
-28046 0
2361 0
-32441 0
28750 0
27000 0
32542 0
27545 0
30524 0
9796 0
-32594 0
30534 0
13662 0
-31835 0
12422 0
13664 0
13880 0
20294 0
26589 0
26176 0
31370 0
29049 0
30174 0
24692 0
-32560 0
26663 0
-30987 0
31972 0
28804 0
20024 0
-28994 0
-26743 0
4224 0
19968 0
2580 0
13325 0
2783 0
20563 0
-28529 0
31281 0
17019 0
31504 0
9359 0
20409 0
21297 0
11510 0
20921 0
-30085 0
31809 0
21363 0
19085 0
21554 0
24013 0
20127 0
17351 0
31954 0
-24817 0
-29151 0
-27573 0
28512 0
-31423 0
15296 0
-22949 0
18640 0
29385 0
29470 0
21736 0
20067 0
18128 0
24078 0
27437 0
22602 0
-32008 0
19254 0
29330 0
19459 0
25619 0
23514 0
-28452 0
17431 0
21051 0
11456 0
26224 0
-27146 0
32519 0
21341 0
21975 0
21015 0
27971 0
25004 0
22828 0
12925 0
26648 0
12936 0
25009 0
30182 0
7200 0
14740 0
-31431 0
11987 0
19686 0
6092 0
-28314 0
29776 0
10494 0
28930 0
25069 0
21646 0
23314 0
19523 0
22208 0
30093 0
11779 0
32629 0
28437 0
10427 0
30350 0
28854 0
19883 0
-29934 0
26932 0
28457 0
32717 0
-29710 0
11895 0
-32315 0
14785 0
-30720 0
27891 0
31991 0
11803 0
26053 0
23943 0
31801 0
17823 0
-27548 0
30580 0
23750 0
29522 0
20407 0
19571 0
32587 0
-32411 0
23072 0
21286 0
17899 0
23023 0
-31493 0
31458 0
27023 0
20012 0
27695 0
29973 0
27479 0
10214 0
26284 0
31764 0
-28799 0
-32046 0
11155 0
30841 0
26131 0
10686 0
31921 0
30287 0
28064 0
-28486 0
3121 0
27276 0
21623 0
-30129 0
25226 0
20305 0
28345 0
16814 0
22409 0
-32254 0
18334 0
4143 0
-29678 0
20219 0
28308 0
-23602 0
29681 0
30572 0
-31836 0
31776 0
31855 0
-29230 0
31499 0
-29162 0
16570 0
-31361 0
25761 0
29087 0
16151 0
30735 0
29614 0
-21925 0
21878 0
-31621 0
-29155 0
-31112 0
14201 0
-31251 0
-27240 0
16696 0
15169 0
16828 0
31727 0
18536 0
-28896 0
11962 0
27690 0
8727 0
19304 0
-32444 0
27464 0
28177 0
21810 0
-25919 0
28232 0
28258 0
14337 0
-21964 0
26282 0
17748 0
26014 0
24033 0
12827 0
-28164 0
16822 0
26305 0
31011 0
-22595 0
13673 0
26147 0
26771 0
22464 0
32198 0
5570 0
32279 0
22809 0
32037 0
13605 0
30983 0
-28069 0
26399 0
24325 0
6853 0
9548 0
24974 0
23155 0
25260 0
-28958 0
31182 0
17198 0
4717 0
16207 0
21751 0
-25348 0
21320 0
14744 0
2367 0
-30674 0
12917 0
23120 0
12031 0
-22645 0
-28570 0
-30716 0
26313 0
18779 0
27690 0
32176 0
25951 0
-29832 0
27056 0
30081 0
5979 0
27431 0
-30568 0
32332 0
31748 0
-30887 0
32391 0
27331 0
25884 0
24805 0
-30743 0
11605 0
18263 0
12046 0
25618 0
23681 0
-27426 0
30574 0
18005 0
31633 0
16573 0
-29152 0
30098 0
15041 0
32181 0
20600 0
-24814 0
11065 0
32161 0
-27381 0
5204 0
16581 0
28948 0
-26938 0
29418 0
-23400 0
-24654 0
26008 0
-23432 0
31924 0
24794 0
28050 0
29060 0
21302 0
-32032 0
24771 0
20922 0
12686 0
18740 0
28527 0
18555 0
25441 0
29003 0
-26105 0
13635 0
6423 0
26763 0
21210 0
26127 0
16273 0
28552 0
-30292 0
17459 0
31295 0
30448 0
21592 0
20415 0
7320 0
-31993 0
32661 0
19203 0
1909 0
-31039 0
30115 0
21501 0
27941 0
17895 0
27504 0
25612 0
30201 0
31663 0
-22875 0
23565 0
20960 0
31502 0
31052 0
24539 0
8950 0
32760 0
27954 0
16776 0
28066 0
-32324 0
27399 0
-32629 0
26980 0
-26347 0
31310 0
-21635 0
23332 0
-29132 0
-29911 0
18877 0
25735 0
21000 0
8605 0
31722 0
25612 0
32667 0
21775 0
-26238 0
-30145 0
-26157 0
21200 0
14931 0
20841 0
24876 0
29933 0
23045 0
32714 0
16955 0
-27437 0
27531 0
22728 0
-30545 0
-32439 0
29805 0
18570 0
13221 0
17429 0
26257 0
30345 0
27023 0
20279 0
30360 0
25469 0
28991 0
22529 0
24701 0
13383 0
29412 0
22686 0
26982 0
-26582 0
31723 0
24933 0
31686 0
-31586 0
14656 0
-22125 0
16798 0
26616 0
19762 0
29348 0
-31703 0
30892 0
23433 0
-30215 0
28747 0
-32361 0
9753 0
21444 0
-28047 0
20317 0
-26322 0
27098 0
29627 0
20238 0
16053 0
30104 0
16320 0
21142 0
31991 0
16210 0
25654 0
21052 0
25768 0
26993 0
28034 0
22364 0
32322 0
25104 0
-32353 0
13449 0
26303 0
19766 0
31279 0
25536 0
3706 0
26853 0
24024 0
21430 0
15355 0
30339 0
8205 0
12799 0
20786 0
28063 0
28578 0
-31868 0
28277 0
-29463 0
25505 0
7053 0
26091 0
30303 0
20171 0
-31942 0
13989 0
-25260 0
3486 0
-32732 0
27402 0
23208 0
16203 0
29585 0
23624 0
7672 0
-32484 0
-32703 0
22863 0
14945 0
29414 0
20475 0
25698 0
9298 0
30762 0
-27189 0
-32076 0
10104 0
30469 0
7663 0
30076 0
28553 0
24613 0
32313 0
27548 0
-27823 0
-29736 0
26596 0
28085 0
24240 0
-29965 0
-32630 0
14862 0
-26550 0
-32259 0
17199 0
29987 0
13770 0
6888 0
-27284 0
29052 0
-26690 0
21251 0
17845 0
22912 0
6812 0
-31221 0
13897 0
31136 0
4247 0
23327 0
19034 0
20770 0
23841 0
15092 0
18470 0
19668 0
-28063 0
-25756 0
-26849 0
22535 0
28452 0
6050 0
-32456 0
28952 0
17614 0
-25804 0
27386 0
-30061 0
24513 0
26781 0
5548 0
-22287 0
-29698 0
-30873 0
20560 0
19416 0
28383 0
20153 0
19584 0
10612 0
27394 0
-30456 0
28672 0
-31270 0
30260 0
-25811 0
23876 0
28036 0
10766 0
12057 0
30102 0
31729 0
13803 0
31737 0
-28108 0
9179 0
31395 0
28515 0
8294 0
-27024 0
13289 0
24251 0
31258 0
28208 0
-29514 0
32021 0
23069 0
21465 0
22236 0
11928 0
-30860 0
8338 0
-30826 0
28534 0
27750 0
21843 0
16388 0
18355 0
32263 0
-32404 0
12481 0
-32308 0
22903 0
6712 0
30411 0
31858 0
18402 0
20138 0
29978 0
-24390 0
-27350 0
31873 0
-29721 0
9695 0
26876 0
-25547 0
14521 0
29982 0
-28107 0
7807 0
-32762 0
3362 0
12218 0
28159 0
9126 0
-30440 0
-25467 0
-27736 0
17003 0
30801 0
26159 0
12348 0
11699 0
22930 0
16769 0
23976 0
20803 0
-30810 0
12710 0
29049 0
10281 0
16825 0
-27490 0
-25284 0
28102 0
28770 0
24211 0
30383 0
30196 0
28952 0
24742 0
26081 0
14792 0
-26921 0
31730 0
19773 0
31619 0
-29323 0
31842 0
11555 0
19300 0
21946 0
28996 0
9110 0
-30712 0
-22630 0
10318 0
16888 0
19631 0
31915 0
-28688 0
19294 0
-21794 0
-29680 0
23991 0
23634 0
32368 0
19768 0
-30200 0
23869 0
-28700 0
32234 0
20899 0
23868 0
-24063 0
-29295 0
24377 0
18576 0
4276 0
28910 0
15301 0
30983 0
31084 0
20510 0
21226 0
22853 0
18614 0
30134 0
28734 0
-32414 0
29287 0
17673 0
-32120 0
-32138 0
8909 0
21366 0
23187 0
16121 0
32299 0
28464 0
32726 0
14191 0
9859 0
26736 0
30630 0
27336 0
20804 0
26411 0
10814 0
22684 0
21704 0
23812 0
-26181 0
26220 0
-25703 0
-28234 0
-29791 0
19697 0
-27443 0
30933 0
13474 0
-26996 0
-29207 0
10353 0
15848 0
18798 0
27691 0
23206 0
22722 0
19887 0
25194 0
-30228 0
25435 0
32198 0
-25585 0
29815 0
28818 0
25385 0
3900 0
27046 0
31029 0
12658 0
13720 0
14649 0
25813 0
17951 0
21173 0
25612 0
16918 0
-25633 0
29131 0
18349 0
-24599 0
-31213 0
-24756 0
-29026 0
-26315 0
27133 0
4594 0
23698 0
-31436 0
-25138 0
13059 0
25416 0
-32498 0
6036 0
16569 0
14165 0
19811 0
28584 0
30196 0
6944 0
28077 0
31724 0
-21730 0
27800 0
21643 0
23953 0
-27339 0
25720 0
25017 0
7630 0
31265 0
20691 0
24062 0
26035 0
29836 0
12756 0
-29334 0
12390 0
10854 0
17660 0
-31045 0
-23097 0
27268 0
-32007 0
-23638 0
29673 0
11689 0
25640 0
25666 0
11923 0
15063 0
11652 0
5544 0
-22383 0
22477 0
11981 0
-32691 0
13161 0
17425 0
19054 0
-29560 0
21820 0
23920 0
15371 0
-31618 0
7107 0
15823 0
22832 0
19069 0
27387 0
14528 0
14664 0
-26152 0
15918 0
19204 0
26636 0
10445 0
27343 0
1214 0
6076 0
-27967 0
26121 0
19525 0
31919 0
-26019 0
-32002 0
4345 0
22690 0
22088 0
30331 0
17134 0
-30064 0
13065 0
26021 0
29053 0
32403 0
10307 0
11613 0
11872 0
30429 0
31742 0
-23667 0
25790 0
15275 0
10366 0
32689 0
30187 0
-32037 0
12989 0
12189 0
12487 0
-30260 0
30156 0
5958 0
-27806 0
32594 0
-31734 0
16431 0
30519 0
8836 0
29393 0
25659 0
27248 0
9164 0
12233 0
2734 0
14946 0
-30408 0
-31446 0
30333 0
-27151 0
21544 0
20657 0
24344 0
31491 0
30482 0
25672 0
14777 0
-30575 0
28738 0
19801 0
14983 0
26924 0
27814 0
23204 0
19965 0
-29684 0
26223 0
31472 0
20238 0
24249 0
31753 0
-31620 0
-23653 0
24871 0
23760 0
-22436 0
26851 0
-27692 0
30048 0
18940 0
6797 0
27581 0
10305 0
32346 0
19240 0
16795 0
-22024 0
17799 0
5992 0
19487 0
28723 0
9080 0
16698 0
18679 0
9673 0
20529 0
29699 0
30366 0
26689 0
15592 0
12881 0
32280 0
20811 0
8117 0
26441 0
22563 0
-31825 0
-29305 0
-30023 0
22170 0
26266 0
-29023 0
4988 0
-31261 0
-30933 0
32423 0
23747 0
16012 0
25502 0
26439 0
15588 0
30095 0
-25098 0
16110 0
18504 0
32576 0
22542 0
-32257 0
-31947 0
17547 0
31614 0
12683 0
22209 0
23407 0
23795 0
14450 0
25718 0
26582 0
-28368 0
-25198 0
26287 0
8623 0
-29056 0
22770 0
10046 0
18271 0
30242 0
15527 0
28296 0
31670 0
25479 0
31492 0
28983 0
24437 0
30709 0
30064 0
23905 0
22347 0
30597 0
25974 0
26492 0
26781 0
-30409 0
-27307 0
17525 0
-32383 0
31253 0
19648 0
-29281 0
15335 0
32103 0
-30323 0
30841 0
-32402 0
11608 0
32417 0
32002 0
30882 0
8227 0
25655 0
30880 0
15762 0
8884 0
15091 0
28100 0
-24130 0
14854 0
21920 0
27018 0
13483 0
24990 0
3731 0
7659 0
30319 0
24621 0
21374 0
25973 0
14444 0
28970 0
-32692 0
27723 0
-24255 0
-31077 0
21058 0
28740 0
23950 0
32425 0
-31699 0
11375 0
27145 0
25077 0
-29335 0
20917 0
13874 0
28404 0
24665 0
27729 0
28504 0
23068 0
14709 0
-30635 0
28236 0
23493 0
27350 0
8783 0
15015 0
27326 0
17540 0
26715 0
18660 0
18207 0
20956 0
17609 0
22200 0
19660 0
22684 0
-31442 0
28374 0
24256 0
27276 0
25030 0
8240 0
-26170 0
18928 0
-24102 0
31287 0
12198 0
29526 0
31692 0
-28771 0
11844 0
24369 0
16239 0
18890 0
31501 0
28554 0
11069 0
31459 0
23691 0
27928 0
18432 0
-28135 0
13282 0
17058 0
18097 0
19030 0
7215 0
-25727 0
-28799 0
30671 0
-30386 0
24977 0
5709 0
26892 0
17242 0
28744 0
25134 0
28372 0
27034 0
17703 0
-27613 0
27761 0
8273 0
-30189 0
31169 0
32605 0
31822 0
32033 0
3127 0
27003 0
31694 0
16070 0
19656 0
-32072 0
30379 0
22469 0
-23146 0
29607 0
10298 0
-30037 0
-25555 0
23321 0
22696 0
23547 0
29245 0
28256 0
18265 0
18803 0
24752 0
32741 0
-31681 0
18999 0
31957 0
2501 0
17595 0
30340 0
12967 0
6722 0
-28007 0
22255 0
26096 0
20746 0
26125 0
6592 0
24382 0
27532 0
20615 0
27399 0
24162 0
28063 0
12879 0
21034 0
-30920 0
23420 0
-32257 0
14120 0
17163 0
29627 0
26548 0
-28882 0
32730 0
-30522 0
32284 0
21471 0
13336 0
-28063 0
10615 0
20032 0
-26391 0
12300 0
30343 0
24814 0
23335 0
26919 0
-32086 0
28176 0
21661 0
30351 0
30828 0
-26008 0
28174 0
-32597 0
32076 0
21937 0
22077 0
-31485 0
25132 0
32344 0
25428 0
14805 0
15099 0
-26518 0
19647 0
26317 0
12788 0
19517 0
14577 0
20948 0
13881 0
15178 0
31643 0
28119 0
25455 0
19702 0
10986 0
12966 0
-22183 0
24984 0
-21469 0
-31846 0
28261 0
13418 0
29077 0
6640 0
30530 0
-32487 0
31413 0
23887 0
22374 0
-27275 0
14016 0
19496 0
25186 0
17151 0
27395 0
26013 0
12387 0
-30919 0
8607 0
10232 0
12821 0
32521 0
-30469 0
-32149 0
14055 0
32646 0
29382 0
12398 0
-29877 0
22816 0
26003 0
13742 0
28898 0
-24515 0
20291 0
13915 0
-31797 0
30126 0
25191 0
-29642 0
21445 0
12873 0
16398 0
-32405 0
32547 0
-30842 0
26116 0
8176 0
-30571 0
23696 0
-32631 0
23810 0
22079 0
23451 0
19046 0
23071 0
27529 0
29831 0
16588 0
11126 0
15825 0
30175 0
27445 0
-32003 0
20113 0
26194 0
10526 0
30384 0
12623 0
30731 0
25110 0
26353 0
26196 0
27562 0
15707 0
-27457 0
26634 0
10782 0
-29970 0
-26676 0
10384 0
20785 0
-29795 0
12501 0
22950 0
-30564 0
19812 0
27183 0
28852 0
19563 0
21456 0
7548 0
-29791 0
15739 0
30075 0
-25667 0
29052 0
21719 0
-27714 0
28330 0
25306 0
12665 0
32491 0
30395 0
28743 0
23719 0
25946 0
-30269 0
8029 0
6916 0
-32665 0
14513 0
-27373 0
9341 0
24302 0
-28864 0
23044 0
20122 0
21018 0
11460 0
19643 0
9892 0
25727 0
26829 0
-32614 0
-32736 0
31197 0
16912 0
-26799 0
31310 0
27204 0
16303 0
-23295 0
