-32763 0
-32763 0
-28299 0
14069 0
16310 0
15669 0
19111 0
-20481 0
-20481 0
-21781 0
28243 0
27295 0
-23260 0
-29515 0
-32306 0
28151 0
4025 0
9334 0
27201 0
-31540 0
13348 0
20855 0
2790 0
15946 0
13908 0
-24287 0
29286 0
15125 0
-32343 0
-20481 0
14335 0
23400 0
-27113 0
-26698 0
27116 0
5939 0
-21325 0
-32319 0
-23161 0
2736 0
-32696 0
-23595 0
-20481 0
-20745 0
31965 0
26936 0
-31774 0
-31911 0
-30433 0
4556 0
19157 0
-27239 0
21574 0
17441 0
30164 0
-30258 0
-27434 0
-20481 0
-24134 0
23928 0
25061 0
23885 0
-31594 0
-32067 0
-32698 0
-32301 0
29207 0
26565 0
28331 0
-29400 0
31999 0
-26224 0
26203 0
-32355 0
29649 0
8149 0
27783 0
28899 0
1389 0
18291 0
-25737 0
-30785 0
-31894 0
12227 0
-25182 0
23889 0
16358 0
19157 0
7190 0
-23004 0
-20481 0
19271 0
31703 0
28373 0
17519 0
-29188 0
-20481 0
11189 0
26004 0
-32135 0
4438 0
25696 0
-27184 0
-32223 0
-30161 0
-23911 0
17416 0
28541 0
18531 0
30311 0
-24277 0
-31516 0
-25297 0
-31566 0
-32536 0
-32183 0
27722 0
10461 0
21662 0
-20481 0
-20481 0
-31373 0
25815 0
24478 0
-25649 0
27365 0
14645 0
-28026 0
26179 0
21081 0
28386 0
-24699 0
-32270 0
22508 0
26860 0
-29004 0
-25953 0
-32067 0
10151 0
13259 0
31432 0
9768 0
30502 0
-31842 0
8561 0
23370 0
-28321 0
28607 0
-31900 0
23624 0
21502 0
9028 0
21138 0
17934 0
22962 0
-31807 0
10226 0
13247 0
-25252 0
-32439 0
30202 0
19108 0
-31933 0
-32356 0
-28604 0
-26137 0
19145 0
20176 0
-31522 0
-30667 0
-20481 0
11269 0
-30639 0
-24928 0
7336 0
27207 0
21129 0
22460 0
19398 0
-32599 0
21715 0
-21294 0
-31452 0
12774 0
29759 0
25996 0
-32255 0
-24247 0
-28620 0
-32543 0
-23682 0
32673 0
-20920 0
-29056 0
-31907 0
13308 0
-25619 0
-20481 0
-20481 0
-27181 0
-24138 0
-20481 0
-20497 0
-27874 0
-31214 0
-27601 0
-20481 0
-30159 0
17798 0
25667 0
-32411 0
-20864 0
-23348 0
25486 0
26503 0
-32113 0
327 0
-32494 0
29480 0
19803 0
31189 0
-31393 0
-24426 0
17611 0
-20822 0
-26196 0
28749 0
-27359 0
23641 0
27116 0
10350 0
28497 0
24119 0
-31858 0
-20481 0
-23061 0
11199 0
22896 0
-32451 0
21104 0
1729 0
-20569 0
10517 0
-21959 0
19151 0
-26298 0
-32301 0
25527 0
31292 0
18156 0
-30597 0
-25633 0
-28723 0
-31801 0
13949 0
22513 0
-26648 0
-32758 0
8080 0
-25422 0
8068 0
14465 0
-29779 0
-23145 0
23099 0
-32569 0
-32665 0
21200 0
-29585 0
27080 0
-30183 0
10247 0
26832 0
-32321 0
20901 0
15057 0
-20481 0
5231 0
20040 0
-25677 0
-25247 0
26937 0
-25024 0
-23719 0
19199 0
29760 0
-20481 0
16464 0
-20481 0
-32594 0
-31751 0
-20481 0
-29833 0
-23701 0
-25768 0
-31671 0
-29333 0
-31728 0
-24689 0
19243 0
-32456 0
-20481 0
-25817 0
13822 0
16293 0
-27646 0
28201 0
-28543 0
-32370 0
16193 0
-31114 0
31252 0
15628 0
810 0
20404 0
11625 0
-31594 0
-20554 0
-20481 0
-28722 0
-31618 0
-21159 0
13590 0
-27503 0
-32284 0
-31882 0
27570 0
22382 0
-23510 0
25215 0
-25724 0
-20481 0
21771 0
-22123 0
-20481 0
-31490 0
-28240 0
789 0
31343 0
14647 0
32494 0
29742 0
25310 0
-32363 0
6482 0
13338 0
-31173 0
-31698 0
-31887 0
-20481 0
-24016 0
13594 0
21157 0
-32121 0
-31544 0
-32179 0
7509 0
3416 0
-31573 0
-32239 0
-21773 0
-25770 0
-31660 0
16856 0
-29033 0
22345 0
-32618 0
-23187 0
16405 0
-20481 0
15944 0
-32426 0
-30994 0
22089 0
-31978 0
-30390 0
-32222 0
-29096 0
27112 0
-23436 0
10638 0
14240 0
29540 0
-32295 0
-26935 0
10869 0
-30979 0
24691 0
25772 0
24724 0
28629 0
571 0
21510 0
-30560 0
-28571 0
20225 0
29593 0
28332 0
25999 0
10374 0
-20481 0
31414 0
20113 0
-20481 0
-31775 0
-23392 0
-32122 0
-25467 0
-27115 0
-32601 0
-32551 0
17314 0
15027 0
21565 0
22666 0
-30590 0
31051 0
-30585 0
19485 0
28458 0
-32244 0
20829 0
-20481 0
-20481 0
31446 0
-32162 0
30926 0
16496 0
-32122 0
-29450 0
-29361 0
-32571 0
-32304 0
-31740 0
5421 0
13559 0
-32761 0
20088 0
23735 0
27917 0
7368 0
24922 0
-30567 0
17294 0
25980 0
26672 0
-32631 0
-32237 0
-28668 0
25974 0
-29157 0
-20481 0
32240 0
-31977 0
-32062 0
-29759 0
-20481 0
-27284 0
-30814 0
-32366 0
-28676 0
-27045 0
-31762 0
27858 0
15365 0
-31721 0
13309 0
19593 0
-27133 0
-32252 0
-32559 0
22234 0
16147 0
25352 0
31762 0
17023 0
-30107 0
-24349 0
-32241 0
23170 0
32564 0
-20481 0
-32545 0
30679 0
12112 0
28062 0
-31636 0
-31966 0
30729 0
9440 0
-22246 0
24881 0
-28470 0
-32458 0
7806 0
21249 0
26107 0
32388 0
7428 0
-27456 0
13809 0
20583 0
-30782 0
32697 0
-32282 0
25164 0
17445 0
21995 0
18536 0
27120 0
-31673 0
7969 0
-32066 0
-20481 0
-20481 0
23916 0
-32398 0
-31489 0
-20579 0
-24832 0
17635 0
19478 0
-31518 0
30819 0
30276 0
-24952 0
-32079 0
25993 0
28853 0
18896 0
32611 0
18263 0
23995 0
-21736 0
25424 0
-30080 0
-32255 0
-32476 0
26416 0
-32747 0
16464 0
-31464 0
-20481 0
-32299 0
-30096 0
-28354 0
-31870 0
-32620 0
7273 0
9893 0
24286 0
32539 0
-25609 0
-24399 0
-23562 0
-27124 0
8684 0
16993 0
-22725 0
6108 0
-31409 0
-27240 0
-20481 0
-32763 0
-26807 0
-25007 0
-31165 0
29230 0
-22388 0
19324 0
11512 0
-31173 0
28683 0
-28760 0
-31950 0
8122 0
22473 0
-23615 0
-26577 0
-20481 0
-27583 0
-32222 0
-31135 0
-32398 0
27007 0
-31802 0
-27965 0
-32263 0
-23825 0
-32494 0
27486 0
25522 0
16736 0
27000 0
30450 0
-25621 0
-31780 0
19389 0
22431 0
18620 0
26496 0
-32243 0
20195 0
-32204 0
22178 0
18237 0
20203 0
-27580 0
27063 0
21215 0
20445 0
27888 0
-29168 0
-23460 0
-22089 0
12553 0
26547 0
-20481 0
30508 0
18459 0
28516 0
-21281 0
-31018 0
-30745 0
21150 0
16241 0
7882 0
-32538 0
-24192 0
-23693 0
-20524 0
-31742 0
14836 0
12137 0
-31312 0
-20826 0
18900 0
17517 0
17492 0
22853 0
-31610 0
-31636 0
23123 0
7339 0
-27119 0
-23310 0
-20481 0
-26417 0
31761 0
-31906 0
21790 0
9224 0
24729 0
5208 0
10605 0
-26003 0
-20481 0
-20481 0
-28117 0
-20795 0
-26018 0
10607 0
-29095 0
29527 0
-21846 0
8877 0
31086 0
32346 0
-24065 0
-23948 0
-25237 0
-26910 0
-24115 0
-30546 0
-20481 0
31669 0
-31627 0
-32581 0
-22044 0
-32113 0
-29756 0
-28421 0
-25527 0
-22610 0
22434 0
11489 0
-25640 0
20813 0
-21603 0
32536 0
22187 0
27351 0
10913 0
-27594 0
10517 0
20669 0
10593 0
23757 0
17961 0
31457 0
-32736 0
-31800 0
15738 0
-28840 0
-32480 0
-29784 0
26493 0
23593 0
-22424 0
-29411 0
-26552 0
18946 0
16157 0
-31093 0
-28720 0
-27820 0
30626 0
-32408 0
-20834 0
-25928 0
15562 0
20331 0
25429 0
12650 0
32262 0
-25264 0
24540 0
32069 0
-32756 0
-23370 0
-20481 0
-31885 0
-20481 0
-31469 0
-26299 0
15961 0
-31454 0
27108 0
25863 0
20511 0
-28843 0
11874 0
-20481 0
-20481 0
-28557 0
-27543 0
12479 0
24221 0
4384 0
-24916 0
20458 0
-32282 0
19295 0
18660 0
-31753 0
14090 0
32061 0
19765 0
14686 0
-29940 0
20227 0
32243 0
13873 0
18785 0
-32036 0
21398 0
16918 0
-20481 0
-25451 0
8975 0
5323 0
-26684 0
-24555 0
22306 0
24989 0
-31946 0
-23298 0
-27654 0
6716 0
-26305 0
28541 0
15549 0
14945 0
-31660 0
10989 0
-30343 0
14389 0
-32238 0
-32587 0
30323 0
-31840 0
-20481 0
10039 0
-20866 0
-25564 0
18189 0
-31707 0
11386 0
-32379 0
-32008 0
27888 0
24700 0
4525 0
-32537 0
-22457 0
27810 0
-29917 0
-20481 0
-27922 0
27153 0
26003 0
-27901 0
-28107 0
-32044 0
-32591 0
-20481 0
-31122 0
-23626 0
17598 0
7928 0
20078 0
14280 0
-30267 0
-29117 0
16932 0
28203 0
27114 0
10240 0
-30570 0
-32036 0
-22755 0
-29270 0
19607 0
-23574 0
-20481 0
-27304 0
32111 0
-30370 0
16063 0
14392 0
-20481 0
-22133 0
17446 0
-20481 0
-22855 0
-23595 0
-23883 0
-28047 0
26995 0
31672 0
-27649 0
-21833 0
24821 0
4066 0
-31608 0
23342 0
24538 0
29241 0
-29592 0
-21710 0
29320 0
26943 0
-31834 0
-21595 0
-32356 0
10171 0
-24964 0
-29196 0
-30335 0
-31753 0
32700 0
7208 0
-30476 0
26155 0
28082 0
19112 0
27867 0
-27643 0
-32285 0
-28135 0
-26321 0
-27580 0
8325 0
-26346 0
15406 0
6756 0
16618 0
28609 0
17796 0
-32400 0
1435 0
-32426 0
28698 0
-32666 0
26520 0
2268 0
23799 0
-28603 0
13763 0
16722 0
-32106 0
8641 0
-24848 0
-23310 0
-32003 0
19058 0
26561 0
-27037 0
-28405 0
17757 0
24514 0
23149 0
31493 0
7290 0
12649 0
22489 0
10566 0
29618 0
-23860 0
-20481 0
-30854 0
10170 0
-31730 0
-20481 0
-29340 0
-26366 0
-21276 0
-32225 0
-23790 0
21946 0
-26701 0
8071 0
-30757 0
-31615 0
25001 0
-31482 0
-31786 0
-29374 0
17975 0
-31248 0
10828 0
10331 0
23797 0
-31527 0
-22756 0
6844 0
-32244 0
18650 0
12823 0
-20481 0
26705 0
25911 0
22584 0
23978 0
9984 0
-32385 0
20080 0
9331 0
29973 0
7082 0
30574 0
-31998 0
9546 0
-22988 0
-28532 0
-27954 0
10437 0
17586 0
10049 0
-31754 0
-29832 0
19481 0
-29539 0
-20525 0
-31623 0
-24214 0
3360 0
32636 0
27990 0
-29166 0
-31735 0
30987 0
-20481 0
31270 0
-20481 0
-27024 0
30579 0
-32517 0
-23493 0
-32665 0
-25892 0
8896 0
-30760 0
-32334 0
16132 0
29949 0
22550 0
-31073 0
-31208 0
-28778 0
-31570 0
-32083 0
20215 0
15891 0
-32544 0
-22460 0
22406 0
25778 0
-32520 0
21684 0
15311 0
30633 0
24222 0
24917 0
-20481 0
-26540 0
7517 0
-25054 0
-32500 0
-26703 0
18200 0
-27519 0
25174 0
-32113 0
-31501 0
22289 0
9587 0
24148 0
30564 0
32479 0
-22897 0
20315 0
25402 0
8469 0
-32268 0
30803 0
-32458 0
6103 0
20482 0
-32018 0
17153 0
14694 0
-25207 0
-31629 0
22979 0
32505 0
32706 0
25640 0
17349 0
-31695 0
19561 0
-20481 0
-31760 0
-32678 0
-31411 0
-28353 0
-32662 0
-25510 0
16141 0
-32479 0
23563 0
5816 0
31943 0
-31821 0
-22275 0
-31982 0
-29785 0
-31502 0
-23896 0
31091 0
25785 0
23411 0
-31869 0
-26935 0
10280 0
-32302 0
25432 0
-26463 0
-32585 0
27803 0
25765 0
21237 0
-30626 0
-28940 0
19772 0
-29890 0
-25222 0
-27604 0
-20481 0
31348 0
19679 0
-32383 0
-23858 0
-27834 0
-26927 0
16025 0
-32120 0
-27985 0
22407 0
-32419 0
15188 0
-29047 0
-29316 0
-28995 0
25205 0
30959 0
30621 0
-25347 0
9076 0
-25150 0
-31730 0
-30836 0
29159 0
-29414 0
-30147 0
21856 0
24624 0
-30901 0
6231 0
21634 0
27939 0
17353 0
19868 0
32082 0
-28167 0
30907 0
11834 0
22652 0
18152 0
-31412 0
-20481 0
15800 0
28872 0
-25795 0
11718 0
-26238 0
16206 0
-21440 0
27659 0
22352 0
-20481 0
16206 0
22687 0
15716 0
3279 0
-32651 0
-31774 0
-28739 0
-21181 0
-27617 0
30208 0
-26322 0
-32755 0
-32051 0
-26658 0
17047 0
-23498 0
-32194 0
-21070 0
28480 0
-31489 0
-20481 0
30769 0
19993 0
21048 0
27418 0
7140 0
24442 0
-29917 0
-32371 0
-22126 0
-32327 0
20298 0
-22483 0
6334 0
-20481 0
-32123 0
-29464 0
30908 0
-31991 0
-31765 0
-23175 0
8212 0
-20481 0
-32423 0
-22342 0
26388 0
25545 0
11137 0
13268 0
-28811 0
-23897 0
-21405 0
-23946 0
22316 0
-20481 0
-25827 0
-31684 0
-31451 0
-28025 0
-20481 0
-25017 0
30272 0
-24114 0
32414 0
17576 0
26896 0
8996 0
-22526 0
15822 0
-24851 0
26762 0
-24365 0
24879 0
28403 0
32184 0
-32714 0
6306 0
15199 0
-29154 0
13896 0
-20493 0
-31678 0
-32631 0
-31988 0
27074 0
-22479 0
-27803 0
12681 0
-20481 0
-30447 0
28331 0
22510 0
30700 0
16156 0
31441 0
-25673 0
-32630 0
-20481 0
29537 0
-24590 0
4213 0
31660 0
-30045 0
8490 0
-29258 0
16365 0
18342 0
15687 0
12643 0
31898 0
-20481 0
-32705 0
22886 0
-30990 0
22141 0
26490 0
9728 0
25148 0
-31697 0
27978 0
-32634 0
-20481 0
31397 0
-25842 0
-31622 0
26319 0
-24205 0
-20481 0
-20481 0
-28646 0
23976 0
11379 0
-27884 0
-20481 0
25107 0
16772 0
-32487 0
3913 0
-22051 0
-20481 0
-32484 0
-25315 0
6378 0
12442 0
-24494 0
-31968 0
-26568 0
-22237 0
20586 0
-31589 0
-20481 0
-31914 0
30724 0
16700 0
-25429 0
-30934 0
-28396 0
-22805 0
20695 0
-27293 0
-24216 0
-32569 0
21684 0
-31855 0
10711 0
-29321 0
-31251 0
-20481 0
29849 0
-30650 0
19795 0
-20543 0
-31737 0
15505 0
-27066 0
-21953 0
-27208 0
-31568 0
24813 0
29168 0
-26435 0
26761 0
-20594 0
-28835 0
-32481 0
-31868 0
-29635 0
28866 0
10358 0
6016 0
3739 0
-31799 0
-32353 0
18050 0
-30767 0
-29990 0
-25826 0
27349 0
-31518 0
-31990 0
3649 0
-30322 0
-31951 0
15355 0
26576 0
27802 0
8297 0
-20481 0
-29125 0
19363 0
-29818 0
-21365 0
17781 0
-32257 0
-27472 0
30337 0
16129 0
-29449 0
-22352 0
24391 0
-29880 0
-32383 0
7509 0
-31957 0
4925 0
32339 0
-31541 0
27287 0
-25112 0
17601 0
-25610 0
-31491 0
26076 0
-32346 0
29743 0
-30273 0
-28321 0
28431 0
-32741 0
9266 0
23304 0
-22289 0
21555 0
11563 0
31009 0
-32136 0
-20481 0
-29956 0
23305 0
-32384 0
14426 0
21129 0
-21212 0
-28155 0
30024 0
-20481 0
31087 0
32095 0
-31523 0
4905 0
17086 0
-20481 0
32678 0
10931 0
5143 0
22849 0
23362 0
-24336 0
-28277 0
-25900 0
-27629 0
-25803 0
26483 0
21585 0
6619 0
-32383 0
28049 0
23502 0
-24451 0
-21357 0
-20481 0
-31274 0
-32473 0
12247 0
-26190 0
-26950 0
-31516 0
28894 0
-30203 0
15740 0
19919 0
5759 0
18918 0
-29354 0
-20481 0
-32289 0
-32243 0
-32197 0
27488 0
32069 0
-30070 0
-26132 0
15073 0
28305 0
-31919 0
-32550 0
-20481 0
-30601 0
26681 0
25404 0
13347 0
32551 0
-32441 0
-27733 0
-26541 0
-29306 0
25296 0
-20481 0
-28447 0
-28651 0
-32508 0
18844 0
23813 0
8055 0
-28375 0
-31121 0
-32393 0
-32048 0
-21669 0
29065 0
30040 0
-27002 0
28892 0
21495 0
16168 0
8163 0
19028 0
-21050 0
-20481 0
-20481 0
-29450 0
5874 0
-28524 0
-20481 0
-26580 0
26937 0
-31612 0
-20865 0
-27880 0
31821 0
-29007 0
31254 0
32576 0
-27992 0
-27779 0
-20481 0
-25051 0
29489 0
-20481 0
-28302 0
-31643 0
19420 0
14843 0
1536 0
29750 0
-32112 0
14852 0
-28066 0
-32299 0
-29238 0
27702 0
30419 0
-31573 0
27937 0
32215 0
-20481 0
17287 0
12896 0
-32222 0
-21893 0
-30459 0
28880 0
19412 0
-20481 0
-26961 0
28601 0
-20481 0
-25443 0
-32736 0
-32160 0
-21826 0
25581 0
15250 0
7068 0
-30151 0
28915 0
21585 0
15305 0
32259 0
-31969 0
-32237 0
18087 0
30738 0
11671 0
-20481 0
-30883 0
-20481 0
-20481 0
-32456 0
21824 0
15364 0
7795 0
-30640 0
-31227 0
-31958 0
15854 0
23285 0
31309 0
-20552 0
21519 0
8711 0
25227 0
29989 0
21100 0
24749 0
29029 0
-21384 0
-22379 0
8591 0
9383 0
-29006 0
-20481 0
-20481 0
-24249 0
10862 0
23817 0
-23726 0
29345 0
5467 0
-24706 0
-27298 0
32363 0
25748 0
27567 0
-20481 0
-27508 0
26793 0
8859 0
22183 0
-21784 0
-32636 0
-31673 0
-27884 0
28470 0
27305 0
32009 0
-30356 0
21616 0
-20986 0
-20481 0
-31105 0
-23522 0
27266 0
-26563 0
-31915 0
-20481 0
-25321 0
-30753 0
23458 0
31828 0
30123 0
25798 0
-31682 0
14543 0
-32144 0
-32750 0
21630 0
27273 0
-30143 0
-27346 0
30996 0
13788 0
-31488 0
-28076 0
23681 0
-24857 0
9530 0
20719 0
13508 0
-26047 0
13412 0
22466 0
21026 0
18139 0
22784 0
17949 0
-28876 0
-26077 0
29504 0
15112 0
-21404 0
25643 0
-20481 0
-32416 0
15847 0
-30090 0
29043 0
26140 0
30844 0
26362 0
20700 0
-20481 0
20797 0
-31753 0
17894 0
-24429 0
31353 0
24985 0
15835 0
31881 0
-24593 0
27363 0
-32312 0
-31179 0
25493 0
-29122 0
13873 0
-31433 0
-31790 0
30871 0
28530 0
1502 0
24354 0
-31559 0
-25991 0
31942 0
-22217 0
-20481 0
-23152 0
7746 0
-31413 0
-24627 0
-32499 0
-30899 0
-31337 0
-20481 0
-21344 0
-32532 0
22411 0
20063 0
-26255 0
15517 0
-32412 0
18455 0
17644 0
-31835 0
27333 0
26754 0
3955 0
29908 0
32612 0
13587 0
27866 0
-32306 0
-25027 0
-24153 0
27500 0
-24453 0
-23163 0
-30871 0
12482 0
-32250 0
-29077 0
-32269 0
24171 0
17179 0
-22801 0
-20481 0
22191 0
-20481 0
-32100 0
11297 0
-20481 0
-29906 0
-20481 0
-32554 0
-32409 0
27964 0
28733 0
-32398 0
-30245 0
27598 0
31876 0
22989 0
-28120 0
13299 0
23960 0
-20481 0
-31088 0
-32041 0
-21209 0
-20481 0
26027 0
27612 0
-32328 0
-30404 0
17455 0
-31789 0
-32092 0
-27845 0
-24615 0
-20481 0
-29439 0
-29874 0
3567 0
27970 0
-32382 0
-29617 0
-20647 0
-32379 0
18521 0
-31532 0
-27601 0
10522 0
23345 0
24966 0
-30750 0
-25159 0
-21120 0
-32720 0
-26868 0
-20481 0
30357 0
-31600 0
30970 0
9935 0
22227 0
-20481 0
3034 0
-23273 0
26316 0
-32239 0
-20481 0
-27696 0
-23371 0
-27759 0
-31757 0
30280 0
32101 0
-30303 0
-32175 0
-31603 0
-28526 0
-31426 0
-32179 0
15046 0
-23523 0
-31635 0
-20481 0
-23976 0
-32588 0
-31494 0
26237 0
7611 0
5037 0
11958 0
18960 0
-31628 0
-25064 0
-32208 0
-20481 0
-26620 0
-26030 0
-31944 0
32383 0
20328 0
25014 0
-28188 0
14415 0
-31799 0
-28433 0
-32482 0
-31972 0
26535 0
-21666 0
-29166 0
22505 0
-23776 0
28280 0
-20481 0
-32537 0
-30027 0
7776 0
29942 0
23571 0
28214 0
10258 0
-27677 0
-28641 0
-25369 0
-31190 0
21036 0
-26788 0
-21004 0
18599 0
30402 0
31309 0
27937 0
-25940 0
-32740 0
-20481 0
14070 0
-31891 0
-31255 0
15794 0
32720 0
-28123 0
-29180 0
28790 0
31124 0
-20481 0
-29961 0
-22043 0
-32483 0
-23968 0
30680 0
-20740 0
-28069 0
25088 0
25749 0
-32427 0
-26398 0
23943 0
18266 0
32146 0
-32305 0
29668 0
13776 0
-21796 0
17379 0
-29833 0
-30332 0
14336 0
-26061 0
23117 0
24149 0
-32754 0
-32418 0
-20972 0
-31745 0
3146 0
-30726 0
17325 0
26484 0
-26243 0
29451 0
26444 0
27763 0
22864 0
22819 0
7935 0
-30100 0
-23780 0
19531 0
18208 0
10655 0
-31794 0
-23732 0
-31493 0
27882 0
-30616 0
-31853 0
-20481 0
30772 0
-22577 0
14538 0
-30812 0
32303 0
18881 0
-21221 0
13087 0
15623 0
-22909 0
10735 0
-32101 0
16587 0
-32632 0
-28212 0
-20481 0
-22220 0
-31799 0
18904 0
-28067 0
26436 0
-26999 0
26445 0
27442 0
-26551 0
-24852 0
-31725 0
-32296 0
24008 0
32716 0
3421 0
6348 0
-20820 0
30511 0
32408 0
-32545 0
-20481 0
13717 0
21281 0
-26603 0
6787 0
8313 0
-27050 0
-32181 0
19822 0
25967 0
22412 0
23008 0
5280 0
7909 0
-20481 0
-32527 0
-32741 0
31631 0
-31929 0
-32130 0
26492 0
21370 0
-20481 0
-32444 0
27071 0
-31866 0
-29879 0
-31210 0
-27864 0
-31042 0
27914 0
15697 0
3050 0
-32177 0
25131 0
-20481 0
-23363 0
18833 0
7786 0
28162 0
22996 0
25670 0
12034 0
16126 0
-28551 0
-20481 0
28350 0
-25611 0
-32309 0
18472 0
-29868 0
14502 0
-32724 0
15679 0
7227 0
3185 0
-25305 0
-25886 0
-28301 0
14812 0
-20481 0
-30960 0
23098 0
-32191 0
15145 0
-27934 0
-32600 0
-27703 0
5072 0
-32012 0
-30843 0
25170 0
30964 0
-24695 0
19498 0
29846 0
24794 0
15526 0
-20481 0
-20604 0
12098 0
31992 0
-32059 0
-31954 0
17681 0
-20481 0
-20481 0
-20481 0
16177 0
-24887 0
-27019 0
18116 0
-20630 0
30129 0
-28603 0
-32621 0
-29076 0
4537 0
-28165 0
-26105 0
31325 0
-28434 0
28057 0
20551 0
21258 0
27433 0
-32458 0
-25082 0
32157 0
29801 0
31686 0
-32580 0
-29396 0
15030 0
18606 0
24642 0
30781 0
19422 0
30758 0
-31725 0
11177 0
10448 0
-24668 0
18756 0
29765 0
-31005 0
-32740 0
-31728 0
-31972 0
-32079 0
27433 0
30434 0
24982 0
-29428 0
-32365 0
-26045 0
4224 0
13928 0
-31772 0
13207 0
-31842 0
26158 0
32281 0
22546 0
22546 0
-20481 0
-21447 0
-21809 0
30216 0
-25151 0
-28442 0
19375 0
-31020 0
-30863 0
13169 0
-31664 0
-27801 0
-29511 0
-32354 0
-30702 0
-32279 0
-30694 0
19898 0
4274 0
-32334 0
-22976 0
15250 0
16285 0
-23873 0
17194 0
18255 0
-30766 0
13377 0
25456 0
-29054 0
15021 0
-28858 0
-31042 0
2549 0
12933 0
24004 0
-22359 0
-32045 0
-24964 0
13882 0
-20481 0
32020 0
25493 0
29144 0
29817 0
14395 0
10500 0
15503 0
-25486 0
-24206 0
24165 0
-32518 0
12400 0
25926 0
-30858 0
32754 0
-32246 0
31377 0
-30570 0
-20481 0
29105 0
-28237 0
-20481 0
-31867 0
-31523 0
-32411 0
-29403 0
11951 0
-31488 0
-32358 0
4457 0
-20481 0
17696 0
13663 0
-31193 0
9757 0
-23108 0
-23810 0
24704 0
8499 0
-21904 0
-23119 0
28297 0
-25985 0
28491 0
27930 0
2492 0
-32590 0
15793 0
-20656 0
18052 0
-31907 0
-32235 0
-25761 0
15613 0
29896 0
31097 0
32404 0
20227 0
-31945 0
-27777 0
-31903 0
23389 0
12334 0
16504 0
-29637 0
-21382 0
-25444 0
13982 0
12570 0
-30169 0
-24822 0
31401 0
-26049 0
10021 0
-25284 0
-30834 0
14059 0
30342 0
18065 0
-30332 0
-21316 0
30811 0
-26478 0
-26623 0
6968 0
28208 0
-32043 0
6150 0
-20481 0
-29312 0
26506 0
18493 0
18780 0
28212 0
-31929 0
22947 0
18780 0
32534 0
16562 0
-31333 0
22647 0
-20481 0
-31843 0
29063 0
-22596 0
18006 0
9376 0
-32481 0
-32656 0
-31938 0
-28082 0
10471 0
5841 0
16608 0
-29977 0
-26539 0
-25798 0
-29289 0
-25869 0
20640 0
3812 0
-25439 0
29135 0
26220 0
32166 0
15454 0
2245 0
-32172 0
-26141 0
4791 0
-32029 0
-31718 0
22850 0
-31888 0
-25062 0
-28862 0
-30482 0
-32054 0
25241 0
20265 0
-32516 0
11744 0
-28229 0
11912 0
-20481 0
11583 0
-24261 0
23338 0
24191 0
24280 0
-25618 0
-32491 0
24118 0
14145 0
-32420 0
-20481 0
-29502 0
24027 0
-21838 0
-23141 0
-25807 0
-23805 0
-20481 0
-26937 0
-32602 0
22281 0
32680 0
32573 0
32750 0
27470 0
9721 0
27679 0
27788 0
-27854 0
25595 0
-32702 0
32673 0
25864 0
-31235 0
26646 0
-25642 0
12501 0
29680 0
-22324 0
12546 0
-29701 0
26033 0
-20481 0
-20481 0
16287 0
-30567 0
-32341 0
-26563 0
-26362 0
24736 0
-20481 0
-32440 0
26216 0
20404 0
-24421 0
-29646 0
-20481 0
-20481 0
-29711 0
-20481 0
20526 0
29542 0
24753 0
8682 0
18711 0
-32281 0
-30506 0
23820 0
-31638 0
-31468 0
19152 0
23486 0
-31911 0
-32428 0
12217 0
-32105 0
-20481 0
16192 0
15489 0
-32059 0
-27241 0
-23757 0
32138 0
-29311 0
16404 0
-25640 0
23748 0
-27902 0
-25988 0
-26601 0
-30052 0
-29557 0
-28012 0
-28237 0
-32375 0
-20481 0
32721 0
-22487 0
18714 0
15127 0
-25462 0
-20481 0
10678 0
16317 0
31982 0
-20914 0
-25338 0
4032 0
29997 0
-31631 0
-21308 0
21135 0
15886 0
-32582 0
23402 0
-22377 0
30794 0
-27115 0
-31537 0
-25712 0
17932 0
-27367 0
21831 0
-32106 0
-21196 0
-31468 0
25534 0
20056 0
5148 0
-32526 0
24368 0
-32381 0
27770 0
23228 0
28813 0
12295 0
14596 0
21935 0
-21179 0
-31592 0
21506 0
24127 0
22776 0
-25235 0
31125 0
16792 0
7439 0
21906 0
22998 0
4673 0
22591 0
28762 0
-31686 0
5792 0
-31816 0
-28552 0
-24528 0
-26210 0
14202 0
-26447 0
13674 0
28632 0
27628 0
-22797 0
30539 0
2922 0
18867 0
24938 0
7165 0
8871 0
-22734 0
-21801 0
-25241 0
-26400 0
-32196 0
-25441 0
21471 0
-22019 0
29151 0
29013 0
-20481 0
-32349 0
31129 0
-32027 0
13167 0
-28737 0
19575 0
-25002 0
-24091 0
-25503 0
-28208 0
29687 0
-28899 0
23631 0
-31763 0
23997 0
-31802 0
-25173 0
14274 0
-23948 0
7721 0
-31668 0
27241 0
6295 0
-26950 0
29994 0
17622 0
-29913 0
-24826 0
-26278 0
12042 0
-32142 0
10644 0
15388 0
-32236 0
-20481 0
-28382 0
-31820 0
-20481 0
-32405 0
7442 0
-29243 0
26643 0
-32244 0
-20481 0
-31691 0
-20481 0
31313 0
27761 0
-31152 0
24678 0
24525 0
17264 0
-29076 0
28873 0
25106 0
31072 0
27988 0
-20481 0
-22638 0
28703 0
-31419 0
19445 0
-29535 0
19725 0
21317 0
-32580 0
-25806 0
-26911 0
-32476 0
11368 0
-28226 0
23711 0
5038 0
25211 0
25716 0
-30357 0
28755 0
-26321 0
26218 0
-20481 0
5787 0
19691 0
-27993 0
23623 0
-32686 0
-28595 0
-27782 0
-20481 0
29692 0
-21201 0
20414 0
27827 0
26024 0
-31643 0
-31911 0
-31806 0
-31850 0
3953 0
-28311 0
21491 0
-20785 0
-21917 0
8017 0
21944 0
16432 0
-28078 0
-27605 0
-20481 0
14492 0
-23824 0
-24076 0
-23410 0
-32400 0
-32667 0
-27632 0
-20481 0
-26063 0
26029 0
13292 0
7873 0
15817 0
10899 0
-31231 0
18981 0
-25148 0
-32423 0
-20481 0
-20481 0
29521 0
27091 0
-29237 0
29928 0
-20792 0
6331 0
-24756 0
-29932 0
-32468 0
13503 0
16439 0
-31703 0
12890 0
-27877 0
-21970 0
-30522 0
10097 0
-32668 0
-31944 0
19473 0
13443 0
-31238 0
-22341 0
-31505 0
-31585 0
14910 0
28641 0
32657 0
21924 0
-20481 0
10693 0
-32276 0
-28267 0
-23900 0
-31072 0
13408 0
25411 0
-26048 0
-32059 0
22201 0
-32017 0
-26210 0
32691 0
11646 0
-30467 0
-20481 0
-28551 0
31489 0
12647 0
32278 0
-31418 0
-27836 0
-20481 0
-20481 0
-23511 0
14838 0
25890 0
15560 0
31611 0
-21885 0
-29277 0
-32679 0
-31724 0
-32584 0
-25584 0
16760 0
8338 0
30393 0
25523 0
-20481 0
-25710 0
-31778 0
29359 0
18402 0
6006 0
20844 0
21291 0
15075 0
-29942 0
-31527 0
23802 0
18046 0
9087 0
-26159 0
7011 0
30470 0
26985 0
-23101 0
-31619 0
-31946 0
-20481 0
30065 0
-24195 0
-32158 0
25992 0
23548 0
26390 0
-31472 0
-27183 0
18763 0
-23277 0
-22045 0
-31931 0
-32712 0
-26624 0
-20481 0
-25620 0
30784 0
-29373 0
-27105 0
25123 0
26760 0
-29695 0
-32062 0
612 0
-31605 0
-24896 0
-26389 0
-31210 0
21341 0
-30072 0
-20648 0
-27661 0
32454 0
28920 0
-32282 0
-26860 0
-25910 0
19716 0
-27327 0
-30023 0
32050 0
7040 0
-31310 0
27729 0
-31770 0
22712 0
30946 0
-31538 0
-24807 0
-27333 0
27770 0
-27892 0
25668 0
23176 0
29100 0
-32277 0
30155 0
-28519 0
-29088 0
-31867 0
18112 0
-24042 0
-23421 0
-31633 0
-26322 0
-27565 0
-31832 0
-29981 0
-32041 0
-22727 0
24191 0
19560 0
14490 0
11696 0
17779 0
-21823 0
-32452 0
26388 0
-31645 0
26722 0
24567 0
-31730 0
18047 0
16650 0
-25232 0
9064 0
-23111 0
5931 0
-27314 0
4172 0
-29339 0
-32746 0
25235 0
31437 0
-32307 0
4212 0
-20481 0
25530 0
25981 0
-20481 0
-27015 0
18576 0
-23044 0
-30069 0
19968 0
10902 0
-29713 0
20839 0
-26355 0
19476 0
-22272 0
-21599 0
-28027 0
25461 0
-20550 0
-20481 0
29833 0
17235 0
25489 0
19854 0
-25474 0
-31851 0
-31775 0
26390 0
-26498 0
-23072 0
30928 0
-27461 0
13563 0
30384 0
26792 0
-31851 0
22851 0
-29034 0
21383 0
-31095 0
-22743 0
28207 0
23146 0
-22463 0
-20481 0
-26536 0
19007 0
-32669 0
-31810 0
1668 0
25323 0
-26385 0
20356 0
-32245 0
-31181 0
32524 0
-30823 0
-25673 0
-32593 0
8970 0
-32378 0
-32451 0
-25108 0
25370 0
-20481 0
-31847 0
-31696 0
-28729 0
23013 0
9195 0
-32303 0
31365 0
-30811 0
5791 0
-32173 0
24502 0
22022 0
-30884 0
-26700 0
-30146 0
-28297 0
-30692 0
26561 0
-26378 0
-31874 0
-28611 0
9122 0
9518 0
11020 0
-31924 0
6481 0
29860 0
7694 0
6305 0
-20481 0
-31584 0
30858 0
-31288 0
15578 0
10044 0
-32278 0
20103 0
24225 0
22990 0
-32534 0
17649 0
-31779 0
-20481 0
-27622 0
29554 0
-26342 0
-27845 0
-31542 0
5920 0
-22718 0
14033 0
26158 0
22641 0
-32297 0
22035 0
-29033 0
-32207 0
-29375 0
-20481 0
28811 0
15984 0
-32531 0
-31471 0
-32349 0
21374 0
4807 0
-20481 0
19803 0
17604 0
14441 0
4517 0
-30466 0
-29520 0
-32342 0
-25657 0
-30687 0
25080 0
-29716 0
-21851 0
-23612 0
-29853 0
-32527 0
26599 0
31865 0
30821 0
-27882 0
32483 0
23376 0
-21379 0
-28725 0
19310 0
12886 0
29434 0
11669 0
-31510 0
-30779 0
-31832 0
-24958 0
9190 0
16176 0
-28851 0
-31741 0
12723 0
14876 0
18868 0
13121 0
24545 0
29664 0
-28683 0
5558 0
-32263 0
-26392 0
-28274 0
4365 0
8603 0
-28669 0
28511 0
-30263 0
11233 0
21303 0
-32641 0
-26582 0
-31306 0
-20597 0
-22679 0
30584 0
15805 0
29954 0
7618 0
-32175 0
-24910 0
6943 0
-29974 0
14746 0
20501 0
11442 0
-30952 0
-22727 0
14968 0
15804 0
-28309 0
-26843 0
31165 0
12034 0
-25375 0
-32566 0
-20481 0
-20481 0
27874 0
-26934 0
-28815 0
-23117 0
-31736 0
-32314 0
-32241 0
24279 0
23257 0
-20481 0
3800 0
-20481 0
-32567 0
2971 0
-32073 0
14885 0
14468 0
17660 0
-23702 0
28620 0
23708 0
-27872 0
29104 0
-20481 0
28088 0
21746 0
-31554 0
15395 0
-24906 0
-32601 0
32587 0
-31721 0
-31115 0
23020 0
-22303 0
21095 0
17523 0
-23394 0
11963 0
-26620 0
-32443 0
-20481 0
-32594 0
4233 0
-20481 0
-32565 0
10180 0
-20481 0
-26375 0
-31705 0
-32542 0
-31585 0
-32575 0
30502 0
12070 0
11926 0
17915 0
-28237 0
-26673 0
11447 0
-27879 0
-20481 0
10593 0
27419 0
-32671 0
-29511 0
11757 0
-26354 0
31924 0
-24794 0
-32441 0
-24023 0
-28967 0
7244 0
19496 0
30880 0
-29498 0
-27799 0
17508 0
-29407 0
-20481 0
32264 0
27426 0
19831 0
21563 0
19100 0
7685 0
-31504 0
-32718 0
-20481 0
23572 0
11744 0
-20481 0
22470 0
21448 0
23810 0
-22307 0
15414 0
30321 0
20485 0
-30899 0
-26630 0
-32540 0
12795 0
-31803 0
13418 0
25457 0
16341 0
-31071 0
-32472 0
-26379 0
6085 0
29308 0
-28211 0
-30715 0
9265 0
-21626 0
-21938 0
-32600 0
-20481 0
-31633 0
31218 0
29043 0
-32355 0
16655 0
7658 0
27348 0
15873 0
-20481 0
10752 0
30718 0
12263 0
-20481 0
-20481 0
18178 0
14964 0
29101 0
17180 0
-23796 0
3337 0
-27647 0
-21431 0
-29192 0
-31468 0
-24891 0
-32288 0
-32443 0
-23781 0
-31791 0
-20481 0
-20481 0
14423 0
-20481 0
32474 0
31792 0
-27231 0
31039 0
-20481 0
-31482 0
7847 0
22361 0
-30274 0
-20481 0
-22096 0
-23648 0
11690 0
-31736 0
-32140 0
13669 0
31886 0
-31746 0
-30894 0
28989 0
-30760 0
28589 0
20161 0
-32302 0
14157 0
10736 0
-30805 0
-24701 0
10206 0
4752 0
-31584 0
-28145 0
20676 0
22622 0
-20989 0
11390 0
18209 0
26984 0
-27056 0
16506 0
-23912 0
5922 0
27710 0
29856 0
18966 0
-32053 0
28337 0
-31076 0
22669 0
8197 0
-31951 0
32447 0
-31605 0
-31246 0
-31875 0
-20481 0
10567 0
25651 0
19941 0
-32639 0
-30108 0
14986 0
-31783 0
26915 0
-23786 0
30798 0
10896 0
-29098 0
-32086 0
-32265 0
23988 0
19577 0
-29045 0
-32750 0
-20682 0
30349 0
31632 0
14067 0
-32239 0
19595 0
23011 0
-20481 0
-20481 0
-24890 0
32393 0
-32115 0
-27797 0
27475 0
-27448 0
-28008 0
-30378 0
-22658 0
-31946 0
-31505 0
-26747 0
-21269 0
-21937 0
-25269 0
18169 0
-25196 0
-32676 0
-32716 0
-32475 0
-31943 0
17472 0
-24758 0
-20481 0
-20481 0
-31861 0
29988 0
26065 0
17293 0
-27382 0
-23718 0
-31601 0
27322 0
20572 0
-31615 0
-32091 0
-25609 0
-29278 0
-32691 0
-29191 0
17805 0
-31855 0
-20481 0
-27241 0
-28403 0
24446 0
28269 0
9678 0
19184 0
23085 0
-22905 0
27921 0
-32239 0
13479 0
32329 0
-27023 0
7442 0
-31650 0
-20481 0
-28564 0
24658 0
17353 0
-31939 0
27590 0
17482 0
12478 0
24836 0
20823 0
-31524 0
-24183 0
-20481 0
-31497 0
24863 0
4419 0
-32302 0
24577 0
-32767 0
-31613 0
22526 0
-31108 0
27537 0
7430 0
25919 0
-22997 0
-21472 0
27100 0
7969 0
-31489 0
22824 0
-31486 0
-27781 0
-31621 0
-30642 0
19616 0
-26004 0
-24255 0
-29556 0
20290 0
-26307 0
16887 0
-31598 0
30312 0
-24981 0
-31626 0
25560 0
29136 0
-20705 0
20668 0
24901 0
-31124 0
-31932 0
-32573 0
-32090 0
-30899 0
6202 0
16762 0
7566 0
26281 0
29857 0
-31514 0
25558 0
16249 0
12791 0
-20848 0
25103 0
30591 0
9652 0
19658 0
19785 0
32044 0
11257 0
-20481 0
-26706 0
-32466 0
22289 0
23502 0
6496 0
32616 0
17454 0
10991 0
13504 0
-25296 0
-26275 0
-30672 0
20104 0
25770 0
-30250 0
-32306 0
-32273 0
-30279 0
5757 0
8971 0
-31421 0
-29562 0
-32336 0
-24798 0
-27789 0
-31698 0
-23624 0
-31803 0
-26427 0
-32572 0
-31137 0
-32012 0
27127 0
-31761 0
-24118 0
-31256 0
29539 0
-32064 0
-22379 0
19957 0
-32264 0
-27570 0
-32636 0
17857 0
-27882 0
16947 0
17966 0
-23155 0
-32558 0
16846 0
-26957 0
-32039 0
18727 0
27153 0
-24574 0
29354 0
-22570 0
-31783 0
20558 0
17286 0
14703 0
28616 0
20136 0
19652 0
-25193 0
-28520 0
-29634 0
15639 0
-29059 0
22319 0
-32540 0
-31541 0
-23473 0
-31819 0
-32256 0
-30509 0
-27374 0
15297 0
-30982 0
24797 0
-31979 0
-32466 0
-26290 0
22773 0
20706 0
17304 0
7410 0
28343 0
30119 0
-32386 0
25657 0
31957 0
30320 0
30023 0
23654 0
-20668 0
-23466 0
16572 0
-20481 0
-32080 0
-28692 0
-20481 0
-25782 0
-20481 0
-20481 0
-24230 0
25077 0
11207 0
-32662 0
-22438 0
-32089 0
2834 0
-27624 0
-31020 0
-31821 0
-29336 0
-32096 0
19205 0
17964 0
-32686 0
27314 0
25492 0
-28319 0
-26968 0
20820 0
19851 0
27794 0
9844 0
11265 0
-29902 0
14289 0
23091 0
-32139 0
10782 0
-20481 0
-31880 0
-20481 0
-32740 0
9372 0
13554 0
30359 0
27055 0
-31505 0
7026 0
-28056 0
27077 0
-29740 0
27164 0
22442 0
30241 0
23879 0
-24548 0
30994 0
-28615 0
-31778 0
-29944 0
-31856 0
23266 0
15509 0
3047 0
-20481 0
31714 0
-29830 0
27317 0
-28595 0
-22239 0
15006 0
-30619 0
-25708 0
30399 0
-22812 0
-28854 0
20467 0
28515 0
31233 0
-32141 0
-29588 0
-32390 0
-32439 0
14503 0
22307 0
16795 0
-21583 0
22896 0
26033 0
23472 0
16764 0
-20481 0
-30893 0
29584 0
-29059 0
-31662 0
30520 0
17317 0
25365 0
-32097 0
-30924 0
-27418 0
-31615 0
-25641 0
10715 0
-31397 0
-27103 0
25011 0
30149 0
23671 0
27269 0
-31691 0
-32573 0
-27056 0
22237 0
-31918 0
26228 0
5484 0
-23689 0
25085 0
-31039 0
-32200 0
-32263 0
5983 0
-32440 0
18345 0
21160 0
8458 0
-32094 0
-22292 0
-29069 0
-30786 0
-20961 0
31493 0
-31953 0
17070 0
16724 0
27623 0
-32720 0
-32086 0
-20481 0
-28655 0
24409 0
-30830 0
-31982 0
12916 0
-26205 0
7159 0
20634 0
28898 0
-32044 0
-30033 0
-32760 0
22844 0
3929 0
-22727 0
28963 0
22079 0
27108 0
30835 0
-31948 0
20413 0
20548 0
11680 0
17680 0
-31525 0
-32658 0
-26422 0
-21275 0
19490 0
28826 0
-32482 0
18092 0
2097 0
-32756 0
12038 0
-32019 0
-30533 0
23159 0
30280 0
-28151 0
914 0
8191 0
-25717 0
15887 0
-20481 0
16018 0
-32725 0
11276 0
27485 0
14642 0
-32488 0
-25302 0
24397 0
-23379 0
31336 0
-20848 0
-25411 0
-30825 0
12429 0
29919 0
-28345 0
24131 0
-25693 0
-31610 0
-27446 0
-26006 0
12780 0
25367 0
-24763 0
-28685 0
7630 0
18944 0
12208 0
11291 0
12843 0
-24318 0
-32147 0
26943 0
3750 0
19400 0
-22561 0
12694 0
21706 0
-24439 0
-31682 0
-28417 0
999 0
-30820 0
-30972 0
-20481 0
31526 0
-27813 0
-31556 0
-31929 0
-31904 0
-26536 0
31711 0
-28531 0
21191 0
-27678 0
-32716 0
-28816 0
-30969 0
-27380 0
-22900 0
-29051 0
-20481 0
-28164 0
-24837 0
25773 0
-31609 0
3590 0
-31253 0
17470 0
31646 0
12804 0
-20481 0
15482 0
-23963 0
19501 0
-30975 0
-32348 0
14500 0
22079 0
21955 0
-27478 0
13659 0
32175 0
23887 0
-31949 0
-20481 0
20118 0
31772 0
-25295 0
7700 0
28238 0
-23271 0
17831 0
-32171 0
22242 0
-20481 0
-20481 0
26882 0
-31891 0
25507 0
-21666 0
-27349 0
-26045 0
-32221 0
-26615 0
-32699 0
-31044 0
30618 0
-25482 0
25452 0
-22489 0
30519 0
17842 0
-22043 0
19768 0
23270 0
22576 0
13240 0
22690 0
-28557 0
31525 0
10139 0
23921 0
23046 0
22054 0
11143 0
27036 0
-26012 0
-28034 0
-25197 0
-28871 0
-31934 0
29997 0
-29535 0
-25064 0
-20481 0
32527 0
9368 0
-21833 0
-22694 0
-31703 0
-23052 0
16078 0
-29102 0
11390 0
-21169 0
21846 0
24747 0
-32383 0
-23449 0
13920 0
-32604 0
-31820 0
21968 0
14086 0
6915 0
-24273 0
27001 0
15912 0
-32153 0
-30050 0
9175 0
28108 0
13969 0
-32243 0
-28228 0
-32679 0
30359 0
-31787 0
-31742 0
-31285 0
22619 0
-32695 0
24672 0
20860 0
-22745 0
-20481 0
-30223 0
29788 0
30244 0
27483 0
-23049 0
19910 0
27387 0
19802 0
-25850 0
18233 0
31276 0
-31457 0
19833 0
28306 0
-28114 0
-32382 0
-31939 0
-21491 0
24885 0
29480 0
24842 0
-29300 0
25941 0
-31108 0
-20481 0
-32220 0
-32162 0
-20481 0
22304 0
31944 0
19467 0
14819 0
-31765 0
22484 0
-31912 0
-32120 0
-20481 0
-20481 0
-31234 0
-26412 0
25596 0
-30619 0
26949 0
-27743 0
30818 0
29785 0
-20481 0
16523 0
28984 0
22924 0
-20481 0
17789 0
-31745 0
27057 0
-32342 0
-31609 0
-31635 0
24849 0
-31793 0
-26665 0
-20481 0
-22237 0
-29961 0
-32211 0
16584 0
-20481 0
-30328 0
17538 0
-31786 0
-32086 0
18942 0
-23528 0
-26584 0
6299 0
-29369 0
-29170 0
23903 0
-28971 0
12618 0
32717 0
18476 0
-28389 0
-31429 0
30970 0
30688 0
27808 0
19542 0
32387 0
-20573 0
13862 0
-22837 0
-32635 0
23311 0
-26938 0
10655 0
27502 0
4387 0
7527 0
-24708 0
-31078 0
30596 0
-25181 0
31139 0
14915 0
-29152 0
-28631 0
-31912 0
21737 0
-28782 0
18054 0
10674 0
-20915 0
-30996 0
29591 0
-24542 0
28171 0
13179 0
12954 0
-20481 0
26001 0
24244 0
21111 0
-32083 0
-31104 0
31908 0
22478 0
24515 0
32526 0
26362 0
-32742 0
-30625 0
16074 0
-32450 0
26016 0
10708 0
5487 0
25542 0
-20481 0
-30950 0
15428 0
8716 0
2517 0
-32006 0
-28144 0
-20481 0
-20481 0
-26827 0
14843 0
24012 0
-31036 0
30715 0
9219 0
-27191 0
32678 0
27639 0
15887 0
-20481 0
9802 0
8219 0
-31604 0
24665 0
20438 0
-30446 0
-22598 0
30272 0
18830 0
11985 0
-30108 0
-31570 0
-20481 0
31930 0
24376 0
-26155 0
-26239 0
25744 0
-32431 0
-29263 0
23268 0
-32389 0
-32660 0
25575 0
17235 0
21042 0
-32524 0
5130 0
12026 0
-32065 0
-32248 0
27814 0
-31742 0
-32636 0
-27097 0
29197 0
17940 0
30302 0
-20481 0
27032 0
-22928 0
-26965 0
-31415 0
10297 0
31561 0
28379 0
-28133 0
31101 0
15247 0
11703 0
-28879 0
28729 0
-30763 0
-30587 0
-27913 0
21503 0
22951 0
19080 0
-32003 0
21125 0
-29502 0
23205 0
20675 0
19485 0
-31125 0
-28427 0
-28528 0
-25792 0
18526 0
-21813 0
27058 0
-26335 0
-32232 0
10508 0
-24969 0
15159 0
7372 0
-28531 0
9459 0
-32765 0
28944 0
28197 0
-31309 0
-32192 0
-32500 0
-32063 0
11425 0
17325 0
23330 0
-31728 0
-31853 0
-32280 0
-27735 0
15630 0
6670 0
-27759 0
-26754 0
-32703 0
5239 0
26986 0
-20481 0
-21771 0
-30696 0
-32470 0
-23222 0
-20481 0
-24142 0
19551 0
17184 0
8660 0
27594 0
27342 0
-31721 0
-32221 0
-31307 0
2573 0
14286 0
-20481 0
11960 0
21678 0
-31662 0
26126 0
