29820 31330
-7538 31382
-24669 -10251
-13864 -1022
891 5776
9243 18910
24309 30766
-17714 -15736
15786 30071
-14380 -2814
1944 20135
-22216 32445
4992 -13086
19690 27231
-22768 23520
-3284 2482
-2885 -1494
-2814 7832
-19937 -13470
30677 -3634
22450 6920
5469 18912
6005 16189
18404 26381
19678 12632
-15041 -12522
-6836 15739
-21449 19842
-18041 -17757
15067 26147
6937 14410
25389 28918
-22898 9416
18900 -10917
-3354 -26204
2035 -28650
-29044 27722
3626 32103
31032 -5211
28437 -4281
-28733 -4867
16029 -31406
-25483 29514
6755 -7345
-24105 -16192
1851 -8346
9817 31740
22135 351
-31625 -12511
-32685 -16977
-13266 -17591
5985 16594
25628 25366
27215 8123
2670 25498
-15273 -4567
12456 23112
-24215 -20898
9088 4563
26786 21448
6118 7495
-13503 20928
25217 11528
-30538 5912
11097 6484
-24527 2740
-26901 31651
-11164 10284
-26557 -13298
18395 1631
-7179 -17612
23989 6469
24244 32641
20925 -10435
-8362 -7538
-11470 -1
12687 13289
11904 -15513
13216 -15031
30924 -10363
-28271 11892
17 31891
-6990 -19599
-2489 -31001
20875 4331
-2493 8504
13745 7543
-1184 19732
252 26743
-27468 -18073
26109 19318
7920 12608
-22752 4358
-7665 -19447
-23369 -11890
27853 -27243
-14695 20988
-4237 16911
-9440 -8443
27302 -13519
26363 -17840
32727 7061
-20056 -12299
29913 -7928
16506 28576
-9400 -28642
5703 -20242
25109 1287
18646 -16198
-6977 -31978
-32151 13091
18137 23116
-4997 -14050
4630 27627
2761 -26621
-1932 7400
-29144 11481
-27613 21751
-7504 29884
30718 -22006
-25994 18285
28700 7303
7811 -7771
26712 -23650
4282 27911
-10902 5314
-21398 16053
1883 -13512
-8580 10428
3610 -6698
25795 -24646
-23280 -316
13608 -4311
-6597 -13967
-22480 7654
24042 23375
2219 -11855
-3398 24437
-13087 21090
-6356 32397
4595 2732
9509 11087
-20415 15713
12720 8291
17648 1323
-723 -13267
-17809 27016
10360 30520
3406 -19671
22238 -5379
3464 4769
4532 13664
-2547 -6449
-17497 3255
2083 14913
9782 -27130
3251 -19175
-9996 -19180
13229 19613
10583 -29811
4088 -420
10510 -18587
17205 28855
20509 -6522
-23316 -23043
4420 6135
-1401 24553
-20133 32123
-30113 -16377
13665 -28772
-21216 8288
-27662 17483
5193 29934
29065 -3766
28389 -11018
5402 3169
5783 -17913
-16092 -13232
-17892 -32405
-16529 6576
-20953 -14586
10187 28619
20724 -24004
19778 -11348
-6398 2363
-29771 13451
7109 9333
-20778 -21919
21017 -5431
-22560 -3619
26359 22745
10441 -5499
-25378 26390
27020 10774
-13396 3872
-26167 -394
13779 -22885
-27247 21322
25903 -21369
-24387 -2002
15550 23450
-27613 -12698
13639 20036
-4341 -25398
28647 -14097
9385 18250
-23578 -25441
6252 -6890
-11526 -6723
-13954 -32087
-16822 31810
15179 -24149
-11854 24789
-20552 633
-19952 27061
-14699 -24804
-14892 -25067
-17094 20583
-20426 -8481
-1366 -2532
23564 -21283
-24303 -32225
573 26133
18151 26402
-31540 -5683
29739 15654
1594 10821
-28501 -12865
-15363 6645
8471 19167
18731 19890
-7654 9070
9413 -8742
-27135 -16031
31905 17776
-18514 -9830
-27950 -15714
-10603 -31148
-13147 8209
-5385 27892
-6096 29462
26494 -5133
25440 5253
-8035 -24557
10471 -19395
31604 14752
-4767 11005
-25074 26521
-29274 -4246
-31787 13596
31044 26131
-31680 3668
24775 19950
17031 -30649
3177 -29889
11449 -8887
-16898 19281
-16989 -25679
-24701 -28343
-1816 6634
-1751 14694
12251 18398
26422 -32497
-15652 -5059
-29593 -23492
-27993 23504
12629 22668
-7021 14655
21697 -6989
-3634 -16820
29592 -3458
25868 6124
15569 30904
-28913 27318
-31825 6781
-30398 21660
26970 -23096
26778 -17889
22661 1637
-26343 -20738
-3108 29358
16864 10436
-27127 -13245
13481 13046
-2636 2853
26763 5745
-7744 -27385
8334 -24293
-30940 9836
-32351 -23581
-24199 15582
28210 -26265
11986 5267
-31929 31594
-9736 -9387
24015 -598
-29389 -15661
-21056 26119
3294 -11890
20314 -20591
-12842 -23099
20380 19201
-12517 -2893
-25793 1477
-32525 16352
21389 -2085
-3621 -14720
13022 21546
9825 -26488
-6059 -28961
-17560 30840
-2117 3948
9149 -7474
8366 -7255
15768 11834
21344 1735
-14646 -7666
17974 31822
-16978 -7061
23820 -23346
-30557 -32558
853 24987
-12733 24954
5989 -15354
2107 28641
9203 -15251
-17936 -11797
-14247 10124
12461 -30674
5250 -6360
29209 25449
-13967 -22518
2470 -7741
-27013 31660
15003 -25326
25237 20867
7988 -27717
8425 -27065
-218 3198
-11536 12684
20831 11668
2255 -11708
-22716 -14424
29871 -11170
23631 -9234
11898 -15377
-31263 -26759
-22688 15148
-29747 -18990
22126 28218
-12137 2522
-4550 13723
15383 21153
10192 -22036
-23279 -31838
-18554 17405
-11303 15340
-9750 12323
-19324 -22424
32423 -18180
-28200 12003
21779 -10186
-14680 -1314
-31328 -2980
16645 -18642
21013 3157
-27035 4371
14470 -22984
30578 -25361
-22580 12055
-27853 -3154
21306 -410
-16139 11330
-19341 -10359
19429 -16692
-30111 -29640
-25729 29837
-3266 1027
15329 -19332
-23381 7524
-13228 4016
-490 -2173
28720 -4817
-5324 -1018
-31414 -30224
-26092 -20844
24600 -32615
30845 -8704
6167 -17061
28272 -6296
4004 -21084
3482 -20856
-17791 -18960
-5183 30544
11404 -16730
-3886 -30422
-2863 -956
-5250 27078
-10313 1711
-17205 9628
15966 -28387
19498 2586
21398 22462
-26534 -10914
27664 -2956
-23491 -29901
-28668 12205
-5873 -28445
21815 -358
-25414 -1702
14340 -3446
-254 5642
11361 15368
31493 23267
15052 6758
-11006 31049
-15712 586
8972 26424
27481 19845
13223 -4531
-20869 -331
-26743 -20426
19142 24942
-16391 -13023
12824 -24788
5603 7684
-15552 30940
-27189 18737
-22007 -32254
-4283 -1141
29972 -16147
-20736 -14557
-24460 26406
-16221 -30573
-21629 -30679
-23166 -17312
30714 -17242
24884 2118
12450 22138
1028 -3240
8130 -5373
29148 -18436
-26702 -5841
-17426 8623
-29409 31467
-6113 18890
30555 17779
-22659 13517
27289 -2876
3855 -13814
-21866 13064
22251 -22482
-9837 -21262
-3500 20767
2156 -19501
-13731 12309
29277 -28619
-29057 -9458
8214 -21558
4983 17827
-32352 1450
-12708 -31738
-4646 9529
15964 -10120
12491 4811
-21498 -3575
-8691 -7595
-27296 -14222
-7833 27799
-14909 -4601
-30548 24151
-8839 28353
4512 19425
-6428 -3297
17677 -24638
4253 -14084
-9262 30938
15768 -17982
11544 20937
-11405 22710
-29362 -4245
16782 29048
18579 -27328
-9516 -15137
-14256 -4004
-26870 -28866
-17805 4042
-24231 -31344
6126 -28364
-2411 -24424
26826 9613
13611 -11271
-29483 -28059
18115 -25571
24317 -30330
3166 -29542
-2710 -4169
3589 27432
6558 20639
-16439 -9740
-15884 4000
-30325 19272
-16060 -12295
15984 -17520
-24069 -13624
-11313 7845
-24041 -4772
-7375 -19596
-24386 -12294
-10296 10648
-1525 -26047
-9306 -27554
-14931 30343
30094 -27277
-9352 16015
-9424 -7892
-12399 31415
-2158 -32694
30413 21290
6349 -20164
-8633 -11114
-25212 -21056
22652 -31067
6262 -5212
10427 24544
-13397 -25586
25041 -31113
30170 -5761
14796 -29950
4684 -14133
28144 9730
21102 26578
25733 3161
-15812 -27096
-16376 -1742
22800 11827
-27751 7710
8624 5360
-5526 -16744
32563 -16924
17150 -22879
27590 28569
-15235 -19078
23395 -15314
-13794 -28851
20844 -11830
-26851 -4634
25936 -3439
21812 -9394
15800 -17264
-6436 -7606
20635 -25308
-32189 -2798
-1813 26318
-28418 -28097
-8938 20423
-10974 28853
-4245 13278
24034 -31229
19483 -26979
8596 29378
27845 -18914
-21104 28114
23169 28165
-30705 8050
-4519 -23305
-21988 5994
719 24717
29671 -29054
14531 -16901
25358 -20977
-24848 -9595
-27954 18700
10507 2491
-31549 9044
-23596 7691
-2517 -365
28550 -29839
-24724 -9264
16754 31958
-1809 -23293
32756 -27676
16693 2461
-26623 -509
-13045 -23615
-5308 13000
30158 -4798
-10686 -8853
15392 26013
17592 -25916
-7329 -14555
17764 -11118
30172 641
3325 1871
-26988 768
22722 -21718
6542 7614
25629 10033
6471 21368
25073 21221
25020 -5269
-23822 -1056
-29204 -20579
19126 -16055
-662 -25781
-14640 -13768
-1324 -29248
-19893 6071
-12345 -20049
-28024 -5058
-8296 -10800
14916 -25954
-1923 5987
24885 -32711
-25911 -3098
-19401 -13724
6649 -17707
-30526 26081
-12591 1463
-15634 19542
-26695 -6727
4472 28301
-7221 -6535
5018 28600
12142 8500
-1061 17877
-4780 24760
-6629 -27198
-31974 11315
7574 -15027
-28640 17654
8278 9432
16275 21818
9832 11629
-26022 22734
13279 -9343
15984 9219
17365 26564
20620 9478
11102 -11200
1825 29092
10895 -8079
11713 -31100
10597 -23900
-26824 -4410
21863 -31519
-22606 30563
-1711 -31107
22009 -9095
-16674 -2187
-20323 19147
-11207 20013
-16593 -4043
-20645 -719
-26540 -9471
13835 12252
-25765 -22284
8692 12446
26187 -27332
-31955 4807
27706 -16886
29947 -27213
-20021 -11674
-29845 16457
192 -18185
-4038 -10458
20768 -29218
-11329 -31215
14270 16758
-11562 -17638
27929 5616
-5089 -14292
-30994 18244
-18358 -21913
19283 12683
17983 -18824
27126 30981
28630 -9988
-1011 23132
-30804 8423
15772 22639
-27954 5753
18928 -16921
-9580 16682
-5290 -5216
-10993 4656
29555 27105
8764 27286
-21759 -19596
-9963 10847
11916 8383
29677 29492
18995 31342
-6811 2726
58 10820
-7200 -8654
-1893 420
9658 20970
-7528 26817
-7433 -4629
-7164 31902
595 -2696
-14747 -5865
1302 28328
21470 2075
-16817 16236
-19874 -9875
-5307 -28515
23574 26074
8668 -9546
-19248 19055
-530 20880
-15641 26748
-4098 -22283
12190 25773
-5898 -16637
-13735 13010
27641 10116
-30273 -21945
23379 -72
7985 1273
-435 19697
23556 10825
12960 4069
-19288 3953
12958 -20159
-2180 -764
29236 -5994
-9047 -5887
22625 23019
-20617 -29931
-27696 22095
16494 -18509
6090 23456
-15040 -21651
-30519 -25514
-19999 19538
-9540 -5466
4961 -26738
-2528 -7576
28600 -26489
30763 -14885
-15654 29951
23334 -15518
-22714 -32132
20021 -13489
28090 -3838
22752 -27392
18908 -25351
-26161 -1455
-8311 -11133
-2743 21425
6371 4582
6157 23216
-1974 -13506
11983 -12442
-18819 -2369
-4316 -16518
9814 -20970
-4034 19337
-21903 10155
6616 -4421
3460 9058
-8347 -5664
23921 -15524
14521 3559
22903 -10986
-17774 23611
5053 -14456
-3338 -17720
1788 -16141
-27762 9850
-99 -21178
19399 -31669
31126 -9811
-25670 -16398
16761 10734
-15799 29518
-9111 29743
29922 8625
18998 -17751
6671 -27275
21462 -28509
-32376 -19630
-29866 -8951
8554 4091
22388 8532
-10328 13194
-8867 -28394
-31014 -6505
-23575 30661
22911 -19496
27368 -28422
-17600 3575
27043 -19026
14145 -32443
22648 2933
12724 8337
15847 -30519
9756 13470
-799 -12371
-20501 -27292
-24957 -26735
-23100 8815
17999 -19999
31599 4012
17704 -30071
-17870 15614
9100 -11962
18014 13976
30256 -8746
-26207 -26673
-8273 5854
28917 53
20777 -31875
-23159 1287
25850 12772
-627 -27085
-14417 -16022
-19673 -9965
-2555 -20163
-16225 -15526
838 15031
26643 -11845
29223 4765
16217 -20035
2221 2954
12149 5454
-10926 -21321
30514 -15456
2296 23363
-12893 -17212
-694 -32689
-27274 15616
19184 -26469
-347 6064
-29021 -7978
26951 5010
20187 -9482
8006 -16948
-26625 30085
2838 -9653
17261 -19304
-22261 24578
14845 -3441
-31869 23097
-5906 -20793
-23540 21430
239 9053
11055 -20963
29485 22776
-19420 -7286
-10796 -30724
-6765 -30438
-16057 20422
5211 29886
-9604 10308
-19584 -17407
17130 -2863
-31640 27445
-3420 18642
-5842 -7999
26882 -168
-15039 -30707
32584 -27399
22637 -29194
-1164 19758
-16500 -15426
29395 -28484
-8554 -20356
-20891 9966
-18426 3137
11084 21613
3005 -3533
30960 -2510
12487 -7626
6724 19521
-29950 1079
16513 -2794
-29042 -20253
-7956 20444
10612 -15337
17000 -20807
-29683 230
-14552 2436
-15368 -4218
-907 3711
2798 -24435
9864 -8135
1330 23935
226 24873
8105 -7253
4441 20987
808 -11429
22425 3782
23180 5943
7341 -12205
-9181 32137
-12151 18745
-16190 2527
-30200 -27672
-24708 -20935
9739 3097
-25364 -24011
25913 -17877
19407 185
-1257 -16775
-28175 11842
32052 -5076
14393 -5866
28909 -25587
9239 -13713
-18050 1518
-14321 -4683
-26938 -4423
-16270 15182
-20596 5579
-1891 -17582
-27899 25096
7077 -10779
19097 24709
28930 22010
-32399 30329
29254 -11968
-6217 -27017
14780 26603
-16396 -22902
-20749 17925
5400 -29148
-16188 -26278
4139 12406
-3766 11073
-15980 -32281
-509 -2355
15853 16867
-24254 6567
-32124 -31007
-17143 12920
-16061 -4920
19699 -16152
11802 -23988
21044 -19499
4367 -1832
22504 26671
-5712 -22366
-8907 -28362
27138 -32565
23442 -14377
24225 -27103
-25248 23349
1265 24891
-21225 12427
1260 13223
-16766 -3187
-16678 6786
23351 9864
21405 -9973
27958 -3053
274 -14552
6508 -11297
-20814 -24631
28632 -30800
28031 -21329
278 28544
-27049 2360
5943 -15461
116 -6863
-7571 -22569
-16483 -27071
-24610 27813
6617 11053
4344 30250
-10307 -31998
22371 7271
13196 -27460
-17404 1635
-14117 2223
18010 -1854
21593 -29397
6197 23606
-2080 -12326
-32161 -19581
12266 27832
25653 -255
-7385 32635
12296 -2429
-18045 -4336
27467 -2318
-32457 -29061
17297 -28224
-4648 14283
-8998 6602
20347 24801
16867 -10596
31795 -16736
24505 12302
8219 28767
-30755 17185
10858 28498
-5315 -24377
-14914 29039
-9421 -26309
-2201 -7332
2208 -22672
4014 19325
-24795 -22027
-3635 -29809
-25766 -16983
18751 -14989
4233 1496
13071 -10952
-6468 12892
-2310 -10811
8770 11334
-24957 -29213
-4309 10433
-1598 17475
-25219 -32557
-8262 -4491
12061 30626
25578 17881
-27092 -810
-30478 -25561
-25226 27748
31161 17599
9731 10723
7288 1441
-15556 9760
8782 -8777
-20841 4339
7093 -31332
-2553 -13627
14576 5616
14479 14073
-32638 10063
-19915 -18036
19491 -15542
13599 -17231
26235 -1044
-10871 4967
396 -8198
13462 -14721
-9852 20617
14966 -3765
-7624 -646
-28254 -26006
1373 -12441
-2735 12686
-5651 -4299
23967 11551
32272 29161
-21251 -27834
11432 -19089
12164 30448
23030 -18208
-9519 -804
17422 -19404
-5286 16062
-19185 24020
7784 5101
-14032 -3848
-15687 1762
-7307 32658
280 -15302
-29082 17360
15635 23658
29793 -26719
-24414 -16579
31740 9357
7710 -10772
11125 14587
-10248 24005
28236 16800
8378 -24541
13098 -15490
16837 26548
2358 5757
-30432 -15045
-31906 29915
-14396 8146
8681 -2999
11340 17906
25538 -13878
-22389 1970
-3032 5295
-29539 -19610
-6255 22042
-24776 -15113
25005 21295
12176 -7200
29091 -16957
-14690 -13864
28497 12149
-28495 -5911
9418 -25785
8907 -9823
3708 28057
-14051 -11535
-1126 6687
31757 3885
22276 -8055
-22298 -23690
-7202 28497
-22940 -9637
-3985 7602
26148 14215
-3844 19252
25685 -9450
18053 -14246
-11136 15230
-19454 -25816
-7397 21106
3223 -6149
29786 19610
16352 -15726
-5493 -15634
-29737 -12594
-17810 20357
-21145 25572
-25764 4515
-3069 20675
1350 3874
-3749 23105
25218 9635
-18999 27029
-23365 -3333
-14744 5248
-3370 -14140
-21404 -15089
-32264 31113
13508 -17138
18415 -1951
2367 -25777
24505 18662
29891 28976
8639 -13749
-2420 -25951
28429 12294
5235 27022
27045 31358
-8581 -13571
-1643 -28127
-24059 -25952
-16959 -12049
-19600 -13985
19226 -13041
-15469 -21002
30221 -4752
-24635 26614
28585 8120
-1334 10433
-22419 -24803
24179 -24687
-24572 -30434
16993 -10022
3871 -21152
30603 31725
25997 -24908
-16532 6680
-14899 -21596
30105 -31836
-5990 8408
24609 7041
7870 17734
-11072 26681
5259 4678
-1721 5962
9085 27720
-4810 -19208
-1622 27911
27855 -26232
-10943 -29772
959 -13376
-28309 19102
-28394 25426
31421 -23666
11632 3212
-21984 -11588
5584 -25161
-1006 7561
9178 -24937
-27319 2441
-26953 10608
16450 -31662
19223 18654
-9822 -17928
-557 6935
-817 -18578
-252 -7511
12737 -9748
-29529 6358
12099 32292
-28739 1373
1328 -28977
-16930 -16297
18005 24027
-25864 1952
28846 -6729
-13567 3818
10955 32675
-31080 -7088
21688 16606
-3191 -399
30278 -25900
12968 1253
-4579 1492
-15486 -23014
-16043 -14087
31820 14589
17872 21823
-15564 -2204
-28554 -25366
-3555 21777
20342 29634
867 8302
20278 -17388
20723 19903
20554 26188
25055 11551
-2416 -13137
-2594 -27011
30148 22149
-3939 30884
-2835 -9012
-9086 25198
-27692 4889
23448 -23881
5325 23476
17796 25158
-19905 -18031
11397 -2632
-12555 12114
5755 25090
6187 -5556
5400 -21614
1452 9334
-26930 -20005
19436 -21123
-21327 15325
-4532 -8835
-29080 31001
-31826 27756
-4720 11872
-18358 -22748
-22823 -29899
-4059 839
-13524 14133
3212 21529
6672 6274
11588 -5366
-12678 -26696
23282 23128
12878 -8403
2007 11540
-20936 -14831
-5675 1752
-3773 28005
-12597 23990
10403 13943
1822 -26116
6878 1230
11731 -31066
-29625 1711
-123 12876
-22167 -31126
-12991 27105
-28216 5726
4473 31183
-30232 -27808
12891 11006
-3545 -30784
-22611 -16198
-25650 -5198
32669 -23158
-13592 23583
10935 28229
9277 11664
-28237 13921
-25935 17077
3691 -22515
-29863 19416
-32144 -23726
-3837 6066
-7829 1059
-20015 3114
31367 27855
24954 -28396
4361 14974
-27624 -15651
-8769 -7477
-18210 29220
21922 -26451
-22505 -19606
-916 3171
-2785 19638
-32308 -8911
32142 2949
-11142 19886
31105 -8232
21844 10127
-22157 -9016
20252 16281
-17361 17882
4224 18680
11540 -16918
1183 -14083
-16501 17200
-5274 -19187
31127 17160
12983 -6585
-15641 13095
-26358 29594
19140 -3049
-10555 -18679
-25875 -20160
31605 -563
-12092 -30386
-31405 32448
20990 22837
645 8814
-10265 -18286
24766 2572
13071 -21329
-19470 24681
10962 4535
13270 -32306
1260 -692
-28534 -20355
-406 -14445
4021 -23753
7565 -18903
10784 -17058
-32623 -24822
13094 -21488
22591 -6286
8528 25414
22277 -14257
201 24804
-20755 6779
8080 24354
1847 -15048
24 -18177
-13101 14568
-5595 -18079
-19252 -24889
575 -6435
-22391 -21848
-28326 -15757
31015 19983
15536 -20998
12485 -2016
26578 32754
-10917 1755
-24266 13955
32585 9856
11297 -21481
-18468 -16900
-12991 -32203
-27821 9497
1203 -31088
14923 -11053
-28095 -25022
-9570 2282
-17024 1836
13826 -11335
11800 -15805
-20353 -17293
-10524 20653
-16740 -5857
25839 17647
10780 8798
-11729 -26768
15426 -6200
-5957 -20931
-20856 8487
2565 26985
-28110 10140
-2012 -17478
-24582 -114
-5850 26662
-15000 27594
7781 23410
-21370 -27392
-3003 -16425
1157 -27262
-26979 -14481
-32044 31384
8016 -26460
21833 9666
-933 5354
2150 -29843
-4105 -16930
-25100 -15856
6204 23497
-30456 6079
-2214 16703
32378 -29821
22783 67
2400 -24966
12369 14688
15686 10978
19959 27530
-22050 -9353
-31420 22154
-24909 13382
-29129 10481
-6430 11686
13957 22732
-11099 -25303
25861 -8128
-31737 -30056
284 -10280
-24860 20761
1425 22352
-19375 16071
-16828 9962
-6020 -21751
7092 2812
26062 -10995
213 21188
-30801 -30708
7955 18256
-3226 -24989
-5594 23513
-1789 11741
-23137 -28413
26981 -8585
-6230 -18609
21722 -26148
-4605 -1555
-7259 -16964
-23848 -6157
-19779 -1900
-24924 16375
26919 31395
-12785 -31274
-16629 19238
15826 12528
-26965 7947
-26661 -19503
2446 -6303
-23577 -31694
9180 -10211
-1039 -21598
26597 -26950
-20423 -20144
-18666 14381
32452 -26633
14936 3283
-11338 6543
-15880 -18294
-23672 -29095
7165 -17958
9790 27539
28052 -26345
-28511 -5699
8819 9418
21608 31020
-17471 -15278
29565 1556
-16225 17982
-18313 -16891
226 -19331
-10609 1692
-2867 4203
-32721 26935
2418 15449
-30247 19280
26272 25054
-4119 -8920
22963 -19657
-5997 -28304
13727 17014
-11396 30833
-2115 11571
1839 27245
5551 20037
-11449 11730
20180 -30258
-23706 25804
23844 -29357
8115 2896
5648 8200
-19420 -19774
19439 32577
-1130 -22360
-2557 4399
21304 29534
-20385 -2464
16071 15505
23246 -15420
-22030 -31135
7905 -21014
28132 4657
-7068 -13088
-25239 25905
22718 -24470
-3025 7088
-20054 31059
18174 -2056
-25956 -19181
-16948 14687
948 7164
-3950 21328
-3392 19892
22598 5876
-21768 614
-29196 13343
12115 30940
15881 -15890
-23710 -638
-2428 -18799
-32280 -23339
-1311 -9608
12861 14221
24006 -16228
-20821 24484
-23492 7530
-24218 20336
30739 24718
-13919 -5224
18002 -19517
-3910 -102
-17120 -14738
29451 27889
-8331 8083
-24274 31660
12598 -4683
-25416 18160
-25686 -22251
8105 -27126
-21971 25114
-3514 6425
-18693 6994
-25759 7014
-9356 -24053
-17597 3832
3280 -1834
14785 8643
30688 -19137
24284 15908
-15395 20167
-12917 2389
-21314 32078
-11608 25721
26794 -21767
-17062 -9804
26277 24698
-7392 -14900
25413 -17409
4437 -10624
13716 1633
13961 9398
1513 -30102
-9761 29353
-3273 -12041
446 -27431
3244 -4495
17262 -32266
-16944 358
1502 -10398
1041 -1744
11637 21031
-12211 2787
8365 6985
-3967 -14252
12732 9382
-18229 -27352
12866 4202
4597 6780
13684 9153
-31912 24869
30314 -24773
-18455 30989
28363 5759
28040 -5063
27518 18689
1242 -23335
29901 -17842
26122 -21931
-11733 2385
26208 -16748
-4937 -7000
13811 11687
31552 -9680
-28682 30112
-730 2971
-15338 25244
-9911 18220
-27769 31335
2391 -29570
3455 27358
15545 -4433
-12121 -31322
-960 -5163
-28224 -4835
2622 -14139
-10394 31095
10791 27647
-20965 -29442
12698 18185
-24841 29703
1844 -7519
-24591 -868
26736 19734
-8692 26566
31430 -30586
8343 13163
-3879 -21102
-7953 1847
23858 1710
25992 31567
611 28228
-8089 -15879
3924 -23942
8930 26447
-31885 26291
-10946 31825
11830 17137
28597 -13731
-12048 5306
6138 -19725
-5562 -26825
-15816 10451
14556 -11317
-3914 3722
28778 -20424
21611 -26940
10171 -9799
14438 -22774
-7197 22737
-3327 9808
-18900 -6969
-323 -16511
-14406 -4879
2386 -21061
13218 -6738
-24510 9238
21846 -12337
-7552 -13192
-22568 -12419
8352 27845
32316 18497
-21312 -18285
-24137 27730
-8710 31092
4838 -20249
18784 4973
23099 30574
-6375 20466
18106 10583
23425 30619
-30948 -20653
-31207 112
7132 8245
21647 -2141
-23962 -27012
7334 -27475
9956 -2817
25379 -6116
-5318 3357
30376 27900
29601 633
-24053 4292
11277 -7078
14492 -32170
-993 12337
-9957 23069
738 -32458
-7097 7298
5675 -20684
10506 7243
9367 8253
28793 22965
-7489 32648
30325 10902
9082 -13464
-20212 28421
25127 -14452
-25549 12973
-28894 6032
17258 -4821
-26990 19653
23555 21819
11624 -14933
23616 17298
-16574 -29686
26864 1355
-18180 -542
4169 -39
-1909 19265
19310 -16114
4349 -11661
7205 24733
-10518 30589
6808 28041
-669 -6532
26314 -3730
15986 20944
12411 19292
-14205 6054
18180 7871
29706 14874
22548 -12098
29071 20317
5396 -24076
-31759 1346
-6574 -9581
-31397 30166
2609 2763
-17797 -25193
-28165 -18373
2984 -6312
-12591 32244
-8588 -30534
14942 -25403
-1917 -27970
26210 27825
-7308 -12971
-18537 -31916
20290 14743
14937 -19063
20081 -29034
-25573 11868
16448 25785
-29742 -8392
23405 -6670
-13844 -3790
11697 -15020
-14454 -3319
18461 -347
-16840 -13586
216 8208
-27366 23691
-6029 32329
11460 -8170
14528 4746
17075 -18896
-18895 14733
-7342 -21191
-1516 23368
29794 -23573
-27108 12353
-24665 -13369
-8827 9137
18872 27079
-11611 10161
-13153 27424
-5311 -6592
27364 -12747
-6109 -30785
-30608 27303
32762 -11561
3100 -31845
-27183 -13516
-27803 -17006
-2110 -27983
-5211 11533
15112 -17904
-19166 14531
32557 17657
16855 8095
-22334 -1801
26860 16725
17173 20815
-6018 19578
16960 29299
-13375 12815
32071 -10595
583 32227
-24058 9717
16132 29710
-32352 -5004
-7417 12082
31767 2724
9086 24973
8516 15109
-13394 17648
26693 -29719
23666 -29775
-4126 2644
19514 13907
15270 -31041
-28816 11770
11624 -6566
-27754 20420
6348 2210
-28829 10310
966 6430
-30124 -1662
24809 11460
20057 -32000
29386 18089
2615 -8910
-28333 -22971
19649 -18248
22910 -3609
-18764 -30292
-27840 11993
19664 -22708
-6113 29710
-7565 -8349
27655 1853
1506 2563
8949 1217
5234 -2355
11090 -12675
7434 -31178
-1697 16751
21903 -20633
17414 32349
-16791 -23857
26515 -3368
-31844 18300
9181 11698
7896 -20525
15613 -1703
-7529 -11232
20221 14900
23829 28864
-28236 21097
-11373 -17575
31382 -15272
25005 32399
-94 23252
30302 -30037
-933 -11959
-22204 -4175
3972 32140
-23725 27470
30388 -9657
-25805 -11513
24961 -25187
30656 -30771
28817 -1058
27714 -24492
24031 3262
19292 -5753
-24397 -24127
28909 -7680
-18914 15310
-4876 -15920
-19949 -492
20517 19660
-29297 -12060
-25891 6114
-1224 23750
29911 25143
7132 9133
28981 -30537
-32529 -30301
16850 13438
26288 24124
-9304 31150
-20522 -13155
-6596 -5939
19940 -24941
-30980 -7459
14006 7909
1706 -17965
-28327 -26693
18736 16488
-21851 30295
7792 -26720
-27774 -29010
23762 -3218
1986 -25837
-30263 26932
-12672 -25288
-26805 -4692
-25462 -30274
-28202 29362
-7269 -11997
13224 25
-1236 11252
25707 -5889
-13764 -2176
8535 -22488
-5085 -21240
29421 8896
13056 15014
-25853 951
22877 14015
15206 26016
-6401 -24618
1523 -2727
-7447 -25200
30996 -25323
-14346 -22509
19662 9276
11467 -26461
14565 -26851
-24062 -14575
-21614 2444
4754 3379
-27605 -18578
1208 -23684
22424 -7924
21165 19682
-1572 20703
7191 -369
1318 5224
29139 27409
2970 -5645
22357 -4487
10712 9668
85 9892
7888 -28074
-30118 -1809
6601 -12019
-7933 11540
-20430 -21322
31107 -28653
-26725 15429
-23840 -14983
22135 13591
10323 21996
-1781 -23180
-24530 738
-25724 19470
5563 -18060
5314 -31116
19119 -24030
-8791 25532
-19278 27522
-13933 -15101
-28960 -21977
-30058 12791
13958 30096
-25670 -14187
21489 15102
-23154 7339
-26084 25877
25880 8283
55 13178
19786 -19591
-6274 -16504
-31015 -4918
5527 15708
29551 -23124
21196 11502
-14004 7711
-691 -12119
-14186 17559
-17295 18960
-11116 20315
20972 -26635
-9503 -26928
18038 -10310
-27698 -12107
14621 31772
26223 24641
19929 4146
-10970 27939
-17506 29953
-9501 32422
-29130 -9282
-24421 27410
-14365 10503
11441 11795
25249 29518
3085 22763
-2162 22494
-10054 22631
22846 -15239
-17448 -13300
-17219 24060
-14152 -7188
19569 -13910
-15734 -8796
-681 12879
-21898 11651
17232 -30833
14630 30929
4191 5956
-31309 13183
12464 27153
23772 -6441
-5227 18154
21544 -3985
31358 -30278
22358 -17482
19363 -17040
-10568 -31378
-16164 -6946
17550 27257
-9452 -27319
-27737 -22935
-19977 -23146
7196 -15234
-8672 1979
12908 15554
23230 21558
12299 9375
-26235 26002
14830 -22546
27025 2885
-21082 -19622
29509 -23308
22035 -6468
-15361 -20460
-1179 -17897
4528 14202
3447 29746
-3519 27653
-6583 28628
-31088 -3348
-9131 30150
30205 13024
26123 27326
-27192 -5477
-15383 28736
-6463 7436
19619 -13611
7799 -23216
25659 17924
-4549 30933
-22871 -5050
-22647 -10094
15625 -16156
-7145 10481
-3409 -14222
15658 10270
-27791 -14069
-30298 5116
-748 2741
22119 12311
8436 19418
-31217 -29864
1303 13306
12079 18644
-19479 15169
-25159 -29115
-18634 26597
-28246 11883
30358 -26845
-28744 18677
13148 -30814
19312 -15849
-20935 8105
31530 27795
15551 19526
-17750 -12943
-18684 17070
-2162 -23508
30464 -21190
-2735 -5614
-3090 -10107
-20778 22495
25917 976
10812 28145
27673 -29642
-331 -29218
1415 -8885
22232 -5356
9786 -29596
-30972 -32088
21499 -8524
3180 17759
-26208 21067
4787 15536
-1119 -16682
-16055 29923
-21369 15783
-32626 793
-22673 23427
-25003 -7063
-5794 -8773
-25857 14914
22773 23273
22266 12159
32395 9603
910 -17033
-8278 -848
-15032 28073
-26751 -25810
-1158 -5005
30029 -18043
-16699 -11660
15684 -3061
23417 23406
-2758 8345
13151 -11115
28024 23019
31257 -16212
-19969 5427
-24141 5011
-25569 18761
2930 1106
11375 11374
-22996 3953
809 -6703
19852 19308
15646 -2713
11241 19283
-30099 -18258
29212 12576
-898 -29886
-30659 -26239
-7233 25295
16192 -3713
19097 15299
-31742 3611
18118 15614
28469 23837
-29986 14996
12689 -3131
31217 27452
1060 13864
16030 -17391
-10616 2491
31868 -9849
27062 -29147
22861 -28558
-18931 -32041
9039 616
15732 14220
31464 18651
-24950 -7332
-7907 -6119
-21729 6201
17049 18398
6277 26300
-18639 30621
-3018 -6008
-10962 -18635
5051 31505
16695 -16712
16446 -19230
15525 -32048
-7838 -26918
28088 2093
-28899 7885
26562 31686
30876 18343
-31888 -15626
-11874 9531
7326 26918
-4200 197
-12556 -28576
-22041 -17545
-29761 -25036
-15990 -31943
6767 17508
-18550 -16980
-25086 6368
16466 4356
4148 3696
29698 6704
-41 -10608
4817 21539
626 -32636
-6071 -2096
26020 -15868
-23459 29404
4829 22867
-12426 -30494
23476 14732
16254 -27385
6279 28349
3414 -21182
18336 16554
22099 28035
-30872 17784
-27577 -28288
-25130 -24593
26965 26698
15597 12970
28876 16045
-26962 4702
-17326 3732
20685 -23781
-5424 11868
14129 27058
12194 18800
-17727 -26798
14539 1571
-7156 20197
14602 -32460
-12121 -22244
10712 -6341
8305 -7025
9740 27873
15082 12877
-17335 -26976
-598 -20162
6305 23456
-28945 19178
-6739 -27495
-6449 -11918
-22659 12986
8023 16313
23121 -12092
29493 -31523
13895 -2047
-32077 16128
-25147 -18317
-6161 -4765
-15371 3786
-14628 20198
12926 -3381
-30321 27583
-3532 -2928
-12671 -13685
-24923 -16233
30745 -2842
-8791 -26927
10499 -2064
-24059 19567
-16943 12181
32744 -10980
-3653 1080
-17400 3578
12257 9060
15571 -8591
-30416 -21656
10374 9441
-19477 1761
27112 22533
-1745 -4793
4871 -7151
8406 20616
14221 -19533
18778 -23858
-21901 19283
11645 4179
-4558 25213
-13951 9445
3242 1972
27782 15451
-3288 28292
17083 18048
26016 1690
-5711 8148
9798 14130
-25240 3067
-20714 25149
27273 -24884
-15359 -17471
-17381 11340
16134 -17196
-1462 -20483
-9802 -24639
-7492 10239
-6588 -27694
-13238 23077
-30803 -18938
-21971 -13452
-27721 -12720
-20495 2131
25833 15905
-29038 -4745
-6905 30869
-22055 -18154
26479 3836
10996 -10348
9080 -7087
-17436 23586
-17226 -5523
-12792 20143
-2937 -10792
-3232 -26210
-1378 -27455
3398 22246
24845 -26864
26155 -22236
-19281 -28156
-27690 9845
-8489 21944
-1440 -13329
-25045 24290
-9041 -30156
3724 29273
-2000 -26091
19856 -13857
21243 6235
-18534 8262
-28002 15180
-4572 -14067
-16045 -17583
18726 23326
30128 21874
-25126 -3332
-7681 -19479
-31727 -18313
-26415 5303
12260 -17190
-31953 -19418
-13394 -3661
-26319 -9332
-29113 24746
30244 -8615
-21784 -23339
-2384 -9234
29838 21773
2392 -29032
-31966 -6918
10375 19201
-28923 -21498
29736 -1643
-19243 -302
-5262 17173
-9690 -14954
-1189 16557
20458 -8502
-6489 -4315
-6749 -14004
14803 3638
27721 -20738
-11707 -2718
-20139 -27151
-19603 29656
6855 10611
32126 15360
-12574 26618
13603 22863
-8842 -20268
-17068 -29854
-30344 -3521
2445 -32601
11754 -23800
-2572 16732
-27652 24363
18269 -25218
-28401 30960
-14504 22706
16631 7256
-19806 10687
27976 -9915
6972 31864
-11924 15460
32100 -28403
-15863 -25768
-10729 -193
6711 10095
-27093 -14791
22083 -29227
-30149 19857
19699 -17502
-24350 -3195
24534 30614
19242 10749
19464 -18766
-4314 -10966
-9570 -4048
8038 2561
-23769 13408
21582 26124
-2163 26725
-11215 -28016
-21626 29801
-3003 25564
20320 26872
27187 -11273
24459 25697
12412 24333
-29854 19018
5400 -14204
19991 -7356
9880 -19280
-15554 3164
19667 -16082
-26639 10133
-6664 -15182
28982 -75
31463 16019
-8890 -6430
-21234 -26516
21785 -8592
-4787 21421
15739 -11993
-31426 1632
-5146 27600
29130 9895
11875 -24148
-30536 -20994
18468 22177
11156 -9630
-20848 20461
-2778 15305
6014 3042
-31490 -19762
2494 17118
-2812 26289
-5663 10328
-7964 -21367
23936 27934
884 -10954
3824 -13872
-23119 -26715
-32226 10298
-1113 -25645
-18759 -14257
-19104 -30100
-17606 10082
-19660 -13064
9315 29576
-15341 11136
8246 -19295
18102 31693
-4202 -12482
-10184 -29557
-29178 32096
-7493 30924
-12804 -17301
19345 15003
-15493 4589
6621 16957
-13385 16551
-18486 16934
-20436 -23461
-23628 508
27609 3612
2230 14739
20944 28446
-7266 23619
-18019 17846
-29688 9075
-26718 -12489
4653 30821
14074 -15477
28359 -31893
23032 -8431
726 -12196
-22532 22902
-7407 -4027
-8779 -20648
-13167 -14654
3502 -29295
2602 -6409
7147 -7433
9109 14913
-17540 25802
-26208 -19339
-27594 -24958
-19965 29240
-3341 -27562
21332 19250
23 -19688
-5699 -32657
21463 -3497
12554 7040
-8004 -13934
18453 -22890
-15517 5244
12037 -7615
14722 -6471
19701 11774
-5079 10505
1870 8775
6778 1442
-26847 29703
15456 -424
-25972 -23670
-5043 24462
30837 29049
7991 -9100
-1946 -27960
-31636 23646
-6826 8762
-27813 -12403
25039 23609
21672 -11152
-4212 -28112
-10153 20505
-5469 8134
10785 -31502
18796 -13708
-12584 12444
27194 -13103
4472 28138
-12840 -5650
5123 -29313
-10807 22059
-6563 -1042
1488 32318
19299 15493
-18595 23230
13498 -1332
22806 -12326
-32472 13506
-27769 7298
24338 -1513
23296 25598
26489 20228
-10537 400
-10437 30382
-2086 15014
11817 -20936
-27712 3140
25811 -18033
13858 -17317
-25025 -22336
-17997 -14188
-27546 -2058
-31813 32687
11876 -15369
28840 27612
21246 -21396
-27864 31928
-24950 -3785
-17875 -1282
1537 -31667
22168 -14486
-19447 -18687
28962 26683
20334 -20813
-17251 18617
11454 6224
-15796 2131
8812 27365
11221 2988
4361 -20680
-9137 -9773
32551 5803
9927 23958
6537 -725
-24362 662
-19584 28053
29374 -26400
921 29232
26855 17211
16054 -16753
-3115 -14541
27895 3194
10305 11861
29063 21668
-10694 23182
19646 -3183
-28753 16723
15578 19073
24715 25819
7439 -14285
-12704 -2114
-11857 -7047
-28865 12046
-7898 -2693
5405 29910
-23212 28799
-2015 -3906
19699 -18343
-28971 28848
-32664 24164
-23264 6850
11739 -10892
-4944 6573
19525 29451
2986 -11214
-26921 11957
19080 -28259
19477 1384
-30856 -29943
-27770 -9914
-1606 -19781
24403 -19657
-20739 -28666
16725 -21800
9020 24726
-24308 17371
-21554 14427
25307 -2680
16095 -21977
-16063 18472
20145 -11423
27551 -14496
6056 -10903
18634 -21756
1061 32301
-17457 -26262
30745 27642
16516 29751
-29114 3670
17505 29246
-9403 -16106
-6446 29345
28922 30167
-26863 11702
25861 -27714
4259 21653
-21298 17874
-30220 27966
-22585 29870
-13447 17016
-24105 18945
-12839 -15742
-12686 3220
29896 26653
32666 -30442
-27495 17970
6781 -31911
27869 -10223
10975 -31530
-10161 -2124
2599 -29035
-29546 25945
-30207 32194
-5991 -11186
7874 30373
5459 -6542
-5274 -14764
-21349 -11846
-12817 27021
-24598 32183
18846 14208
-10942 -20132
25570 -7447
15811 -4740
-22015 -3929
8283 -18091
-9037 -9454
-2871 -21294
8382 26761
-20664 -19884
-30778 15223
2094 5747
14523 -2321
28761 -26917
-3259 -32016
-25080 -31187
12447 2947
15097 -7415
-20304 -3464
15135 13731
-21651 -12198
20727 -23783
12760 -13012
-12377 -15210
31283 6422
3473 -11865
10026 9517
16042 -32056
-5266 9296
22011 -8350
24750 2954
11956 -32321
-26956 21057
12725 4431
-1032 32557
6259 22269
26869 -2842
-31058 7972
14242 26029
-24456 -20198
32667 25232
5960 -19662
-7026 -12711
12746 4468
20058 -9136
31549 20425
1590 -26278
-13584 21834
23757 22557
-25011 30921
-26492 -27293
11281 -4733
21475 8596
17003 15569
-441 -9197
-21908 -22676
12151 30245
-24998 7936
8957 6
-19107 -9600
-1834 -3024
3782 -5208
18872 9990
3142 -5064
6691 9568
-7154 -31293
-17090 14597
-7740 -7262
-9076 10617
-18050 9707
15902 -11703
22759 -10470
-7167 -14822
-9588 11861
30876 -15666
-17427 -24866
26164 -31455
-13979 22309
-20685 -6918
13491 18421
-28743 13532
-8181 -2468
-18584 -23436
-15921 2622
21037 -7761
-11437 12116
2567 25134
29742 -20205
-23845 9434
4222 -8659
3766 28230
-16714 -28605
26411 4853
-10106 27341
-21391 -1392
25820 13591
-15701 -5928
-4549 -28267
22073 -27160
1286 1923
-31905 7580
-31847 8185
59 -3841
-30757 23512
10651 2562
-27672 13870
-9699 25098
-23284 -12553
9148 24721
-9258 -26168
-6707 5968
15888 -12331
19791 20471
-24932 462
15163 22371
1228 7801
20303 -31366
274 -2225
24834 -23346
17866 -22769
-23706 -11661
-3686 -31911
-11681 24683
-28937 9457
1977 9720
11832 -31008
-29238 -6893
2778 13486
30339 15161
-11640 -2784
11535 7994
-11516 6991
16996 11698
-25214 7758
-1226 26089
-17916 -25255
-2364 28819
-9585 -28650
7901 -23639
-32321 2005
9996 -24882
-29976 -15787
-8892 30926
-27490 -7039
14819 -14539
28585 23913
-25322 29743
2952 -3262
-8468 17859
-2004 -801
9269 -10054
3167 -175
20882 -694
-19526 -30777
13363 -28236
17135 -2319
-29049 -11318
-2637 -8831
20739 -604
-5754 20644
8138 8861
21109 -1740
-25739 -25005
-16845 -26370
10661 18681
4732 18664
-14369 -16064
-12656 -19853
2394 19999
13979 -10855
175 -31806
-30654 -26940
28653 -23244
28089 -27386
-11683 25787
-32391 10889
-6696 13532
28251 -32740
-13415 -12951
-3877 -28730
23763 18206
10173 -19150
20214 -2067
14602 -11319
-23300 2983
-15531 22360
5488 -21851
-11234 -31540
17950 7949
-18516 -22581
19251 -4906
16495 20211
-19289 -12418
29944 22619
749 17508
-15986 13508
-5467 -9611
6759 -25314
29540 25939
22192 -24605
-12922 -16647
13348 -17608
-20220 3125
13353 -24459
-16842 -18593
23237 213
11491 -6357
11983 23966
-9686 8304
-2338 -24547
-24216 -17133
7615 165
-13017 -5847
29394 -17386
-4761 10857
19761 -2644
-3113 -4826
25690 28217
-23112 -18252
10629 2405
28907 -3427
-24306 -2627
3670 -21122
3875 -22765
-16941 -8547
18775 12412
29940 -4472
-7756 -8671
32727 2696
10230 27011
-1853 -10025
20530 23312
-19168 21900
-13519 14876
30883 18011
-1096 26861
-24608 -12996
-30380 11653
29148 -21260
10363 6507
22382 -25299
6111 13763
27369 22588
24505 13751
-26217 17485
-8345 -8148
3762 25754
8672 22766
3899 -31249
15182 -9694
22648 -30595
10688 29199
-9640 -21276
-28035 8658
18831 -8477
-2122 19372
23866 23962
-32655 2989
22956 -4172
-16926 12335
-8346 15564
-17721 14417
-27386 19543
-20619 -23812
-14321 -22342
-18522 6993
-24100 12598
-28575 7949
8107 -26401
-1373 10108
26290 -3196
-30365 7957
-28329 23281
-30223 13473
6232 9545
11597 28978
25178 9053
8321 -7427
6437 31287
21644 22603
-23331 14680
21238 -30328
-2609 -625
21615 -17342
-20755 3703
32625 -14336
-24227 -4515
-18800 -6857
9493 27328
10720 13448
19399 -11487
9965 -31971
6185 17732
1904 -3768
28495 22703
-8370 18202
-23349 -14903
32056 28623
3346 29434
18726 24596
16820 -29024
-25178 -18636
28030 -15274
15689 -32734
13277 -28534
-20704 29617
-9887 13166
-21362 26728
-22021 12369
-23334 16722
16096 3925
-28488 -10763
29101 -7347
-32502 -29761
-19993 8151
-29730 -14948
-15433 32638
14593 -31125
-11911 6940
27691 20962
29633 -25351
4542 -16063
-1422 15057
10647 -13270
-7318 30878
-18091 -89
-29938 -20035
5414 10935
-10864 -25079
-1482 -8372
-12756 -14414
11046 -31629
174 -27316
27662 -7368
-8800 -19539
30180 -27036
6368 27607
-2776 27977
4926 13892
-32410 29918
15234 21689
3068 17535
-10445 23640
8350 23052
8803 9987
22826 30025
-3331 16472
-19694 -17292
-25220 -17035
-29269 32228
8225 11284
-24976 -5897
-24293 -10177
-21794 -1886
26706 -18277
1529 -5314
14731 28831
15321 17671
-838 31998
191 -13459
26855 15823
-27072 26940
5462 -25651
-22908 7945
4394 -5443
-7968 4534
-1518 -24614
-8350 -21333
-3592 24877
-27500 -24178
-20644 -23482
14464 -9701
4911 1693
-15520 2260
-19485 -8551
-31310 24967
-3035 -20771
8971 -11846
1726 2076
-24936 -25233
12149 -5191
-17910 -14045
-6728 -9547
29075 -32526
30701 21059
-21692 -27040
25979 6150
1342 18782
-25421 -10041
18822 -26139
-8673 24580
-16943 -30765
-20585 17470
27298 13242
6217 1576
15183 23032
-26013 -23561
-25106 -19874
15401 27841
-23203 26218
-20351 25267
-25924 -7782
-16838 -19601
-23511 -6879
-25388 -24305
937 11659
-11886 -13722
10743 -5908
-21720 12609
5510 23163
-32611 -18759
-6441 -29599
-14685 -9458
32035 269
16807 1611
-26642 25527
18511 24178
-10876 10432
32361 2041
5528 -19844
24520 -32724
-10143 -3527
-27986 -14492
-21631 -30887
5309 1971
16743 -1946
-10889 26739
26452 29354
-28128 -6849
-26724 32762
-29505 29513
5867 -25210
-32292 -26844
-22886 -22945
20502 14563
-26814 -6416
29233 2098
-20862 278
32720 9755
-21495 11309
-10750 -17410
-10945 -5364
-7376 -16844
6956 -27592
-18057 742
16725 -19640
26041 -13050
-23949 -31021
10826 9176
564 6523
27091 -618
-20784 171
5877 25563
8451 14127
-12570 -25090
18782 -29668
-16307 -5527
30681 -8157
4999 29994
-10795 -18150
-3754 -19776
-6803 -661
-16001 29070
-30733 -10687
18181 7443
2321 182
-25413 23905
13127 -27038
-16190 -13816
7668 -26917
-8365 -15313
-26565 -4037
-15949 -19799
-23469 -18478
31025 -8353
31440 31147
-3046 -23014
17525 -11869
29184 -12549
-20456 23676
-23929 1640
-4519 -7288
-12654 -29851
16460 22899
15301 7629
17004 -22480
32532 -8684
-26588 3246
28119 -17223
-19454 -19062
-22714 -31450
21320 -23722
31879 -32078
8626 -21857
23679 -28196
-30735 -16610
13060 -14232
-7910 24769
-3308 20652
-767 -8339
25808 19133
-24353 6834
-28321 15155
2156 -21440
32009 23432
-27479 22077
25687 -30448
16597 14209
4139 -14349
-20319 936
24780 4252
27681 -12041
20082 -11563
29793 14143
16734 5250
-23433 -29793
-19782 -19591
10902 -19867
17943 -29859
-26676 18894
22465 -20913
18573 -3221
6283 -11641
-13758 10165
-6297 25536
30676 -601
27346 -662
-6513 -19096
28458 11771
13114 -21735
-26173 -11326
19023 12621
-22868 8766
12266 6152
-19207 -22280
-11382 19300
21997 -16087
-26072 29498
-27207 15216
5635 -24164
31526 -4525
22732 26168
-12454 6901
-29431 32673
14385 -9038
-18764 -19338
-12095 -15316
-28911 -21
31633 13160
-11490 -28381
23724 1155
-22148 27588
-10570 26691
27873 18425
6522 -7541
3934 -20887
-27261 -26419
8943 -18231
-23253 -31171
5139 -26391
-7069 28809
16379 12665
-3404 15693
-7145 -29041
-5636 -15072
-16137 -13190
19907 -25308
-15653 -982
-24475 -5955
-19798 -6557
20636 -16040
3197 26764
-16915 22251
5655 21828
-30647 -9922
-24627 -345
-27573 17496
-12259 -4591
17392 20480
969 19816
26873 -16146
22871 -11665
26 3775
-14806 -21870
3961 -23464
9696 19308
-14359 4731
-2782 -29821
2563 -7820
-4632 -11622
12166 17161
25344 -12391
16026 23860
27262 -20244
-24349 -13090
23768 28002
16457 20103
6425 -3479
14926 -21411
-20685 -22454
-7173 18832
-19587 27079
-11699 -6651
-30209 -26833
96 3564
-25853 19748
-15295 22455
22778 6922
-10508 12391
28976 8355
9363 22007
-3205 6815
-18843 -26648
19519 -26492
-21724 5872
1188 -14731
29658 -1290
18298 -9544
-24601 -5299
-5252 -7267
-3880 -30107
29435 26034
-21919 -25357
10426 -669
875 30531
6111 -5249
-26107 13847
-24473 -13424
-5641 23974
31965 6262
3776 27247
-24637 -28664
-31226 16336
2505 26454
22740 -16992
-8450 22752
21404 -28543
-1787 32749
-2289 14642
21048 -32740
-11611 -31038
-12041 12654
-14398 -25685
-7786 11166
-3131 -5725
-28186 26561
26049 -13135
-27338 28651
-20070 -5972
8724 -15531
-17248 -14786
-2509 -5993
32292 12972
-3258 -13320
6091 30546
-1072 4119
7925 22489
-1311 -18700
-6738 19764
22369 -9153
-6017 13688
2442 -18100
-12904 14982
-24507 28700
-31825 -23012
25580 29954
-19284 10707
-2361 -27987
4596 -4410
3638 -32560
-4912 -28168
-13327 -11052
-28082 -29003
27656 -1085
25158 26524
20918 -13037
27045 -1134
-5035 865
-32740 29273
-25592 26211
30242 17255
-11038 -16831
19362 3914
10295 26913
-5331 19553
1314 -19355
-7790 6974
-12891 23819
-25157 25519
-712 28649
20039 28068
30006 -5277
-25202 -30640
7588 23098
-2592 -27542
-9773 -3576
-8793 -7873
-17517 24271
6204 31124
6186 -12361
-3065 31420
19382 32057
7870 -5202
28652 13503
28184 6131
2517 8150
30252 -24700
-532 13288
24356 2641
30775 7345
-27412 -2895
-29582 19658
12297 29927
-5869 -22165
3322 21221
-21223 -4632
-2685 -11422
19036 29110
-6183 -5003
22359 -27014
2216 -28192
23330 15524
22098 -1209
-7966 14055
18764 208
-22673 -23558
29982 -14412
12126 4595
26677 -20389
-19006 11929
1016 6756
-12277 27618
-31320 -828
17081 -7529
-15226 -12777
24207 -18210
-28921 -30140
-29438 -24002
-30517 -7374
-32014 -14753
-6732 -6756
-14896 22081
24386 32124
11067 10526
26918 13711
28212 26341
-5026 -5692
-23666 -23278
-197 -3167
4520 -11502
23679 -15496
9401 -1044
18574 29854
29722 28976
-27185 -27172
15866 -6856
13436 27881
-8484 24926
-11715 1827
-8712 7535
23164 1610
12413 -12194
8629 -22592
-4559 -20063
-27695 20368
13014 -811
-25170 -13196
-9851 203
14271 9529
27500 -27888
23789 32767
27759 -5993
12950 25838
13735 20179
22447 22255
-27602 11470
3687 28662
24827 2800
-14204 -21332
14802 3401
23372 -30897
-30744 -4417
-812 -19501
20062 25030
18484 -30946
32212 522
-9554 -5537
17105 -9283
-21360 -1212
11471 -26705
-8578 1016
-23113 26469
30245 32111
-9521 3141
-4369 -16172
-327 19656
18262 -26160
-25417 -27230
-13905 -13401
32419 -31366
15576 -32199
19367 -14706
-8052 22287
25709 20598
19599 4837
-25944 24652
-20103 -11705
-19845 -30400
7200 -31269
-20434 -247
-3318 23519
-31907 -26255
31278 -18362
11127 -21623
18204 -5912
3959 -2241
-10451 -26710
5549 -14438
-6526 -29997
-29869 6482
17960 -10206
1199 21247
16326 17146
715 -18460
-21164 -21987
15986 -23825
-29366 -14000
26654 12783
-16621 5179
-12515 -30680
-25226 22032
-2258 -8457
8959 -19421
-22157 -4766
-6467 14607
-144 -32111
2281 28350
23429 -24135
14172 -3398
-6026 -7466
-21576 -14861
-28035 -11344
-4372 -26619
19483 -8128
-23301 -11192
-6494 8526
2355 -22325
22002 1100
4462 -23189
27330 -29482
-5063 25653
-31859 -23058
-18017 -31978
23709 27662
18190 -8179
-29034 -24523
13990 27715
-8174 -10370
27620 28620
-15374 -32375
9895 4242
-15048 3163
-12739 14082
-11878 -24501
23097 4352
2846 -22301
2224 -19544
-16256 19382
-27944 -20861
21835 -13275
6779 31522
-30371 26134
-28515 7161
-18738 22105
-18074 -18287
3751 -1852
-2192 -26602
-19283 24321
12699 3154
372 -13596
-14160 674
-3796 -25168
-7356 -15953
2770 -20762
25151 7173
12043 12811
28939 29425
23895 -17062
15949 -9404
-26488 31527
25762 24414
-30429 -27457
-30664 18740
-28558 27849
-21186 16572
4852 1421
-13026 -19282
-23145 25624
-29317 28874
-11701 -4788
-11629 22280
2620 -32645
-231 -5837
-1348 16466
-4225 -13416
18878 -7202
-5755 27931
24126 19024
-4257 -5146
27709 6428
-24321 20269
-31629 -31408
-26247 -8814
-20533 5645
-22424 8047
24445 -29807
25940 1721
-21048 -12347
-1221 7543
-20686 -23552
20414 5699
22696 -9022
-13795 -21513
30171 800
2202 12652
-32056 -15452
12754 568
-5855 8937
7403 -16075
-22506 -26199
30446 -31226
15893 22440
-26878 19405
-29518 -30658
-23369 -17597
-1850 -11288
9775 -23839
-20787 14336
1801 11869
6603 -13564
-10905 2741
4608 -3640
-29383 32406
9769 20464
-11390 -1255
4220 32488
13077 -3921
-13767 10141
-17450 -6716
-15589 -31849
-10209 18981
23468 7101
-9211 -11945
-18444 28102
4002 -5957
14629 -6662
-21893 4273
11664 -15250
27270 4416
-1476 14409
-12717 -6220
-23220 -31383
-14596 5676
19127 4101
-5555 -25772
-9171 -3987
25432 -10796
1618 -15
4945 4351
-29878 -21999
-25400 2527
14699 14178
-30311 9623
-26260 -29798
-22075 -25352
3143 -3292
16216 -16787
-4371 -21372
-7559 -29216
-12961 10969
30505 -18176
-12308 -2585
11981 23250
-27549 -8557
-4921 -31618
1610 10277
-10941 -1898
-1400 11763
25574 16956
25180 -20037
30649 30695
-24856 -3996
9437 12423
-8669 -4709
28125 -16777
-19369 -23073
-29371 -14744
-286 13019
6499 10575
-11895 1497
-18617 29555
-12817 -26782
845 6023
-18107 32651
-29453 13028
-28646 16857
-372 -16214
-28580 -10171
-8189 -1699
-15762 24463
-24566 -5272
27521 1297
7908 -5106
-5776 10558
2503 1940
-12836 -6577
-22791 27001
-21896 -26089
-1012 30272
-32190 -19585
-13047 -16808
15524 -14764
13222 20624
29295 12568
29337 10476
-22938 10584
-11015 9661
31493 15663
-3826 28326
14768 14548
4737 -14326
-12689 23397
-12919 24283
-4931 22654
17364 -10161
32257 -15871
-8348 25076
6682 30808
6325 -19382
-4176 -23557
23255 -23123
32457 -11648
30202 30965
-23486 7841
-4423 23273
-31393 -30408
-531 -26615
31502 21413
-29427 -1494
16085 10585
4879 5338
17425 -21686
-7749 6432
-31509 3458
1176 -19028
-10396 13131
31707 31968
-14132 10251
-5516 569
19793 1036
-13067 25238
3291 -8604
7912 -14684
-11032 -14685
-45 -9497
-4632 -19780
4754 -29040
29847 7631
-22944 12608
3662 15305
5383 12003
19403 26162
-9203 -18167
-2468 -7508
13798 -22455
-21859 2396
-13162 -30647
-30056 19246
-29788 18280
21831 6192
-19393 17976
22145 -29197
3761 -3673
-14341 30855
-24047 -25447
-30774 9955
17983 16876
-15105 -3781
-2499 25256
-19166 -18484
1630 -15319
20003 23322
-32292 23748
14527 7651
-12958 -13384
6011 31996
-21917 -1527
28584 -17153
-24333 23978
-6932 -15734
31009 8320
10578 -7470
-11239 18837
-8846 21573
-20426 -10990
-13345 4929
12827 22420
22758 14191
-17334 -32214
-31116 -25370
26668 432
7757 -4288
19536 30885
22908 -2145
9766 3855
4808 -17605
26421 -14865
3111 15309
11395 26185
31960 1165
16866 19839
23430 -22598
-23511 16205
-4910 23889
-29813 3926
13391 27065
14341 19483
-13663 17610
13523 -27363
-4050 -25298
738 26571
-19876 18162
26395 -24679
-29269 24620
-3317 17176
3710 -32624
25144 -19120
-15658 11276
20100 30306
-12444 8276
-8060 -30925
-28559 19830
24080 20394
-31635 8753
-1360 11504
27113 -18002
31576 6893
2825 -30464
-7600 -1542
-25154 769
11445 -28874
-3320 -15177
-3411 8082
-3816 -14444
-8827 -26712
-31503 -26828
11491 -10214
7946 20868
-96 27072
-11488 6244
1918 24921
2864 2985
-6961 -2107
-9585 -28815
12120 21570
-20510 3670
17747 -19664
-13814 -1565
28765 5121
13062 30430
27721 -3262
-31341 -26863
27520 21610
18802 -9828
22755 -18275
-20284 11787
8056 -31353
-25142 -22823
2483 11236
1248 27160
16773 -19197
19735 -30217
-11656 17122
-12746 -4588
-21393 18753
11724 21847
-26672 -4983
-21756 -18082
12387 -19407
4793 14281
22366 27464
24929 13698
18282 15844
-6900 -26317
8090 -4025
10347 11605
-26087 6671
16422 -6958
23825 -12352
-3572 -18043
10041 -15192
5833 20398
-11439 -13230
-10127 19463
-16188 -10139
22805 -2280
-32675 -10503
28727 655
15741 19084
15148 -22638
-9502 -22817
-7530 -2203
25672 -30441
-17859 5315
-31195 -27422
-1840 -30887
-11531 -1860
-5817 -28629
31973 -998
31715 18880
12098 -1210
12202 -20999
-12284 10364
3859 18579
-26989 15155
-16489 -22853
-9908 -3947
-23958 20374
23767 2873
-26776 5975
14342 12619
-31897 -18128
-7996 -10252
3676 16769
18079 -3392
-13451 13903
7444 -1412
32669 23301
-22753 -28626
-27151 13211
-22290 -27076
22361 11675
5209 -2918
-17385 20678
-16675 1299
-24696 13652
24867 5615
23253 -16668
-24804 -9809
17532 -4611
-23603 29731
9229 -26542
-7248 3245
27083 24150
2349 31046
31132 11583
11082 30393
-7160 -30968
3029 -1570
-14299 22568
30520 -10594
16136 -2719
-8776 -17091
8727 -32308
-29012 7695
-20689 -7879
-28881 31820
-28603 4797
6843 8217
32011 -15594
-31106 -24672
-6549 -22332
1263 22709
-19136 -12753
15772 24768
-13482 -24230
325 18372
4795 -18139
20822 -13683
-15862 28232
30515 15160
19239 1560
4294 31591
-1171 -1831
17574 -3414
-10026 28823
10534 -8117
6044 -3484
29363 24525
-19861 9136
-2121 25897
-17907 -9301
-14099 -21443
2756 6316
-2014 24196
14937 -23052
4210 20260
27742 -498
6289 -23311
27801 -5341
11863 5851
-20211 3345
12372 -32613
1960 -23110
30014 14887
-2991 13812
17268 2644
-4800 -28857
5473 -25799
31993 -17936
29590 -14295
28012 -21625
-31543 2688
-2738 21195
12795 -4896
-24861 -28262
-10038 -1145
-15111 13002
-30535 -24001
10104 -7535
17210 25201
24671 4622
-10079 20787
-24623 10130
-26093 20621
5806 -27385
-20651 -4605
-5109 -29542
-30041 3061
-25236 30632
-21615 17905
-15019 28940
31729 -6023
16871 15202
-6609 21317
-27480 19395
-20687 -13209
-9166 31264
19492 17599
14676 -4277
-422 15112
-32205 21060
-19021 -1534
4235 -25723
-11203 5353
-3246 19177
10467 -10800
-15065 -14678
-4580 -12888
451 -15057
-24537 -19493
14600 24151
-21697 12323
-18923 -2759
-10478 -591
-12223 -2471
-32309 -29313
-14869 19935
31659 -32394
-31091 12353
27702 -7721
13424 -3194
22983 18786
-6141 753
2622 30373
11708 31437
-7638 -30288
20026 -13344
18031 14046
31721 21863
-5128 -12729
2417 -19129
9241 -23626
-86 17206
24110 13450
25568 -6806
-10358 6031
18175 -29299
8991 -175
-9808 80
-5496 -11153
-27108 16986
24237 26585
-8572 -32145
12137 -7487
32343 5904
10924 -27459
-11003 4922
-20314 29023
-17606 -13968
-2403 25769
11969 7390
-26713 10430
-25834 -31760
-18655 -7082
-10880 8172
-19746 27153
16793 25192
15649 20205
16110 32174
21744 -850
-12053 3321
15323 6832
7103 -32178
8168 31697
-32541 12162
-6525 25366
-1348 8073
22061 27712
-21951 -8124
-8991 -31611
18882 15429
-916 -21794
9919 21491
15029 12644
-15973 17118
-25253 -10012
29335 7451
6781 -15205
11464 -543
10617 -12141
-5353 29572
21217 18612
-32327 6409
7667 18963
-10236 -23728
5822 -8824
28420 -11650
9680 -8923
15808 26446
24627 7343
9165 -25003
25616 -7884
24740 12682
15569 -4346
27899 27935
11024 -24261
-7816 7268
14328 -32581
30823 -24397
-8254 5706
18195 10581
-15900 31639
-11601 -3729
-20679 -8858
13020 -32682
7357 -18560
10253 -25330
26919 11448
19255 5942
-20313 5905
7589 -2433
31892 -16296
11948 11423
16570 -25024
-32010 -22867
3767 -28516
-4955 -20930
-18143 -32500
4586 -27692
25580 -1051
-10534 6279
-6622 -31493
-24881 16630
-12224 25741
-13558 19237
26253 1026
-28849 -19195
2106 -7701
-2859 -5912
-23747 -23331
9216 11677
-20970 -31273
-8633 2426
24039 5584
-29023 -21701
14936 18159
-10509 -16634
8727 -19156
11575 -2328
18821 -6966
-8426 -4185
-11357 22791
-19748 -18247
-15358 28727
-26473 -18418
-26085 -15893
-13431 -9467
30966 24137
19139 25204
27022 4934
-8261 13790
-27446 32469
