29400 31212
-7958 31264
-25089 -10369
-14284 -1140
471 5658
8823 18792
23889 30648
-18134 -15854
15366 29953
-14800 -2932
1524 20017
-22636 32327
4572 -13204
19270 27113
-23188 23402
-3704 2364
-3305 -1612
-3234 7714
-20357 -13588
30257 -3752
22030 6802
5049 18794
5585 16071
17984 26263
19258 12514
-15461 -12640
-7256 15621
-21869 19724
-18461 -17875
14647 26029
6517 14292
24969 28800
-23318 9298
18480 -11035
-3774 -26322
1615 -28768
-29464 27604
3206 31985
30612 -5329
28017 -4399
-29153 -4985
15609 -31524
-25903 29396
6335 -7463
-24525 -16310
1431 -8464
9397 31622
21715 233
-32045 -12629
-32767 -17095
-13686 -17709
5565 16476
25208 25248
26795 8005
2250 25380
-15693 -4685
12036 22994
-24635 -21016
8668 4445
26366 21330
5698 7377
-13923 20810
24797 11410
-30958 5794
10677 6366
-24947 2622
-27321 31533
-11584 10166
-26977 -13416
17975 1513
-7599 -17730
23569 6351
23824 32523
20505 -10553
-8782 -7656
-11890 -119
12267 13171
11484 -15631
12796 -15149
30504 -10481
-28691 11774
-403 31773
-7410 -19717
-2909 -31119
20455 4213
-2913 8386
13325 7425
-1604 19614
-168 26625
-27888 -18191
25689 19200
7500 12490
-23172 4240
-8085 -19565
-23789 -12008
27433 -27361
-15115 20870
-4657 16793
-9860 -8561
26882 -13637
25943 -17958
32307 6943
-20476 -12417
29493 -8046
16086 28458
-9820 -28760
5283 -20360
24689 1169
18226 -16316
-7397 -32096
-32571 12973
17717 22998
-5417 -14168
4210 27509
2341 -26739
-2352 7282
-29564 11363
-28033 21633
-7924 29766
30298 -22124
-26414 18167
28280 7185
7391 -7889
26292 -23768
3862 27793
-11322 5196
-21818 15935
1463 -13630
-9000 10310
3190 -6816
25375 -24764
-23700 -434
13188 -4429
-7017 -14085
-22900 7536
23622 23257
1799 -11973
-3818 24319
-13507 20972
-6776 32279
4175 2614
9089 10969
-20835 15595
12300 8173
17228 1205
-1143 -13385
-18229 26898
9940 30402
2986 -19789
21818 -5497
3044 4651
4112 13546
-2967 -6567
-17917 3137
1663 14795
9362 -27248
2831 -19293
-10416 -19298
12809 19495
10163 -29929
3668 -538
10090 -18705
16785 28737
20089 -6640
-23736 -23161
4000 6017
-1821 24435
-20553 32005
-30533 -16495
13245 -28890
-21636 8170
-28082 17365
4773 29816
28645 -3884
27969 -11136
4982 3051
5363 -18031
-16512 -13350
-18312 -32523
-16949 6458
-21373 -14704
9767 28501
20304 -24122
19358 -11466
-6818 2245
-30191 13333
6689 9215
-21198 -22037
20597 -5549
-22980 -3737
25939 22627
10021 -5617
-25798 26272
26600 10656
-13816 3754
-26587 -512
13359 -23003
-27667 21204
25483 -21487
-24807 -2120
15130 23332
-28033 -12816
13219 19918
-4761 -25516
28227 -14215
8965 18132
-23998 -25559
5832 -7008
-11946 -6841
-14374 -32205
-17242 31692
14759 -24267
-12274 24671
-20972 515
-20372 26943
-15119 -24922
-15312 -25185
-17514 20465
-20846 -8599
-1786 -2650
23144 -21401
-24723 -32343
153 26015
17731 26284
-31960 -5801
29319 15536
1174 10703
-28921 -12983
-15783 6527
8051 19049
18311 19772
-8074 8952
8993 -8860
-27555 -16149
31485 17658
-18934 -9948
-28370 -15832
-11023 -31266
-13567 8091
-5805 27774
-6516 29344
26074 -5251
25020 5135
-8455 -24675
10051 -19513
31184 14634
-5187 10887
-25494 26403
-29694 -4364
-32207 13478
30624 26013
-32100 3550
24355 19832
16611 -30767
2757 -30007
11029 -9005
-17318 19163
-17409 -25797
-25121 -28461
-2236 6516
-2171 14576
11831 18280
26002 -32615
-16072 -5177
-30013 -23610
-28413 23386
12209 22550
-7441 14537
21277 -7107
-4054 -16938
29172 -3576
25448 6006
15149 30786
-29333 27200
-32245 6663
-30818 21542
26550 -23214
26358 -18007
22241 1519
-26763 -20856
-3528 29240
16444 10318
-27547 -13363
13061 12928
-3056 2735
26343 5627
-8164 -27503
7914 -24411
-31360 9718
-32767 -23699
-24619 15464
27790 -26383
11566 5149
-32349 31476
-10156 -9505
23595 -716
-29809 -15779
-21476 26001
2874 -12008
19894 -20709
-13262 -23217
19960 19083
-12937 -3011
-26213 1359
-32767 16234
20969 -2203
-4041 -14838
12602 21428
9405 -26606
-6479 -29079
-17980 30722
-2537 3830
8729 -7592
7946 -7373
15348 11716
20924 1617
-15066 -7784
17554 31704
-17398 -7179
23400 -23464
-30977 -32676
433 24869
-13153 24836
5569 -15472
1687 28523
8783 -15369
-18356 -11915
-14667 10006
12041 -30792
4830 -6478
28789 25331
-14387 -22636
2050 -7859
-27433 31542
14583 -25444
24817 20749
7568 -27835
8005 -27183
-638 3080
-11956 12566
20411 11550
1835 -11826
-23136 -14542
29451 -11288
23211 -9352
11478 -15495
-31683 -26877
-23108 15030
-30167 -19108
21706 28100
-12557 2404
-4970 13605
14963 21035
9772 -22154
-23699 -31956
-18974 17287
-11723 15222
-10170 12205
-19744 -22542
32003 -18298
-28620 11885
21359 -10304
-15100 -1432
-31748 -3098
16225 -18760
20593 3039
-27455 4253
14050 -23102
30158 -25479
-23000 11937
-28273 -3272
20886 -528
-16559 11212
-19761 -10477
19009 -16810
-30531 -29758
-26149 29719
-3686 909
14909 -19450
-23801 7406
-13648 3898
-910 -2291
28300 -4935
-5744 -1136
-31834 -30342
-26512 -20962
24180 -32733
30425 -8822
5747 -17179
27852 -6414
3584 -21202
3062 -20974
-18211 -19078
-5603 30426
10984 -16848
-4306 -30540
-3283 -1074
-5670 26960
-10733 1593
-17625 9510
15546 -28505
19078 2468
20978 22344
-26954 -11032
27244 -3074
-23911 -30019
-29088 12087
-6293 -28563
21395 -476
-25834 -1820
13920 -3564
-674 5524
10941 15250
31073 23149
14632 6640
-11426 30931
-16132 468
8552 26306
27061 19727
12803 -4649
-21289 -449
-27163 -20544
18722 24824
-16811 -13141
12404 -24906
5183 7566
-15972 30822
-27609 18619
-22427 -32372
-4703 -1259
29552 -16265
-21156 -14675
-24880 26288
-16641 -30691
-22049 -30797
-23586 -17430
30294 -17360
24464 2000
12030 22020
608 -3358
7710 -5491
28728 -18554
-27122 -5959
-17846 8505
-29829 31349
-6533 18772
30135 17661
-23079 13399
26869 -2994
3435 -13932
-22286 12946
21831 -22600
-10257 -21380
-3920 20649
1736 -19619
-14151 12191
28857 -28737
-29477 -9576
7794 -21676
4563 17709
-32767 1332
-13128 -31856
-5066 9411
15544 -10238
12071 4693
-21918 -3693
-9111 -7713
-27716 -14340
-8253 27681
-15329 -4719
-30968 24033
-9259 28235
4092 19307
-6848 -3415
17257 -24756
3833 -14202
-9682 30820
15348 -18100
11124 20819
-11825 22592
-29782 -4363
16362 28930
18159 -27446
-9936 -15255
-14676 -4122
-27290 -28984
-18225 3924
-24651 -31462
5706 -28482
-2831 -24542
26406 9495
13191 -11389
-29903 -28177
17695 -25689
23897 -30448
2746 -29660
-3130 -4287
3169 27314
6138 20521
-16859 -9858
-16304 3882
-30745 19154
-16480 -12413
15564 -17638
-24489 -13742
-11733 7727
-24461 -4890
-7795 -19714
-24806 -12412
-10716 10530
-1945 -26165
-9726 -27672
-15351 30225
29674 -27395
-9772 15897
-9844 -8010
-12819 31297
-2578 -32767
29993 21172
5929 -20282
-9053 -11232
-25632 -21174
22232 -31185
5842 -5330
10007 24426
-13817 -25704
24621 -31231
29750 -5879
14376 -30068
4264 -14251
27724 9612
20682 26460
25313 3043
-16232 -27214
-16796 -1860
22380 11709
-28171 7592
8204 5242
-5946 -16862
32143 -17042
16730 -22997
27170 28451
-15655 -19196
22975 -15432
-14214 -28969
20424 -11948
-27271 -4752
25516 -3557
21392 -9512
15380 -17382
-6856 -7724
20215 -25426
-32609 -2916
-2233 26200
-28838 -28215
-9358 20305
-11394 28735
-4665 13160
23614 -31347
19063 -27097
8176 29260
27425 -19032
-21524 27996
22749 28047
-31125 7932
-4939 -23423
-22408 5876
299 24599
29251 -29172
14111 -17019
24938 -21095
-25268 -9713
-28374 18582
10087 2373
-31969 8926
-24016 7573
-2937 -483
28130 -29957
-25144 -9382
16334 31840
-2229 -23411
32336 -27794
16273 2343
-27043 -627
-13465 -23733
-5728 12882
29738 -4916
-11106 -8971
14972 25895
17172 -26034
-7749 -14673
17344 -11236
29752 523
2905 1753
-27408 650
22302 -21836
6122 7496
25209 9915
6051 21250
24653 21103
24600 -5387
-24242 -1174
-29624 -20697
18706 -16173
-1082 -25899
-15060 -13886
-1744 -29366
-20313 5953
-12765 -20167
-28444 -5176
-8716 -10918
14496 -26072
-2343 5869
24465 -32767
-26331 -3216
-19821 -13842
6229 -17825
-30946 25963
-13011 1345
-16054 19424
-27115 -6845
4052 28183
-7641 -6653
4598 28482
11722 8382
-1481 17759
-5200 24642
-7049 -27316
-32394 11197
7154 -15145
-29060 17536
7858 9314
15855 21700
9412 11511
-26442 22616
12859 -9461
15564 9101
16945 26446
20200 9360
10682 -11318
1405 28974
10475 -8197
11293 -31218
10177 -24018
-27244 -4528
21443 -31637
-23026 30445
-2131 -31225
21589 -9213
-17094 -2305
-20743 19029
-11627 19895
-17013 -4161
-21065 -837
-26960 -9589
13415 12134
-26185 -22402
8272 12328
25767 -27450
-32375 4689
27286 -17004
29527 -27331
-20441 -11792
-30265 16339
-228 -18303
-4458 -10576
20348 -29336
-11749 -31333
13850 16640
-11982 -17756
27509 5498
-5509 -14410
-31414 18126
-18778 -22031
18863 12565
17563 -18942
26706 30863
28210 -10106
-1431 23014
-31224 8305
15352 22521
-28374 5635
18508 -17039
-10000 16564
-5710 -5334
-11413 4538
29135 26987
8344 27168
-22179 -19714
-10383 10729
11496 8265
29257 29374
18575 31224
-7231 2608
-362 10702
-7620 -8772
-2313 302
9238 20852
-7948 26699
-7853 -4747
-7584 31784
175 -2814
-15167 -5983
882 28210
21050 1957
-17237 16118
-20294 -9993
-5727 -28633
23154 25956
8248 -9664
-19668 18937
-950 20762
-16061 26630
-4518 -22401
11770 25655
-6318 -16755
-14155 12892
27221 9998
-30693 -22063
22959 -190
7565 1155
-855 19579
23136 10707
12540 3951
-19708 3835
12538 -20277
-2600 -882
28816 -6112
-9467 -6005
22205 22901
-21037 -30049
-28116 21977
16074 -18627
5670 23338
-15460 -21769
-30939 -25632
-20419 19420
-9960 -5584
4541 -26856
-2948 -7694
28180 -26607
30343 -15003
-16074 29833
22914 -15636
-23134 -32250
19601 -13607
27670 -3956
22332 -27510
18488 -25469
-26581 -1573
-8731 -11251
-3163 21307
5951 4464
5737 23098
-2394 -13624
11563 -12560
-19239 -2487
-4736 -16636
9394 -21088
-4454 19219
-22323 10037
6196 -4539
3040 8940
-8767 -5782
23501 -15642
14101 3441
22483 -11104
-18194 23493
4633 -14574
-3758 -17838
1368 -16259
-28182 9732
-519 -21296
18979 -31787
30706 -9929
-26090 -16516
16341 10616
-16219 29400
-9531 29625
29502 8507
18578 -17869
6251 -27393
21042 -28627
-32767 -19748
-30286 -9069
8134 3973
21968 8414
-10748 13076
-9287 -28512
-31434 -6623
-23995 30543
22491 -19614
26948 -28540
-18020 3457
26623 -19144
13725 -32561
22228 2815
12304 8219
15427 -30637
9336 13352
-1219 -12489
-20921 -27410
-25377 -26853
-23520 8697
17579 -20117
31179 3894
17284 -30189
-18290 15496
8680 -12080
17594 13858
29836 -8864
-26627 -26791
-8693 5736
28497 -65
20357 -31993
-23579 1169
25430 12654
-1047 -27203
-14837 -16140
-20093 -10083
-2975 -20281
-16645 -15644
418 14913
26223 -11963
28803 4647
15797 -20153
1801 2836
11729 5336
-11346 -21439
30094 -15574
1876 23245
-13313 -17330
-1114 -32767
-27694 15498
18764 -26587
-767 5946
-29441 -8096
26531 4892
19767 -9600
7586 -17066
-27045 29967
2418 -9771
16841 -19422
-22681 24460
14425 -3559
-32289 22979
-6326 -20911
-23960 21312
-181 8935
10635 -21081
29065 22658
-19840 -7404
-11216 -30842
-7185 -30556
-16477 20304
4791 29768
-10024 10190
-20004 -17525
16710 -2981
-32060 27327
-3840 18524
-6262 -8117
26462 -286
-15459 -30825
32164 -27517
22217 -29312
-1584 19640
-16920 -15544
28975 -28602
-8974 -20474
-21311 9848
-18846 3019
10664 21495
2585 -3651
30540 -2628
12067 -7744
6304 19403
-30370 961
16093 -2912
-29462 -20371
-8376 20326
10192 -15455
16580 -20925
-30103 112
-14972 2318
-15788 -4336
-1327 3593
2378 -24553
9444 -8253
910 23817
-194 24755
7685 -7371
4021 20869
388 -11547
22005 3664
22760 5825
6921 -12323
-9601 32019
-12571 18627
-16610 2409
-30620 -27790
-25128 -21053
9319 2979
-25784 -24129
25493 -17995
18987 67
-1677 -16893
-28595 11724
31632 -5194
13973 -5984
28489 -25705
8819 -13831
-18470 1400
-14741 -4801
-27358 -4541
-16690 15064
-21016 5461
-2311 -17700
-28319 24978
6657 -10897
18677 24591
28510 21892
-32767 30211
28834 -12086
-6637 -27135
14360 26485
-16816 -23020
-21169 17807
4980 -29266
-16608 -26396
3719 12288
-4186 10955
-16400 -32399
-929 -2473
15433 16749
-24674 6449
-32544 -31125
-17563 12802
-16481 -5038
19279 -16270
11382 -24106
20624 -19617
3947 -1950
22084 26553
-6132 -22484
-9327 -28480
26718 -32683
23022 -14495
23805 -27221
-25668 23231
845 24773
-21645 12309
840 13105
-17186 -3305
-17098 6668
22931 9746
20985 -10091
27538 -3171
-146 -14670
6088 -11415
-21234 -24749
28212 -30918
27611 -21447
-142 28426
-27469 2242
5523 -15579
-304 -6981
-7991 -22687
-16903 -27189
-25030 27695
6197 10935
3924 30132
-10727 -32116
21951 7153
12776 -27578
-17824 1517
-14537 2105
17590 -1972
21173 -29515
5777 23488
-2500 -12444
-32581 -19699
11846 27714
25233 -373
-7805 32517
11876 -2547
-18465 -4454
27047 -2436
-32767 -29179
16877 -28342
-5068 14165
-9418 6484
19927 24683
16447 -10714
31375 -16854
24085 12184
7799 28649
-31175 17067
10438 28380
-5735 -24495
-15334 28921
-9841 -26427
-2621 -7450
1788 -22790
3594 19207
-25215 -22145
-4055 -29927
-26186 -17101
18331 -15107
3813 1378
12651 -11070
-6888 12774
-2730 -10929
8350 11216
-25377 -29331
-4729 10315
-2018 17357
-25639 -32675
-8682 -4609
11641 30508
25158 17763
-27512 -928
-30898 -25679
-25646 27630
30741 17481
9311 10605
6868 1323
-15976 9642
8362 -8895
-21261 4221
6673 -31450
-2973 -13745
14156 5498
14059 13955
-32767 9945
-20335 -18154
19071 -15660
13179 -17349
25815 -1162
-11291 4849
-24 -8316
13042 -14839
-10272 20499
14546 -3883
-8044 -764
-28674 -26124
953 -12559
-3155 12568
-6071 -4417
23547 11433
31852 29043
-21671 -27952
11012 -19207
11744 30330
22610 -18326
-9939 -922
17002 -19522
-5706 15944
-19605 23902
7364 4983
-14452 -3966
-16107 1644
-7727 32540
-140 -15420
-29502 17242
15215 23540
29373 -26837
-24834 -16697
31320 9239
7290 -10890
10705 14469
-10668 23887
27816 16682
7958 -24659
12678 -15608
16417 26430
1938 5639
-30852 -15163
-32326 29797
-14816 8028
8261 -3117
10920 17788
25118 -13996
-22809 1852
-3452 5177
-29959 -19728
-6675 21924
-25196 -15231
24585 21177
11756 -7318
28671 -17075
-15110 -13982
28077 12031
-28915 -6029
8998 -25903
8487 -9941
3288 27939
-14471 -11653
-1546 6569
31337 3767
21856 -8173
-22718 -23808
-7622 28379
-23360 -9755
-4405 7484
25728 14097
-4264 19134
25265 -9568
17633 -14364
-11556 15112
-19874 -25934
-7817 20988
2803 -6267
29366 19492
15932 -15844
-5913 -15752
-30157 -12712
-18230 20239
-21565 25454
-26184 4397
-3489 20557
930 3756
-4169 22987
24798 9517
-19419 26911
-23785 -3451
-15164 5130
-3790 -14258
-21824 -15207
-32684 30995
13088 -17256
17995 -2069
1947 -25895
24085 18544
29471 28858
8219 -13867
-2840 -26069
28009 12176
4815 26904
26625 31240
-9001 -13689
-2063 -28245
-24479 -26070
-17379 -12167
-20020 -14103
18806 -13159
-15889 -21120
29801 -4870
-25055 26496
28165 8002
-1754 10315
-22839 -24921
23759 -24805
-24992 -30552
16573 -10140
3451 -21270
30183 31607
25577 -25026
-16952 6562
-15319 -21714
29685 -31954
-6410 8290
24189 6923
7450 17616
-11492 26563
4839 4560
-2141 5844
8665 27602
-5230 -19326
-2042 27793
27435 -26350
-11363 -29890
539 -13494
-28729 18984
-28814 25308
31001 -23784
11212 3094
-22404 -11706
5164 -25279
-1426 7443
8758 -25055
-27739 2323
-27373 10490
16030 -31780
18803 18536
-10242 -18046
-977 6817
-1237 -18696
-672 -7629
12317 -9866
-29949 6240
11679 32174
-29159 1255
908 -29095
-17350 -16415
17585 23909
-26284 1834
28426 -6847
-13987 3700
10535 32557
-31500 -7206
21268 16488
-3611 -517
29858 -26018
12548 1135
-4999 1374
-15906 -23132
-16463 -14205
31400 14471
17452 21705
-15984 -2322
-28974 -25484
-3975 21659
19922 29516
447 8184
19858 -17506
20303 19785
20134 26070
24635 11433
-2836 -13255
-3014 -27129
29728 22031
-4359 30766
-3255 -9130
-9506 25080
-28112 4771
23028 -23999
4905 23358
17376 25040
-20325 -18149
10977 -2750
-12975 11996
5335 24972
5767 -5674
4980 -21732
1032 9216
-27350 -20123
19016 -21241
-21747 15207
-4952 -8953
-29500 30883
-32246 27638
-5140 11754
-18778 -22866
-23243 -30017
-4479 721
-13944 14015
2792 21411
6252 6156
11168 -5484
-13098 -26814
22862 23010
12458 -8521
1587 11422
-21356 -14949
-6095 1634
-4193 27887
-13017 23872
9983 13825
1402 -26234
6458 1112
11311 -31184
-30045 1593
-543 12758
-22587 -31244
-13411 26987
-28636 5608
4053 31065
-30652 -27926
12471 10888
-3965 -30902
-23031 -16316
-26070 -5316
32249 -23276
-14012 23465
10515 28111
8857 11546
-28657 13803
-26355 16959
3271 -22633
-30283 19298
-32564 -23844
-4257 5948
-8249 941
-20435 2996
30947 27737
24534 -28514
3941 14856
-28044 -15769
-9189 -7595
-18630 29102
21502 -26569
-22925 -19724
-1336 3053
-3205 19520
-32728 -9029
31722 2831
-11562 19768
30685 -8350
21424 10009
-22577 -9134
19832 16163
-17781 17764
3804 18562
11120 -17036
763 -14201
-16921 17082
-5694 -19305
30707 17042
12563 -6703
-16061 12977
-26778 29476
18720 -3167
-10975 -18797
-26295 -20278
31185 -681
-12512 -30504
-31825 32330
20570 22719
225 8696
-10685 -18404
24346 2454
12651 -21447
-19890 24563
10542 4417
12850 -32424
840 -810
-28954 -20473
-826 -14563
3601 -23871
7145 -19021
10364 -17176
-32767 -24940
12674 -21606
22171 -6404
8108 25296
21857 -14375
-219 24686
-21175 6661
7660 24236
1427 -15166
-396 -18295
-13521 14450
-6015 -18197
-19672 -25007
155 -6553
-22811 -21966
-28746 -15875
30595 19865
15116 -21116
12065 -2134
26158 32636
-11337 1637
-24686 13837
32165 9738
10877 -21599
-18888 -17018
-13411 -32321
-28241 9379
783 -31206
14503 -11171
-28515 -25140
-9990 2164
-17444 1718
13406 -11453
11380 -15923
-20773 -17411
-10944 20535
-17160 -5975
25419 17529
10360 8680
-12149 -26886
15006 -6318
-6377 -21049
-21276 8369
2145 26867
-28530 10022
-2432 -17596
-25002 -232
-6270 26544
-15420 27476
7361 23292
-21790 -27510
-3423 -16543
737 -27380
-27399 -14599
-32464 31266
7596 -26578
21413 9548
-1353 5236
1730 -29961
-4525 -17048
-25520 -15974
5784 23379
-30876 5961
-2634 16585
31958 -29939
22363 -51
1980 -25084
11949 14570
15266 10860
19539 27412
-22470 -9471
-31840 22036
-25329 13264
-29549 10363
-6850 11568
13537 22614
-11519 -25421
25441 -8246
-32157 -30174
-136 -10398
-25280 20643
1005 22234
-19795 15953
-17248 9844
-6440 -21869
6672 2694
25642 -11113
-207 21070
-31221 -30826
7535 18138
-3646 -25107
-6014 23395
-2209 11623
-23557 -28531
26561 -8703
-6650 -18727
21302 -26266
-5025 -1673
-7679 -17082
-24268 -6275
-20199 -2018
-25344 16257
26499 31277
-13205 -31392
-17049 19120
15406 12410
-27385 7829
-27081 -19621
2026 -6421
-23997 -31812
8760 -10329
-1459 -21716
26177 -27068
-20843 -20262
-19086 14263
32032 -26751
14516 3165
-11758 6425
-16300 -18412
-24092 -29213
6745 -18076
9370 27421
27632 -26463
-28931 -5817
8399 9300
21188 30902
-17891 -15396
29145 1438
-16645 17864
-18733 -17009
-194 -19449
-11029 1574
-3287 4085
-32767 26817
1998 15331
-30667 19162
25852 24936
-4539 -9038
22543 -19775
-6417 -28422
13307 16896
-11816 30715
-2535 11453
1419 27127
5131 19919
-11869 11612
19760 -30376
-24126 25686
23424 -29475
7695 2778
5228 8082
-19840 -19892
19019 32459
-1550 -22478
-2977 4281
20884 29416
-20805 -2582
15651 15387
22826 -15538
-22450 -31253
7485 -21132
27712 4539
-7488 -13206
-25659 25787
22298 -24588
-3445 6970
-20474 30941
17754 -2174
-26376 -19299
-17368 14569
528 7046
-4370 21210
-3812 19774
22178 5758
-22188 496
-29616 13225
11695 30822
15461 -16008
-24130 -756
-2848 -18917
-32700 -23457
-1731 -9726
12441 14103
23586 -16346
-21241 24366
-23912 7412
-24638 20218
30319 24600
-14339 -5342
17582 -19635
-4330 -220
-17540 -14856
29031 27771
-8751 7965
-24694 31542
12178 -4801
-25836 18042
-26106 -22369
7685 -27244
-22391 24996
-3934 6307
-19113 6876
-26179 6896
-9776 -24171
-18017 3714
2860 -1952
14365 8525
30268 -19255
23864 15790
-15815 20049
-13337 2271
-21734 31960
-12028 25603
26374 -21885
-17482 -9922
25857 24580
-7812 -15018
24993 -17527
4017 -10742
13296 1515
13541 9280
1093 -30220
-10181 29235
-3693 -12159
26 -27549
2824 -4613
16842 -32384
-17364 240
1082 -10516
621 -1862
11217 20913
-12631 2669
7945 6867
-4387 -14370
12312 9264
-18649 -27470
12446 4084
4177 6662
13264 9035
-32332 24751
29894 -24891
-18875 30871
27943 5641
27620 -5181
27098 18571
822 -23453
29481 -17960
25702 -22049
-12153 2267
25788 -16866
-5357 -7118
13391 11569
31132 -9798
-29102 29994
-1150 2853
-15758 25126
-10331 18102
-28189 31217
1971 -29688
3035 27240
15125 -4551
-12541 -31440
-1380 -5281
-28644 -4953
2202 -14257
-10814 30977
10371 27529
-21385 -29560
12278 18067
-25261 29585
1424 -7637
-25011 -986
26316 19616
-9112 26448
31010 -30704
7923 13045
-4299 -21220
-8373 1729
23438 1592
25572 31449
191 28110
-8509 -15997
3504 -24060
8510 26329
-32305 26173
-11366 31707
11410 17019
28177 -13849
-12468 5188
5718 -19843
-5982 -26943
-16236 10333
14136 -11435
-4334 3604
28358 -20542
21191 -27058
9751 -9917
14018 -22892
-7617 22619
-3747 9690
-19320 -7087
-743 -16629
-14826 -4997
1966 -21179
12798 -6856
-24930 9120
21426 -12455
-7972 -13310
-22988 -12537
7932 27727
31896 18379
-21732 -18403
-24557 27612
-9130 30974
4418 -20367
18364 4855
22679 30456
-6795 20348
17686 10465
23005 30501
-31368 -20771
-31627 -6
6712 8127
21227 -2259
-24382 -27130
6914 -27593
9536 -2935
24959 -6234
-5738 3239
29956 27782
29181 515
-24473 4174
10857 -7196
14072 -32288
-1413 12219
-10377 22951
318 -32576
-7517 7180
5255 -20802
10086 7125
8947 8135
28373 22847
-7909 32530
29905 10784
8662 -13582
-20632 28303
24707 -14570
-25969 12855
-29314 5914
16838 -4939
-27410 19535
23135 21701
11204 -15051
23196 17180
-16994 -29804
26444 1237
-18600 -660
3749 -157
-2329 19147
18890 -16232
3929 -11779
6785 24615
-10938 30471
6388 27923
-1089 -6650
25894 -3848
15566 20826
11991 19174
-14625 5936
17760 7753
29286 14756
22128 -12216
28651 20199
4976 -24194
-32179 1228
-6994 -9699
-31817 30048
2189 2645
-18217 -25311
-28585 -18491
2564 -6430
-13011 32126
-9008 -30652
14522 -25521
-2337 -28088
25790 27707
-7728 -13089
-18957 -32034
19870 14625
14517 -19181
19661 -29152
-25993 11750
16028 25667
-30162 -8510
22985 -6788
-14264 -3908
11277 -15138
-14874 -3437
18041 -465
-17260 -13704
-204 8090
-27786 23573
-6449 32211
11040 -8288
14108 4628
16655 -19014
-19315 14615
-7762 -21309
-1936 23250
29374 -23691
-27528 12235
-25085 -13487
-9247 9019
18452 26961
-12031 10043
-13573 27306
-5731 -6710
26944 -12865
-6529 -30903
-31028 27185
32342 -11679
2680 -31963
-27603 -13634
-28223 -17124
-2530 -28101
-5631 11415
14692 -18022
-19586 14413
32137 17539
16435 7977
-22754 -1919
26440 16607
16753 20697
-6438 19460
16540 29181
-13795 12697
31651 -10713
163 32109
-24478 9599
15712 29592
-32767 -5122
-7837 11964
31347 2606
8666 24855
8096 14991
-13814 17530
26273 -29837
23246 -29893
-4546 2526
19094 13789
14850 -31159
-29236 11652
11204 -6684
-28174 20302
5928 2092
-29249 10192
546 6312
-30544 -1780
24389 11342
19637 -32118
28966 17971
2195 -9028
-28753 -23089
19229 -18366
22490 -3727
-19184 -30410
-28260 11875
19244 -22826
-6533 29592
-7985 -8467
27235 1735
1086 2445
8529 1099
4814 -2473
10670 -12793
7014 -31296
-2117 16633
21483 -20751
16994 32231
-17211 -23975
26095 -3486
-32264 18182
8761 11580
7476 -20643
15193 -1821
-7949 -11350
19801 14782
23409 28746
-28656 20979
-11793 -17693
30962 -15390
24585 32281
-514 23134
29882 -30155
-1353 -12077
-22624 -4293
3552 32022
-24145 27352
29968 -9775
-26225 -11631
24541 -25305
30236 -30889
28397 -1176
27294 -24610
23611 3144
18872 -5871
-24817 -24245
28489 -7798
-19334 15192
-5296 -16038
-20369 -610
20097 19542
-29717 -12178
-26311 5996
-1644 23632
29491 25025
6712 9015
28561 -30655
-32767 -30419
16430 13320
25868 24006
-9724 31032
-20942 -13273
-7016 -6057
19520 -25059
-31400 -7577
13586 7791
1286 -18083
-28747 -26811
18316 16370
-22271 30177
7372 -26838
-28194 -29128
23342 -3336
1566 -25955
-30683 26814
-13092 -25406
-27225 -4810
-25882 -30392
-28622 29244
-7689 -12115
12804 -93
-1656 11134
25287 -6007
-14184 -2294
8115 -22606
-5505 -21358
29001 8778
12636 14896
-26273 833
22457 13897
14786 25898
-6821 -24736
1103 -2845
-7867 -25318
30576 -25441
-14766 -22627
19242 9158
11047 -26579
14145 -26969
-24482 -14693
-22034 2326
4334 3261
-28025 -18696
788 -23802
22004 -8042
20745 19564
-1992 20585
6771 -487
898 5106
28719 27291
2550 -5763
21937 -4605
10292 9550
-335 9774
7468 -28192
-30538 -1927
6181 -12137
-8353 11422
-20850 -21440
30687 -28771
-27145 15311
-24260 -15101
21715 13473
9903 21878
-2201 -23298
-24950 620
-26144 19352
5143 -18178
4894 -31234
18699 -24148
-9211 25414
-19698 27404
-14353 -15219
-29380 -22095
-30478 12673
13538 29978
-26090 -14305
21069 14984
-23574 7221
-26504 25759
25460 8165
-365 13060
19366 -19709
-6694 -16622
-31435 -5036
5107 15590
29131 -23242
20776 11384
-14424 7593
-1111 -12237
-14606 17441
-17715 18842
-11536 20197
20552 -26753
-9923 -27046
17618 -10428
-28118 -12225
14201 31654
25803 24523
19509 4028
-11390 27821
-17926 29835
-9921 32304
-29550 -9400
-24841 27292
-14785 10385
11021 11677
24829 29400
2665 22645
-2582 22376
-10474 22513
22426 -15357
-17868 -13418
-17639 23942
-14572 -7306
19149 -14028
-16154 -8914
-1101 12761
-22318 11533
16812 -30951
14210 30811
3771 5838
-31729 13065
12044 27035
23352 -6559
-5647 18036
21124 -4103
30938 -30396
21938 -17600
18943 -17158
-10988 -31496
-16584 -7064
17130 27139
-9872 -27437
-28157 -23053
-20397 -23264
6776 -15352
-9092 1861
12488 15436
22810 21440
11879 9257
-26655 25884
14410 -22664
26605 2767
-21502 -19740
29089 -23426
21615 -6586
-15781 -20578
-1599 -18015
4108 14084
3027 29628
-3939 27535
-7003 28510
-31508 -3466
-9551 30032
29785 12906
25703 27208
-27612 -5595
-15803 28618
-6883 7318
19199 -13729
7379 -23334
25239 17806
-4969 30815
-23291 -5168
-23067 -10212
15205 -16274
-7565 10363
-3829 -14340
15238 10152
-28211 -14187
-30718 4998
-1168 2623
21699 12193
8016 19300
-31637 -29982
883 13188
11659 18526
-19899 15051
-25579 -29233
-19054 26479
-28666 11765
29938 -26963
-29164 18559
12728 -30932
18892 -15967
-21355 7987
31110 27677
15131 19408
-18170 -13061
-19104 16952
-2582 -23626
30044 -21308
-3155 -5732
-3510 -10225
-21198 22377
25497 858
10392 28027
27253 -29760
-751 -29336
995 -9003
21812 -5474
9366 -29714
-31392 -32206
21079 -8642
2760 17641
-26628 20949
4367 15418
-1539 -16800
-16475 29805
-21789 15665
-32767 675
-23093 23309
-25423 -7181
-6214 -8891
-26277 14796
22353 23155
21846 12041
31975 9485
490 -17151
-8698 -966
-15452 27955
-27171 -25928
-1578 -5123
29609 -18161
-17119 -11778
15264 -3179
22997 23288
-3178 8227
12731 -11233
27604 22901
30837 -16330
-20389 5309
-24561 4893
-25989 18643
2510 988
10955 11256
-23416 3835
389 -6821
19432 19190
15226 -2831
10821 19165
-30519 -18376
28792 12458
-1318 -30004
-31079 -26357
-7653 25177
15772 -3831
18677 15181
-32162 3493
17698 15496
28049 23719
-30406 14878
12269 -3249
30797 27334
640 13746
15610 -17509
-11036 2373
31448 -9967
26642 -29265
22441 -28676
-19351 -32159
8619 498
15312 14102
31044 18533
-25370 -7450
-8327 -6237
-22149 6083
16629 18280
5857 26182
-19059 30503
-3438 -6126
-11382 -18753
4631 31387
16275 -16830
16026 -19348
15105 -32166
-8258 -27036
27668 1975
-29319 7767
26142 31568
30456 18225
-32308 -15744
-12294 9413
6906 26800
-4620 79
-12976 -28694
-22461 -17663
-30181 -25154
-16410 -32061
6347 17390
-18970 -17098
-25506 6250
16046 4238
3728 3578
29278 6586
-461 -10726
4397 21421
206 -32754
-6491 -2214
25600 -15986
-23879 29286
4409 22749
-12846 -30612
23056 14614
15834 -27503
5859 28231
2994 -21300
17916 16436
21679 27917
-31292 17666
-27997 -28406
-25550 -24711
26545 26580
15177 12852
28456 15927
-27382 4584
-17746 3614
20265 -23899
-5844 11750
13709 26940
11774 18682
-18147 -26916
14119 1453
-7576 20079
14182 -32578
-12541 -22362
10292 -6459
7885 -7143
9320 27755
14662 12759
-17755 -27094
-1018 -20280
5885 23338
-29365 19060
-7159 -27613
-6869 -12036
-23079 12868
7603 16195
22701 -12210
29073 -31641
13475 -2165
-32497 16010
-25567 -18435
-6581 -4883
-15791 3668
-15048 20080
12506 -3499
-30741 27465
-3952 -3046
-13091 -13803
-25343 -16351
30325 -2960
-9211 -27045
10079 -2182
-24479 19449
-17363 12063
32324 -11098
-4073 962
-17820 3460
11837 8942
15151 -8709
-30836 -21774
9954 9323
-19897 1643
26692 22415
-2165 -4911
4451 -7269
7986 20498
13801 -19651
18358 -23976
-22321 19165
11225 4061
-4978 25095
-14371 9327
2822 1854
27362 15333
-3708 28174
16663 17930
25596 1572
-6131 8030
9378 14012
-25660 2949
-21134 25031
26853 -25002
-15779 -17589
-17801 11222
15714 -17314
-1882 -20601
-10222 -24757
-7912 10121
-7008 -27812
-13658 22959
-31223 -19056
-22391 -13570
-28141 -12838
-20915 2013
25413 15787
-29458 -4863
-7325 30751
-22475 -18272
26059 3718
10576 -10466
8660 -7205
-17856 23468
-17646 -5641
-13212 20025
-3357 -10910
-3652 -26328
-1798 -27573
2978 22128
24425 -26982
25735 -22354
-19701 -28274
-28110 9727
-8909 21826
-1860 -13447
-25465 24172
-9461 -30274
3304 29155
-2420 -26209
19436 -13975
20823 6117
-18954 8144
-28422 15062
-4992 -14185
-16465 -17701
18306 23208
29708 21756
-25546 -3450
-8101 -19597
-32147 -18431
-26835 5185
11840 -17308
-32373 -19536
-13814 -3779
-26739 -9450
-29533 24628
29824 -8733
-22204 -23457
-2804 -9352
29418 21655
1972 -29150
-32386 -7036
9955 19083
-29343 -21616
29316 -1761
-19663 -420
-5682 17055
-10110 -15072
-1609 16439
20038 -8620
-6909 -4433
-7169 -14122
14383 3520
27301 -20856
-12127 -2836
-20559 -27269
-20023 29538
6435 10493
31706 15242
-12994 26500
13183 22745
-9262 -20386
-17488 -29972
-30764 -3639
2025 -32719
11334 -23918
-2992 16614
-28072 24245
17849 -25336
-28821 30842
-14924 22588
16211 7138
-20226 10569
27556 -10033
6552 31746
-12344 15342
31680 -28521
-16283 -25886
-11149 -311
6291 9977
-27513 -14909
21663 -29345
-30569 19739
19279 -17620
-24770 -3313
24114 30496
18822 10631
19044 -18884
-4734 -11084
-9990 -4166
7618 2443
-24189 13290
21162 26006
-2583 26607
-11635 -28134
-22046 29683
-3423 25446
19900 26754
26767 -11391
24039 25579
11992 24215
-30274 18900
4980 -14322
19571 -7474
9460 -19398
-15974 3046
19247 -16200
-27059 10015
-7084 -15300
28562 -193
31043 15901
-9310 -6548
-21654 -26634
21365 -8710
-5207 21303
15319 -12111
-31846 1514
-5566 27482
28710 9777
11455 -24266
-30956 -21112
18048 22059
10736 -9748
-21268 20343
-3198 15187
5594 2924
-31910 -19880
2074 17000
-3232 26171
-6083 10210
-8384 -21485
23516 27816
464 -11072
3404 -13990
-23539 -26833
-32646 10180
-1533 -25763
-19179 -14375
-19524 -30218
-18026 9964
-20080 -13182
8895 29458
-15761 11018
7826 -19413
17682 31575
-4622 -12600
-10604 -29675
-29598 31978
-7913 30806
-13224 -17419
18925 14885
-15913 4471
6201 16839
-13805 16433
-18906 16816
-20856 -23579
-24048 390
27189 3494
1810 14621
20524 28328
-7686 23501
-18439 17728
-30108 8957
-27138 -12607
4233 30703
13654 -15595
27939 -32011
22612 -8549
306 -12314
-22952 22784
-7827 -4145
-9199 -20766
-13587 -14772
3082 -29413
2182 -6527
6727 -7551
8689 14795
-17960 25684
-26628 -19457
-28014 -25076
-20385 29122
-3761 -27680
20912 19132
-397 -19806
-6119 -32767
21043 -3615
12134 6922
-8424 -14052
18033 -23008
-15937 5126
11617 -7733
14302 -6589
19281 11656
-5499 10387
1450 8657
6358 1324
-27267 29585
15036 -542
-26392 -23788
-5463 24344
30417 28931
7571 -9218
-2366 -28078
-32056 23528
-7246 8644
-28233 -12521
24619 23491
21252 -11270
-4632 -28230
-10573 20387
-5889 8016
10365 -31620
18376 -13826
-13004 12326
26774 -13221
4052 28020
-13260 -5768
4703 -29431
-11227 21941
-6983 -1160
1068 32200
18879 15375
-19015 23112
13078 -1450
22386 -12444
-32767 13388
-28189 7180
23918 -1631
22876 25480
26069 20110
-10957 282
-10857 30264
-2506 14896
11397 -21054
-28132 3022
25391 -18151
13438 -17435
-25445 -22454
-18417 -14306
-27966 -2176
-32233 32569
11456 -15487
28420 27494
20826 -21514
-28284 31810
-25370 -3903
-18295 -1400
1117 -31785
21748 -14604
-19867 -18805
28542 26565
19914 -20931
-17671 18499
11034 6106
-16216 2013
8392 27247
10801 2870
3941 -20798
-9557 -9891
32131 5685
9507 23840
6117 -843
-24782 544
-20004 27935
28954 -26518
501 29114
26435 17093
15634 -16871
-3535 -14659
27475 3076
9885 11743
28643 21550
-11114 23064
19226 -3301
-29173 16605
15158 18955
24295 25701
7019 -14403
-13124 -2232
-12277 -7165
-29285 11928
-8318 -2811
4985 29792
-23632 28681
-2435 -4024
19279 -18461
-29391 28730
-32767 24046
-23684 6732
11319 -11010
-5364 6455
19105 29333
2566 -11332
-27341 11839
18660 -28377
19057 1266
-31276 -30061
-28190 -10032
-2026 -19899
23983 -19775
-21159 -28784
16305 -21918
8600 24608
-24728 17253
-21974 14309
24887 -2798
15675 -22095
-16483 18354
19725 -11541
27131 -14614
5636 -11021
18214 -21874
641 32183
-17877 -26380
30325 27524
16096 29633
-29534 3552
17085 29128
-9823 -16224
-6866 29227
28502 30049
-27283 11584
25441 -27832
3839 21535
-21718 17756
-30640 27848
-23005 29752
-13867 16898
-24525 18827
-13259 -15860
-13106 3102
29476 26535
32246 -30560
-27915 17852
6361 -32029
27449 -10341
10555 -31648
-10581 -2242
2179 -29153
-29966 25827
-30627 32076
-6411 -11304
7454 30255
5039 -6660
-5694 -14882
-21769 -11964
-13237 26903
-25018 32065
18426 14090
-11362 -20250
25150 -7565
15391 -4858
-22435 -4047
7863 -18209
-9457 -9572
-3291 -21412
7962 26643
-21084 -20002
-31198 15105
1674 5629
14103 -2439
28341 -27035
-3679 -32134
-25500 -31305
12027 2829
14677 -7533
-20724 -3582
14715 13613
-22071 -12316
20307 -23901
12340 -13130
-12797 -15328
30863 6304
3053 -11983
9606 9399
15622 -32174
-5686 9178
21591 -8468
24330 2836
11536 -32439
-27376 20939
12305 4313
-1452 32439
5839 22151
26449 -2960
-31478 7854
13822 25911
-24876 -20316
32247 25114
5540 -19780
-7446 -12829
12326 4350
19638 -9254
31129 20307
1170 -26396
-14004 21716
23337 22439
-25431 30803
-26912 -27411
10861 -4851
21055 8478
16583 15451
-861 -9315
-22328 -22794
11731 30127
-25418 7818
8537 -112
-19527 -9718
-2254 -3142
3362 -5326
18452 9872
2722 -5182
6271 9450
-7574 -31411
-17510 14479
-8160 -7380
-9496 10499
-18470 9589
15482 -11821
22339 -10588
-7587 -14940
-10008 11743
30456 -15784
-17847 -24984
25744 -31573
-14399 22191
-21105 -7036
13071 18303
-29163 13414
-8601 -2586
-19004 -23554
-16341 2504
20617 -7879
-11857 11998
2147 25016
29322 -20323
-24265 9316
3802 -8777
3346 28112
-17134 -28723
25991 4735
-10526 27223
-21811 -1510
25400 13473
-16121 -6046
-4969 -28385
21653 -27278
866 1805
-32325 7462
-32267 8067
-361 -3959
-31177 23394
10231 2444
-28092 13752
-10119 24980
-23704 -12671
8728 24603
-9678 -26286
-7127 5850
15468 -12449
19371 20353
-25352 344
14743 22253
808 7683
19883 -31484
-146 -2343
24414 -23464
17446 -22887
-24126 -11779
-4106 -32029
-12101 24565
-29357 9339
1557 9602
11412 -31126
-29658 -7011
2358 13368
29919 15043
-12060 -2902
11115 7876
-11936 6873
16576 11580
-25634 7640
-1646 25971
-18336 -25373
-2784 28701
-10005 -28768
7481 -23757
-32741 1887
9576 -25000
-30396 -15905
-9312 30808
-27910 -7157
14399 -14657
28165 23795
-25742 29625
2532 -3380
-8888 17741
-2424 -919
8849 -10172
2747 -293
20462 -812
-19946 -30895
12943 -28354
16715 -2437
-29469 -11436
-3057 -8949
20319 -722
-6174 20526
7718 8743
20689 -1858
-26159 -25123
-17265 -26488
10241 18563
4312 18546
-14789 -16182
-13076 -19971
1974 19881
13559 -10973
-245 -31924
-31074 -27058
28233 -23362
27669 -27504
-12103 25669
-32767 10771
-7116 13414
27831 -32767
-13835 -13069
-4297 -28848
23343 18088
9753 -19268
19794 -2185
14182 -11437
-23720 2865
-15951 22242
5068 -21969
-11654 -31658
17530 7831
-18936 -22699
18831 -5024
16075 20093
-19709 -12536
29524 22501
329 17390
-16406 13390
-5887 -9729
6339 -25432
29120 25821
21772 -24723
-13342 -16765
12928 -17726
-20640 3007
12933 -24577
-17262 -18711
22817 95
11071 -6475
11563 23848
-10106 8186
-2758 -24665
-24636 -17251
7195 47
-13437 -5965
28974 -17504
-5181 10739
19341 -2762
-3533 -4944
25270 28099
-23532 -18370
10209 2287
28487 -3545
-24726 -2745
3250 -21240
3455 -22883
-17361 -8665
18355 12294
29520 -4590
-8176 -8789
32307 2578
9810 26893
-2273 -10143
20110 23194
-19588 21782
-13939 14758
30463 17893
-1516 26743
-25028 -13114
-30800 11535
28728 -21378
9943 6389
21962 -25417
5691 13645
26949 22470
24085 13633
-26637 17367
-8765 -8266
3342 25636
8252 22648
3479 -31367
14762 -9812
22228 -30713
10268 29081
-10060 -21394
-28455 8540
18411 -8595
-2542 19254
23446 23844
-32767 2871
22536 -4290
-17346 12217
-8766 15446
-18141 14299
-27806 19425
-21039 -23930
-14741 -22460
-18942 6875
-24520 12480
-28995 7831
7687 -26519
-1793 9990
25870 -3314
-30785 7839
-28749 23163
-30643 13355
5812 9427
11177 28860
24758 8935
7901 -7545
6017 31169
21224 22485
-23751 14562
20818 -30446
-3029 -743
21195 -17460
-21175 3585
32205 -14454
-24647 -4633
-19220 -6975
9073 27210
10300 13330
18979 -11605
9545 -32089
5765 17614
1484 -3886
28075 22585
-8790 18084
-23769 -15021
31636 28505
2926 29316
18306 24478
16400 -29142
-25598 -18754
27610 -15392
15269 -32767
12857 -28652
-21124 29499
-10307 13048
-21782 26610
-22441 12251
-23754 16604
15676 3807
-28908 -10881
28681 -7465
-32767 -29879
-20413 8033
-30150 -15066
-15853 32520
14173 -31243
-12331 6822
27271 20844
29213 -25469
4122 -16181
-1842 14939
10227 -13388
-7738 30760
-18511 -207
-30358 -20153
4994 10817
-11284 -25197
-1902 -8490
-13176 -14532
10626 -31747
-246 -27434
27242 -7486
-9220 -19657
29760 -27154
5948 27489
-3196 27859
4506 13774
-32767 29800
14814 21571
2648 17417
-10865 23522
7930 22934
8383 9869
22406 29907
-3751 16354
-20114 -17410
-25640 -17153
-29689 32110
7805 11166
-25396 -6015
-24713 -10295
-22214 -2004
26286 -18395
1109 -5432
14311 28713
14901 17553
-1258 31880
-229 -13577
26435 15705
-27492 26822
5042 -25769
-23328 7827
3974 -5561
-8388 4416
-1938 -24732
-8770 -21451
-4012 24759
-27920 -24296
-21064 -23600
14044 -9819
4491 1575
-15940 2142
-19905 -8669
-31730 24849
-3455 -20889
8551 -11964
1306 1958
-25356 -25351
11729 -5309
-18330 -14163
-7148 -9665
28655 -32644
30281 20941
-22112 -27158
25559 6032
922 18664
-25841 -10159
18402 -26257
-9093 24462
-17363 -30883
-21005 17352
26878 13124
5797 1458
14763 22914
-26433 -23679
-25526 -19992
14981 27723
-23623 26100
-20771 25149
-26344 -7900
-17258 -19719
-23931 -6997
-25808 -24423
517 11541
-12306 -13840
10323 -6026
-22140 12491
5090 23045
-32767 -18877
-6861 -29717
-15105 -9576
31615 151
16387 1493
-27062 25409
18091 24060
-11296 10314
31941 1923
5108 -19962
24100 -32767
-10563 -3645
-28406 -14610
-22051 -31005
4889 1853
16323 -2064
-11309 26621
26032 29236
-28548 -6967
-27144 32644
-29925 29395
5447 -25328
-32712 -26962
-23306 -23063
20082 14445
-27234 -6534
28813 1980
-21282 160
32300 9637
-21915 11191
-11170 -17528
-11365 -5482
-7796 -16962
6536 -27710
-18477 624
16305 -19758
25621 -13168
-24369 -31139
10406 9058
144 6405
26671 -736
-21204 53
5457 25445
8031 14009
-12990 -25208
18362 -29786
-16727 -5645
30261 -8275
4579 29876
-11215 -18268
-4174 -19894
-7223 -779
-16421 28952
-31153 -10805
17761 7325
1901 64
-25833 23787
12707 -27156
-16610 -13934
7248 -27035
-8785 -15431
-26985 -4155
-16369 -19917
-23889 -18596
30605 -8471
31020 31029
-3466 -23132
17105 -11987
28764 -12667
-20876 23558
-24349 1522
-4939 -7406
-13074 -29969
16040 22781
14881 7511
16584 -22598
32112 -8802
-27008 3128
27699 -17341
-19874 -19180
-23134 -31568
20900 -23840
31459 -32196
8206 -21975
23259 -28314
-31155 -16728
12640 -14350
-8330 24651
-3728 20534
-1187 -8457
25388 19015
-24773 6716
-28741 15037
1736 -21558
31589 23314
-27899 21959
25267 -30566
16177 14091
3719 -14467
-20739 818
24360 4134
27261 -12159
19662 -11681
29373 14025
16314 5132
-23853 -29911
-20202 -19709
10482 -19985
17523 -29977
-27096 18776
22045 -21031
18153 -3339
5863 -11759
-14178 10047
-6717 25418
30256 -719
26926 -780
-6933 -19214
28038 11653
12694 -21853
-26593 -11444
18603 12503
-23288 8648
11846 6034
-19627 -22398
-11802 19182
21577 -16205
-26492 29380
-27627 15098
5215 -24282
31106 -4643
22312 26050
-12874 6783
-29851 32555
13965 -9156
-19184 -19456
-12515 -15434
-29331 -139
31213 13042
-11910 -28499
23304 1037
-22568 27470
-10990 26573
27453 18307
6102 -7659
3514 -21005
-27681 -26537
8523 -18349
-23673 -31289
4719 -26509
-7489 28691
15959 12547
-3824 15575
-7565 -29159
-6056 -15190
-16557 -13308
19487 -25426
-16073 -1100
-24895 -6073
-20218 -6675
20216 -16158
2777 26646
-17335 22133
5235 21710
-31067 -10040
-25047 -463
-27993 17378
-12679 -4709
16972 20362
549 19698
26453 -16264
22451 -11783
-394 3657
-15226 -21988
3541 -23582
9276 19190
-14779 4613
-3202 -29939
2143 -7938
-5052 -11740
11746 17043
24924 -12509
15606 23742
26842 -20362
-24769 -13208
23348 27884
16037 19985
6005 -3597
14506 -21529
-21105 -22572
-7593 18714
-20007 26961
-12119 -6769
-30629 -26951
-324 3446
-26273 19630
-15715 22337
22358 6804
-10928 12273
28556 8237
8943 21889
-3625 6697
-19263 -26766
19099 -26610
-22144 5754
768 -14849
29238 -1408
17878 -9662
-25021 -5417
-5672 -7385
-4300 -30225
29015 25916
-22339 -25475
10006 -787
455 30413
5691 -5367
-26527 13729
-24893 -13542
-6061 23856
31545 6144
3356 27129
-25057 -28782
-31646 16218
2085 26336
22320 -17110
-8870 22634
20984 -28661
-2207 32631
-2709 14524
20628 -32767
-12031 -31156
-12461 12536
-14818 -25803
-8206 11048
-3551 -5843
-28606 26443
25629 -13253
-27758 28533
-20490 -6090
8304 -15649
-17668 -14904
-2929 -6111
31872 12854
-3678 -13438
5671 30428
-1492 4001
7505 22371
-1731 -18818
-7158 19646
21949 -9271
-6437 13570
2022 -18218
-13324 14864
-24927 28582
-32245 -23130
25160 29836
-19704 10589
-2781 -28105
4176 -4528
3218 -32678
-5332 -28286
-13747 -11170
-28502 -29121
27236 -1203
24738 26406
20498 -13155
26625 -1252
-5455 747
-32767 29155
-26012 26093
29822 17137
-11458 -16949
18942 3796
9875 26795
-5751 19435
894 -19473
-8210 6856
-13311 23701
-25577 25401
-1132 28531
19619 27950
29586 -5395
-25622 -30758
7168 22980
-3012 -27660
-10193 -3694
-9213 -7991
-17937 24153
5784 31006
5766 -12479
-3485 31302
18962 31939
7450 -5320
28232 13385
27764 6013
2097 8032
29832 -24818
-952 13170
23936 2523
30355 7227
-27832 -3013
-30002 19540
11877 29809
-6289 -22283
2902 21103
-21643 -4750
-3105 -11540
18616 28992
-6603 -5121
21939 -27132
1796 -28310
22910 15406
21678 -1327
-8386 13937
18344 90
-23093 -23676
29562 -14530
11706 4477
26257 -20507
-19426 11811
596 6638
-12697 27500
-31740 -946
16661 -7647
-15646 -12895
23787 -18328
-29341 -30258
-29858 -24120
-30937 -7492
-32434 -14871
-7152 -6874
-15316 21963
23966 32006
10647 10408
26498 13593
27792 26223
-5446 -5810
-24086 -23396
-617 -3285
4100 -11620
23259 -15614
8981 -1162
18154 29736
29302 28858
-27605 -27290
15446 -6974
13016 27763
-8904 24808
-12135 1709
-9132 7417
22744 1492
11993 -12312
8209 -22710
-4979 -20181
-28115 20250
12594 -929
-25590 -13314
-10271 85
13851 9411
27080 -28006
23369 32649
27339 -6111
12530 25720
13315 20061
22027 22137
-28022 11352
3267 28544
24407 2682
-14624 -21450
14382 3283
22952 -31015
-31164 -4535
-1232 -19619
19642 24912
18064 -31064
31792 404
-9974 -5655
16685 -9401
-21780 -1330
11051 -26823
-8998 898
-23533 26351
29825 31993
-9941 3023
-4789 -16290
-747 19538
17842 -26278
-25837 -27348
-14325 -13519
31999 -31484
15156 -32317
18947 -14824
-8472 22169
25289 20480
19179 4719
-26364 24534
-20523 -11823
-20265 -30518
6780 -31387
-20854 -365
-3738 23401
-32327 -26373
30858 -18480
10707 -21741
17784 -6030
3539 -2359
-10871 -26828
5129 -14556
-6946 -30115
-30289 6364
17540 -10324
779 21129
15906 17028
295 -18578
-21584 -22105
15566 -23943
-29786 -14118
26234 12665
-17041 5061
-12935 -30798
-25646 21914
-2678 -8575
8539 -19539
-22577 -4884
-6887 14489
-564 -32229
1861 28232
23009 -24253
13752 -3516
-6446 -7584
-21996 -14979
-28455 -11462
-4792 -26737
19063 -8246
-23721 -11310
-6914 8408
1935 -22443
21582 982
4042 -23307
26910 -29600
-5483 25535
-32279 -23176
-18437 -32096
23289 27544
17770 -8297
-29454 -24641
13570 27597
-8594 -10488
27200 28502
-15794 -32493
9475 4124
-15468 3045
-13159 13964
-12298 -24619
22677 4234
2426 -22419
1804 -19662
-16676 19264
-28364 -20979
21415 -13393
6359 31404
-30791 26016
-28935 7043
-19158 21987
-18494 -18405
3331 -1970
-2612 -26720
-19703 24203
12279 3036
-48 -13714
-14580 556
-4216 -25286
-7776 -16071
2350 -20880
24731 7055
11623 12693
28519 29307
23475 -17180
15529 -9522
-26908 31409
25342 24296
-30849 -27575
-31084 18622
-28978 27731
-21606 16454
4432 1303
-13446 -19400
-23565 25506
-29737 28756
-12121 -4906
-12049 22162
2200 -32763
-651 -5955
-1768 16348
-4645 -13534
18458 -7320
-6175 27813
23706 18906
-4677 -5264
27289 6310
-24741 20151
-32049 -31526
-26667 -8932
-20953 5527
-22844 7929
24025 -29925
25520 1603
-21468 -12465
-1641 7425
-21106 -23670
19994 5581
22276 -9140
-14215 -21631
29751 682
1782 12534
-32476 -15570
12334 450
-6275 8819
6983 -16193
-22926 -26317
30026 -31344
15473 22322
-27298 19287
-29938 -30776
-23789 -17715
-2270 -11406
9355 -23957
-21207 14218
1381 11751
6183 -13682
-11325 2623
4188 -3758
-29803 32288
9349 20346
-11810 -1373
3800 32370
12657 -4039
-14187 10023
-17870 -6834
-16009 -31967
-10629 18863
23048 6983
-9631 -12063
-18864 27984
3582 -6075
14209 -6780
-22313 4155
11244 -15368
26850 4298
-1896 14291
-13137 -6338
-23640 -31501
-15016 5558
18707 3983
-5975 -25890
-9591 -4105
25012 -10914
1198 -133
4525 4233
-30298 -22117
-25820 2409
14279 14060
-30731 9505
-26680 -29916
-22495 -25470
2723 -3410
15796 -16905
-4791 -21490
-7979 -29334
-13381 10851
30085 -18294
-12728 -2703
11561 23132
-27969 -8675
-5341 -31736
1190 10159
-11361 -2016
-1820 11645
25154 16838
24760 -20155
30229 30577
-25276 -4114
9017 12305
-9089 -4827
27705 -16895
-19789 -23191
-29791 -14862
-706 12901
6079 10457
-12315 1379
-19037 29437
-13237 -26900
425 5905
-18527 32533
-29873 12910
-29066 16739
-792 -16332
-29000 -10289
-8609 -1817
-16182 24345
-24986 -5390
27101 1179
7488 -5224
-6196 10440
2083 1822
-13256 -6695
-23211 26883
-22316 -26207
-1432 30154
-32610 -19703
-13467 -16926
15104 -14882
12802 20506
28875 12450
28917 10358
-23358 10466
-11435 9543
31073 15545
-4246 28208
14348 14430
4317 -14444
-13109 23279
-13339 24165
-5351 22536
16944 -10279
31837 -15989
-8768 24958
6262 30690
5905 -19500
-4596 -23675
22835 -23241
32037 -11766
29782 30847
-23906 7723
-4843 23155
-31813 -30526
-951 -26733
31082 21295
-29847 -1612
15665 10467
4459 5220
17005 -21804
-8169 6314
-31929 3340
756 -19146
-10816 13013
31287 31850
-14552 10133
-5936 451
19373 918
-13487 25120
2871 -8722
7492 -14802
-11452 -14803
-465 -9615
-5052 -19898
4334 -29158
29427 7513
-23364 12490
3242 15187
4963 11885
18983 26044
-9623 -18285
-2888 -7626
13378 -22573
-22279 2278
-13582 -30765
-30476 19128
-30208 18162
21411 6074
-19813 17858
21725 -29315
3341 -3791
-14761 30737
-24467 -25565
-31194 9837
17563 16758
-15525 -3899
-2919 25138
-19586 -18602
1210 -15437
19583 23204
-32712 23630
14107 7533
-13378 -13502
5591 31878
-22337 -1645
28164 -17271
-24753 23860
-7352 -15852
30589 8202
10158 -7588
-11659 18719
-9266 21455
-20846 -11108
-13765 4811
12407 22302
22338 14073
-17754 -32332
-31536 -25488
26248 314
7337 -4406
19116 30767
22488 -2263
9346 3737
4388 -17723
26001 -14983
2691 15191
10975 26067
31540 1047
16446 19721
23010 -22716
-23931 16087
-5330 23771
-30233 3808
12971 26947
13921 19365
-14083 17492
13103 -27481
-4470 -25416
318 26453
-20296 18044
25975 -24797
-29689 24502
-3737 17058
3290 -32742
24724 -19238
-16078 11158
19680 30188
-12864 8158
-8480 -31043
-28979 19712
23660 20276
-32055 8635
-1780 11386
26693 -18120
31156 6775
2405 -30582
-8020 -1660
-25574 651
11025 -28992
-3740 -15295
-3831 7964
-4236 -14562
-9247 -26830
-31923 -26946
11071 -10332
7526 20750
-516 26954
-11908 6126
1498 24803
2444 2867
-7381 -2225
-10005 -28933
11700 21452
-20930 3552
17327 -19782
-14234 -1683
28345 5003
12642 30312
27301 -3380
-31761 -26981
27100 21492
18382 -9946
22335 -18393
-20704 11669
7636 -31471
-25562 -22941
2063 11118
828 27042
16353 -19315
19315 -30335
-12076 17004
-13166 -4706
-21813 18635
11304 21729
-27092 -5101
-22176 -18200
11967 -19525
4373 14163
21946 27346
24509 13580
17862 15726
-7320 -26435
7670 -4143
9927 11487
-26507 6553
16002 -7076
23405 -12470
-3992 -18161
9621 -15310
5413 20280
-11859 -13348
-10547 19345
-16608 -10257
22385 -2398
-32767 -10621
28307 537
15321 18966
14728 -22756
-9922 -22935
-7950 -2321
25252 -30559
-18279 5197
-31615 -27540
-2260 -31005
-11951 -1978
-6237 -28747
31553 -1116
31295 18762
11678 -1328
11782 -21117
-12704 10246
3439 18461
-27409 15037
-16909 -22971
-10328 -4065
-24378 20256
23347 2755
-27196 5857
13922 12501
-32317 -18246
-8416 -10370
3256 16651
17659 -3510
-13871 13785
7024 -1530
32249 23183
-23173 -28744
-27571 13093
-22710 -27194
21941 11557
4789 -3036
-17805 20560
-17095 1181
-25116 13534
24447 5497
22833 -16786
-25224 -9927
17112 -4729
-24023 29613
8809 -26660
-7668 3127
26663 24032
1929 30928
30712 11465
10662 30275
-7580 -31086
2609 -1688
-14719 22450
30100 -10712
15716 -2837
-9196 -17209
8307 -32426
-29432 7577
-21109 -7997
-29301 31702
-29023 4679
6423 8099
31591 -15712
-31526 -24790
-6969 -22450
843 22591
-19556 -12871
15352 24650
-13902 -24348
-95 18254
4375 -18257
20402 -13801
-16282 28114
30095 15042
18819 1442
3874 31473
-1591 -1949
17154 -3532
-10446 28705
10114 -8235
5624 -3602
28943 24407
-20281 9018
-2541 25779
-18327 -9419
-14519 -21561
2336 6198
-2434 24078
14517 -23170
3790 20142
27322 -616
5869 -23429
27381 -5459
11443 5733
-20631 3227
11952 -32731
1540 -23228
29594 14769
-3411 13694
16848 2526
-5220 -28975
5053 -25917
31573 -18054
29170 -14413
27592 -21743
-31963 2570
-3158 21077
12375 -5014
-25281 -28380
-10458 -1263
-15531 12884
-30955 -24119
9684 -7653
16790 25083
24251 4504
-10499 20669
-25043 10012
-26513 20503
5386 -27503
-21071 -4723
-5529 -29660
-30461 2943
-25656 30514
-22035 17787
-15439 28822
31309 -6141
16451 15084
-7029 21199
-27900 19277
-21107 -13327
-9586 31146
19072 17481
14256 -4395
-842 14994
-32625 20942
-19441 -1652
3815 -25841
-11623 5235
-3666 19059
10047 -10918
-15485 -14796
-5000 -13006
31 -15175
-24957 -19611
14180 24033
-22117 12205
-19343 -2877
-10898 -709
-12643 -2589
-32729 -29431
-15289 19817
31239 -32512
-31511 12235
27282 -7839
13004 -3312
22563 18668
-6561 635
2202 30255
11288 31319
-8058 -30406
19606 -13462
17611 13928
31301 21745
-5548 -12847
1997 -19247
8821 -23744
-506 17088
23690 13332
25148 -6924
-10778 5913
17755 -29417
8571 -293
-10228 -38
-5916 -11271
-27528 16868
23817 26467
-8992 -32263
11717 -7605
31923 5786
10504 -27577
-11423 4804
-20734 28905
-18026 -14086
-2823 25651
11549 7272
-27133 10312
-26254 -31878
-19075 -7200
-11300 8054
-20166 27035
16373 25074
15229 20087
15690 32056
21324 -968
-12473 3203
14903 6714
6683 -32296
7748 31579
-32767 12044
-6945 25248
-1768 7955
21641 27594
-22371 -8242
-9411 -31729
18462 15311
-1336 -21912
9499 21373
14609 12526
-16393 17000
-25673 -10130
28915 7333
6361 -15323
11044 -661
10197 -12259
-5773 29454
20797 18494
-32747 6291
7247 18845
-10656 -23846
5402 -8942
28000 -11768
9260 -9041
15388 26328
24207 7225
8745 -25121
25196 -8002
24320 12564
15149 -4464
27479 27817
10604 -24379
-8236 7150
13908 -32699
30403 -24515
-8674 5588
17775 10463
-16320 31521
-12021 -3847
-21099 -8976
12600 -32767
6937 -18678
9833 -25448
26499 11330
18835 5824
-20733 5787
7169 -2551
31472 -16414
11528 11305
16150 -25142
-32430 -22985
3347 -28634
-5375 -21048
-18563 -32618
4166 -27810
25160 -1169
-10954 6161
-7042 -31611
-25301 16512
-12644 25623
-13978 19119
25833 908
-29269 -19313
1686 -7819
-3279 -6030
-24167 -23449
8796 11559
-21390 -31391
-9053 2308
23619 5466
-29443 -21819
14516 18041
-10929 -16752
8307 -19274
11155 -2446
18401 -7084
-8846 -4303
-11777 22673
-20168 -18365
-15778 28609
-26893 -18536
-26505 -16011
-13851 -9585
30546 24019
18719 25086
26602 4816
-8681 13672
-27866 32351
