0 0
0 0
0 0
-14284 -1140
471 5658
8823 18792
0 0
0 0
0 0
0 0
0 0
0 0
0 0
0 0
0 0
0 0
-3305 -1612
-3234 7714
0 0
0 0
22030 6802
5049 18794
5585 16071
0 0
19258 12514
0 0
0 0
0 0
0 0
0 0
6517 14292
0 0
0 0
0 0
0 0
0 0
0 0
0 0
0 0
0 0
0 0
0 0
0 0
0 0
0 0
0 0
0 0
0 0
0 0
0 0
-13686 -17709
0 0
0 0
0 0
0 0
0 0
0 0
0 0
0 0
0 0
0 0
0 0
0 0
0 0
0 0
0 0
0 0
0 0
0 0
0 0
0 0
0 0
0 0
0 0
0 0
-11890 -119
0 0
0 0
12796 -15149
0 0
0 0
0 0
0 0
0 0
0 0
-2913 8386
13325 7425
-1604 19614
0 0
0 0
0 0
7500 12490
0 0
0 0
0 0
0 0
0 0
-4657 16793
0 0
0 0
0 0
0 0
0 0
0 0
0 0
0 0
5283 -20360
0 0
18226 -16316
0 0
0 0
0 0
0 0
0 0
0 0
0 0
0 0
0 0
0 0
0 0
0 0
0 0
0 0
0 0
0 0
0 0
0 0
0 0
0 0
3190 -6816
0 0
0 0
0 0
-7017 -14085
0 0
0 0
0 0
0 0
0 0
0 0
0 0
9089 10969
0 0
0 0
17228 1205
-1143 -13385
0 0
0 0
0 0
21818 -5497
3044 4651
4112 13546
-2967 -6567
-17917 3137
1663 14795
0 0
2831 -19293
-10416 -19298
0 0
0 0
0 0
10090 -18705
0 0
0 0
0 0
0 0
-1821 24435
0 0
0 0
0 0
0 0
0 0
0 0
0 0
0 0
0 0
5363 -18031
-16512 -13350
0 0
0 0
0 0
0 0
0 0
19358 -11466
0 0
0 0
0 0
0 0
0 0
0 0
0 0
0 0
0 0
0 0
0 0
0 0
0 0
0 0
0 0
0 0
0 0
0 0
0 0
0 0
0 0
0 0
0 0
0 0
-11946 -6841
0 0
0 0
0 0
0 0
0 0
0 0
0 0
0 0
0 0
0 0
-1786 -2650
0 0
0 0
0 0
0 0
0 0
0 0
0 0
0 0
-15783 6527
0 0
0 0
0 0
8993 -8860
0 0
0 0
0 0
0 0
0 0
0 0
0 0
0 0
0 0
0 0
0 0
10051 -19513
0 0
0 0
0 0
0 0
0 0
0 0
0 0
0 0
0 0
0 0
11029 -9005
0 0
0 0
0 0
0 0
-2171 14576
11831 18280
0 0
0 0
0 0
0 0
0 0
-7441 14537
0 0
0 0
0 0
0 0
0 0
0 0
0 0
0 0
0 0
0 0
22241 1519
0 0
0 0
0 0
0 0
0 0
-3056 2735
0 0
0 0
0 0
0 0
0 0
0 0
0 0
0 0
0 0
0 0
0 0
0 0
0 0
0 0
0 0
0 0
0 0
0 0
0 0
0 0
0 0
0 0
0 0
0 0
0 0
0 0
0 0
8729 -7592
7946 -7373
15348 11716
20924 1617
0 0
0 0
0 0
0 0
0 0
0 0
0 0
0 0
0 0
0 0
0 0
-14667 10006
0 0
0 0
0 0
0 0
2050 -7859
0 0
0 0
0 0
0 0
0 0
0 0
-11956 12566
0 0
0 0
0 0
0 0
23211 -9352
11478 -15495
0 0
0 0
0 0
0 0
0 0
-4970 13605
0 0
0 0
0 0
0 0
-11723 15222
-10170 12205
0 0
0 0
0 0
0 0
0 0
0 0
0 0
20593 3039
0 0
0 0
0 0
0 0
0 0
0 0
0 0
-19761 -10477
0 0
0 0
0 0
0 0
0 0
0 0
-13648 3898
-910 -2291
0 0
0 0
0 0
0 0
0 0
0 0
0 0
0 0
0 0
3062 -20974
0 0
0 0
0 0
0 0
0 0
0 0
0 0
-17625 9510
0 0
0 0
0 0
0 0
0 0
0 0
0 0
0 0
0 0
0 0
0 0
-674 5524
10941 15250
0 0
14632 6640
0 0
0 0
0 0
0 0
0 0
0 0
0 0
0 0
0 0
0 0
0 0
0 0
0 0
0 0
0 0
0 0
0 0
0 0
0 0
0 0
0 0
0 0
24464 2000
0 0
0 0
7710 -5491
0 0
0 0
-17846 8505
0 0
0 0
0 0
0 0
0 0
0 0
0 0
0 0
0 0
0 0
0 0
0 0
0 0
0 0
0 0
0 0
0 0
0 0
0 0
0 0
12071 4693
0 0
-9111 -7713
0 0
0 0
0 0
0 0
0 0
4092 19307
0 0
0 0
3833 -14202
0 0
0 0
0 0
0 0
0 0
0 0
0 0
0 0
-14676 -4122
0 0
0 0
0 0
0 0
-2831 -24542
0 0
13191 -11389
0 0
0 0
0 0
0 0
0 0
0 0
6138 20521
0 0
-16304 3882
0 0
0 0
0 0
0 0
0 0
0 0
-7795 -19714
0 0
0 0
0 0
0 0
0 0
0 0
0 0
-9844 -8010
0 0
0 0
0 0
0 0
-9053 -11232
0 0
0 0
0 0
0 0
0 0
0 0
0 0
0 0
4264 -14251
0 0
0 0
0 0
0 0
0 0
0 0
0 0
0 0
0 0
0 0
0 0
0 0
0 0
0 0
0 0
0 0
0 0
0 0
21392 -9512
15380 -17382
-6856 -7724
0 0
0 0
0 0
0 0
0 0
0 0
-4665 13160
0 0
0 0
0 0
0 0
0 0
0 0
0 0
0 0
0 0
0 0
0 0
14111 -17019
0 0
0 0
0 0
0 0
0 0
-24016 7573
-2937 -483
0 0
0 0
0 0
0 0
0 0
0 0
0 0
0 0
0 0
0 0
0 0
0 0
0 0
0 0
0 0
0 0
0 0
0 0
0 0
0 0
0 0
6051 21250
0 0
0 0
0 0
0 0
0 0
0 0
-15060 -13886
0 0
0 0
0 0
0 0
-8716 -10918
0 0
0 0
0 0
0 0
-19821 -13842
0 0
0 0
0 0
0 0
0 0
0 0
0 0
0 0
11722 8382
-1481 17759
0 0
0 0
0 0
0 0
0 0
0 0
0 0
9412 11511
0 0
0 0
15564 9101
0 0
20200 9360
10682 -11318
0 0
0 0
0 0
0 0
0 0
0 0
0 0
0 0
0 0
0 0
0 0
-11627 19895
-17013 -4161
-21065 -837
0 0
0 0
0 0
0 0
0 0
0 0
0 0
0 0
0 0
0 0
0 0
-4458 -10576
0 0
0 0
0 0
0 0
0 0
0 0
0 0
0 0
0 0
0 0
0 0
0 0
0 0
0 0
0 0
0 0
0 0
0 0
-5710 -5334
-11413 4538
0 0
0 0
0 0
0 0
11496 8265
0 0
0 0
0 0
-362 10702
-7620 -8772
-2313 302
9238 20852
0 0
0 0
0 0
0 0
-15167 -5983
0 0
0 0
0 0
0 0
0 0
0 0
0 0
0 0
-950 20762
0 0
0 0
0 0
0 0
0 0
0 0
0 0
0 0
7565 1155
-855 19579
0 0
12540 3951
0 0
0 0
-2600 -882
0 0
0 0
0 0
0 0
0 0
0 0
0 0
0 0
0 0
0 0
0 0
0 0
-2948 -7694
0 0
0 0
0 0
0 0
0 0
0 0
0 0
0 0
0 0
0 0
-8731 -11251
0 0
5951 4464
5737 23098
0 0
11563 -12560
0 0
-4736 -16636
9394 -21088
0 0
-22323 10037
0 0
3040 8940
-8767 -5782
0 0
14101 3441
0 0
0 0
0 0
-3758 -17838
1368 -16259
0 0
0 0
0 0
0 0
0 0
0 0
0 0
0 0
0 0
0 0
0 0
0 0
0 0
0 0
0 0
21968 8414
0 0
0 0
0 0
0 0
0 0
0 0
0 0
0 0
0 0
0 0
12304 8219
0 0
0 0
0 0
0 0
0 0
0 0
0 0
0 0
0 0
0 0
0 0
0 0
0 0
0 0
0 0
0 0
0 0
0 0
0 0
0 0
-14837 -16140
-20093 -10083
-2975 -20281
-16645 -15644
0 0
0 0
0 0
0 0
0 0
11729 5336
0 0
0 0
0 0
0 0
0 0
0 0
0 0
0 0
0 0
0 0
19767 -9600
7586 -17066
0 0
0 0
0 0
0 0
0 0
0 0
0 0
0 0
0 0
0 0
0 0
0 0
0 0
0 0
0 0
0 0
-10024 10190
0 0
0 0
0 0
0 0
0 0
0 0
0 0
0 0
0 0
0 0
0 0
0 0
0 0
0 0
-18846 3019
0 0
0 0
0 0
12067 -7744
0 0
0 0
0 0
0 0
0 0
0 0
0 0
0 0
-14972 2318
-15788 -4336
-1327 3593
0 0
9444 -8253
0 0
-194 24755
0 0
0 0
0 0
0 0
22760 5825
6921 -12323
0 0
-12571 18627
-16610 2409
0 0
0 0
0 0
0 0
0 0
18987 67
0 0
0 0
0 0
13973 -5984
0 0
8819 -13831
0 0
-14741 -4801
0 0
-16690 15064
-21016 5461
0 0
0 0
0 0
0 0
0 0
0 0
0 0
0 0
0 0
0 0
0 0
0 0
0 0
0 0
-4186 10955
0 0
0 0
0 0
0 0
0 0
0 0
-16481 -5038
0 0
0 0
0 0
3947 -1950
0 0
0 0
0 0
0 0
0 0
0 0
0 0
0 0
0 0
840 13105
-17186 -3305
-17098 6668
0 0
20985 -10091
0 0
0 0
6088 -11415
0 0
0 0
0 0
0 0
0 0
0 0
-304 -6981
-7991 -22687
0 0
0 0
0 0
0 0
0 0
0 0
0 0
0 0
-14537 2105
0 0
0 0
0 0
0 0
0 0
0 0
0 0
0 0
0 0
0 0
0 0
0 0
0 0
0 0
-9418 6484
0 0
0 0
0 0
0 0
0 0
0 0
0 0
0 0
0 0
0 0
-2621 -7450
1788 -22790
0 0
0 0
0 0
0 0
0 0
3813 1378
12651 -11070
0 0
-2730 -10929
8350 11216
0 0
0 0
-2018 17357
0 0
0 0
0 0
0 0
0 0
0 0
0 0
0 0
9311 10605
6868 1323
-15976 9642
0 0
0 0
0 0
-2973 -13745
0 0
14059 13955
0 0
0 0
0 0
13179 -17349
0 0
0 0
-24 -8316
13042 -14839
0 0
0 0
-8044 -764
0 0
0 0
0 0
-6071 -4417
0 0
0 0
0 0
0 0
0 0
0 0
0 0
0 0
0 0
0 0
0 0
-14452 -3966
-16107 1644
0 0
0 0
0 0
0 0
0 0
0 0
0 0
0 0
0 0
0 0
0 0
0 0
12678 -15608
0 0
0 0
0 0
0 0
0 0
0 0
10920 17788
0 0
0 0
-3452 5177
0 0
0 0
0 0
0 0
0 0
0 0
0 0
0 0
0 0
0 0
8487 -9941
0 0
0 0
-1546 6569
0 0
21856 -8173
0 0
0 0
0 0
0 0
0 0
0 0
0 0
17633 -14364
0 0
0 0
0 0
0 0
0 0
0 0
-5913 -15752
0 0
0 0
0 0
0 0
0 0
930 3756
-4169 22987
0 0
0 0
0 0
-15164 5130
-3790 -14258
0 0
0 0
0 0
17995 -2069
0 0
0 0
0 0
0 0
0 0
0 0
0 0
0 0
0 0
0 0
0 0
-17379 -12167
-20020 -14103
0 0
0 0
0 0
0 0
0 0
0 0
0 0
0 0
0 0
0 0
3451 -21270
0 0
0 0
0 0
0 0
0 0
0 0
0 0
7450 17616
0 0
0 0
-2141 5844
0 0
0 0
0 0
0 0
0 0
539 -13494
0 0
0 0
0 0
0 0
0 0
0 0
0 0
0 0
0 0
0 0
0 0
0 0
0 0
0 0
0 0
-672 -7629
12317 -9866
0 0
0 0
0 0
0 0
-17350 -16415
0 0
0 0
0 0
0 0
0 0
0 0
0 0
0 0
0 0
0 0
-4999 1374
0 0
-16463 -14205
0 0
0 0
0 0
0 0
0 0
0 0
0 0
0 0
0 0
0 0
0 0
0 0
0 0
0 0
0 0
0 0
0 0
0 0
0 0
0 0
0 0
0 0
0 0
0 0
0 0
0 0
4980 -21732
0 0
0 0
0 0
0 0
0 0
0 0
0 0
0 0
0 0
0 0
0 0
-13944 14015
2792 21411
6252 6156
11168 -5484
0 0
0 0
0 0
1587 11422
0 0
-6095 1634
0 0
0 0
0 0
0 0
0 0
0 0
0 0
0 0
0 0
0 0
0 0
0 0
0 0
0 0
0 0
0 0
0 0
0 0
0 0
0 0
8857 11546
0 0
0 0
0 0
0 0
0 0
0 0
-8249 941
-20435 2996
0 0
0 0
0 0
0 0
-9189 -7595
0 0
0 0
0 0
0 0
-3205 19520
0 0
0 0
0 0
0 0
21424 10009
0 0
0 0
0 0
3804 18562
0 0
763 -14201
0 0
0 0
0 0
0 0
0 0
0 0
0 0
0 0
0 0
0 0
0 0
0 0
0 0
225 8696
0 0
0 0
0 0
0 0
0 0
0 0
0 0
0 0
0 0
3601 -23871
7145 -19021
10364 -17176
0 0
0 0
22171 -6404
0 0
0 0
0 0
0 0
0 0
0 0
-396 -18295
0 0
0 0
0 0
0 0
0 0
0 0
0 0
0 0
12065 -2134
0 0
0 0
0 0
0 0
0 0
0 0
0 0
0 0
0 0
14503 -11171
0 0
0 0
-17444 1718
0 0
11380 -15923
0 0
0 0
0 0
0 0
10360 8680
0 0
0 0
0 0
0 0
0 0
0 0
0 0
0 0
0 0
0 0
7361 23292
0 0
-3423 -16543
0 0
0 0
0 0
0 0
0 0
-1353 5236
0 0
-4525 -17048
0 0
0 0
0 0
0 0
0 0
0 0
0 0
0 0
15266 10860
0 0
0 0
0 0
0 0
0 0
-6850 11568
0 0
0 0
0 0
0 0
0 0
0 0
0 0
0 0
-17248 9844
0 0
0 0
0 0
0 0
0 0
0 0
0 0
0 0
-2209 11623
0 0
0 0
0 0
0 0
0 0
-7679 -17082
0 0
-20199 -2018
0 0
0 0
0 0
0 0
0 0
0 0
0 0
0 0
0 0
0 0
-1459 -21716
0 0
0 0
0 0
0 0
0 0
0 0
0 0
0 0
0 0
0 0
0 0
0 0
0 0
0 0
0 0
0 0
0 0
0 0
-194 -19449
-11029 1574
-3287 4085
0 0
0 0
0 0
0 0
0 0
0 0
0 0
0 0
0 0
-2535 11453
0 0
5131 19919
-11869 11612
0 0
0 0
0 0
0 0
5228 8082
0 0
0 0
0 0
0 0
0 0
0 0
0 0
0 0
0 0
0 0
0 0
0 0
0 0
0 0
0 0
0 0
0 0
0 0
0 0
528 7046
-4370 21210
-3812 19774
0 0
0 0
0 0
0 0
0 0
0 0
0 0
0 0
0 0
0 0
0 0
0 0
-23912 7412
0 0
0 0
0 0
0 0
0 0
-17540 -14856
0 0
0 0
0 0
0 0
0 0
0 0
0 0
0 0
0 0
-19113 6876
0 0
0 0
0 0
2860 -1952
14365 8525
0 0
0 0
0 0
-13337 2271
0 0
0 0
0 0
0 0
0 0
0 0
0 0
4017 -10742
13296 1515
13541 9280
0 0
0 0
0 0
0 0
2824 -4613
0 0
0 0
1082 -10516
621 -1862
0 0
0 0
7945 6867
-4387 -14370
0 0
0 0
0 0
4177 6662
13264 9035
0 0
0 0
0 0
0 0
0 0
0 0
0 0
0 0
0 0
0 0
0 0
0 0
0 0
0 0
0 0
0 0
0 0
-10331 18102
0 0
0 0
0 0
0 0
0 0
0 0
0 0
0 0
0 0
0 0
0 0
0 0
0 0
0 0
0 0
0 0
0 0
0 0
0 0
0 0
-8373 1729
0 0
0 0
0 0
0 0
3504 -24060
0 0
0 0
0 0
0 0
0 0
0 0
0 0
0 0
0 0
0 0
-4334 3604
0 0
0 0
9751 -9917
0 0
0 0
-3747 9690
-19320 -7087
-743 -16629
-14826 -4997
1966 -21179
12798 -6856
0 0
0 0
0 0
0 0
0 0
0 0
0 0
0 0
0 0
0 0
0 0
0 0
0 0
0 0
0 0
0 0
0 0
0 0
21227 -2259
0 0
0 0
9536 -2935
0 0
0 0
0 0
0 0
0 0
0 0
0 0
0 0
0 0
0 0
0 0
0 0
0 0
8947 8135
0 0
0 0
0 0
0 0
0 0
0 0
0 0
0 0
0 0
0 0
0 0
0 0
0 0
0 0
0 0
0 0
3749 -157
-2329 19147
0 0
3929 -11779
0 0
0 0
0 0
0 0
0 0
0 0
11991 19174
0 0
0 0
0 0
0 0
0 0
0 0
0 0
0 0
0 0
0 0
0 0
0 0
0 0
0 0
0 0
0 0
0 0
0 0
0 0
0 0
0 0
0 0
0 0
0 0
0 0
0 0
0 0
0 0
0 0
0 0
0 0
0 0
0 0
0 0
0 0
0 0
14108 4628
16655 -19014
0 0
0 0
0 0
0 0
0 0
0 0
0 0
0 0
0 0
0 0
0 0
0 0
0 0
0 0
0 0
0 0
0 0
0 0
0 0
0 0
0 0
0 0
0 0
16435 7977
0 0
0 0
0 0
-6438 19460
0 0
0 0
0 0
0 0
0 0
0 0
0 0
0 0
0 0
0 0
8096 14991
-13814 17530
0 0
0 0
0 0
0 0
0 0
0 0
0 0
0 0
0 0
0 0
0 0
0 0
0 0
0 0
0 0
0 0
0 0
0 0
22490 -3727
0 0
0 0
0 0
0 0
0 0
0 0
0 0
8529 1099
4814 -2473
10670 -12793
0 0
0 0
0 0
0 0
0 0
0 0
0 0
0 0
0 0
15193 -1821
0 0
0 0
0 0
0 0
0 0
0 0
0 0
0 0
0 0
0 0
-22624 -4293
0 0
0 0
0 0
0 0
0 0
0 0
0 0
0 0
0 0
18872 -5871
0 0
0 0
0 0
0 0
-20369 -610
0 0
0 0
0 0
0 0
0 0
0 0
0 0
0 0
0 0
0 0
0 0
0 0
-7016 -6057
0 0
0 0
0 0
0 0
0 0
0 0
0 0
0 0
0 0
0 0
0 0
0 0
0 0
0 0
0 0
0 0
0 0
12804 -93
-1656 11134
0 0
0 0
0 0
-5505 -21358
0 0
12636 14896
0 0
0 0
0 0
0 0
1103 -2845
0 0
0 0
0 0
0 0
0 0
0 0
0 0
-22034 2326
0 0
0 0
0 0
0 0
0 0
-1992 20585
6771 -487
898 5106
0 0
0 0
21937 -4605
10292 9550
-335 9774
0 0
0 0
0 0
0 0
0 0
0 0
0 0
0 0
0 0
9903 21878
0 0
0 0
0 0
0 0
0 0
0 0
0 0
0 0
0 0
0 0
0 0
0 0
0 0
0 0
0 0
0 0
0 0
0 0
0 0
0 0
0 0
0 0
0 0
0 0
0 0
-1111 -12237
0 0
0 0
-11536 20197
0 0
0 0
0 0
0 0
0 0
0 0
19509 4028
0 0
0 0
0 0
0 0
0 0
-14785 10385
0 0
0 0
2665 22645
-2582 22376
-10474 22513
0 0
0 0
0 0
0 0
0 0
0 0
0 0
0 0
0 0
0 0
0 0
0 0
0 0
0 0
0 0
0 0
0 0
0 0
0 0
0 0
0 0
0 0
0 0
0 0
0 0
0 0
-9092 1861
0 0
0 0
11879 9257
0 0
0 0
0 0
0 0
0 0
21615 -6586
0 0
-1599 -18015
0 0
0 0
0 0
0 0
0 0
0 0
0 0
0 0
0 0
0 0
-6883 7318
0 0
7379 -23334
0 0
0 0
0 0
0 0
0 0
0 0
0 0
0 0
0 0
0 0
0 0
0 0
8016 19300
0 0
0 0
11659 18526
0 0
0 0
0 0
0 0
0 0
0 0
0 0
18892 -15967
0 0
0 0
15131 19408
0 0
0 0
0 0
0 0
0 0
-3510 -10225
0 0
0 0
0 0
0 0
0 0
995 -9003
21812 -5474
0 0
0 0
0 0
0 0
0 0
0 0
0 0
0 0
0 0
0 0
0 0
0 0
-6214 -8891
0 0
0 0
0 0
0 0
0 0
-8698 -966
0 0
0 0
0 0
0 0
0 0
0 0
0 0
0 0
12731 -11233
0 0
0 0
0 0
0 0
0 0
0 0
10955 11256
0 0
0 0
0 0
15226 -2831
10821 19165
0 0
0 0
0 0
0 0
0 0
0 0
18677 15181
0 0
0 0
0 0
0 0
0 0
0 0
0 0
0 0
0 0
0 0
0 0
0 0
0 0
0 0
15312 14102
0 0
0 0
-8327 -6237
-22149 6083
0 0
0 0
0 0
0 0
-11382 -18753
0 0
0 0
16026 -19348
0 0
0 0
0 0
0 0
0 0
0 0
0 0
0 0
0 0
0 0
0 0
0 0
0 0
0 0
0 0
0 0
0 0
0 0
3728 3578
0 0
0 0
0 0
0 0
0 0
0 0
0 0
0 0
0 0
0 0
0 0
0 0
0 0
0 0
0 0
0 0
0 0
0 0
0 0
15177 12852
0 0
0 0
-17746 3614
0 0
0 0
0 0
11774 18682
0 0
0 0
0 0
0 0
0 0
0 0
7885 -7143
0 0
14662 12759
0 0
-1018 -20280
0 0
0 0
0 0
-6869 -12036
0 0
0 0
0 0
0 0
0 0
0 0
0 0
-6581 -4883
-15791 3668
0 0
0 0
0 0
0 0
-13091 -13803
0 0
0 0
0 0
0 0
0 0
-17363 12063
0 0
0 0
-17820 3460
0 0
15151 -8709
0 0
0 0
0 0
0 0
0 0
4451 -7269
0 0
0 0
0 0
0 0
0 0
0 0
-14371 9327
2822 1854
0 0
0 0
16663 17930
0 0
0 0
9378 14012
0 0
0 0
0 0
0 0
0 0
0 0
-1882 -20601
0 0
0 0
0 0
0 0
0 0
0 0
0 0
-20915 2013
0 0
0 0
0 0
0 0
0 0
10576 -10466
8660 -7205
0 0
0 0
0 0
0 0
0 0
0 0
0 0
0 0
0 0
0 0
0 0
-8909 21826
0 0
0 0
0 0
0 0
0 0
0 0
20823 6117
0 0
0 0
0 0
-16465 -17701
0 0
0 0
0 0
-8101 -19597
0 0
0 0
0 0
0 0
-13814 -3779
0 0
0 0
0 0
0 0
-2804 -9352
0 0
0 0
0 0
0 0
0 0
0 0
0 0
-5682 17055
0 0
0 0
0 0
0 0
-7169 -14122
0 0
0 0
0 0
0 0
0 0
0 0
0 0
0 0
0 0
0 0
0 0
0 0
0 0
0 0
0 0
0 0
0 0
0 0
0 0
0 0
0 0
0 0
0 0
-12344 15342
0 0
0 0
0 0
6291 9977
0 0
0 0
0 0
0 0
0 0
0 0
18822 10631
0 0
-4734 -11084
-9990 -4166
7618 2443
0 0
0 0
0 0
0 0
0 0
0 0
0 0
0 0
0 0
0 0
0 0
0 0
19571 -7474
9460 -19398
0 0
0 0
0 0
0 0
0 0
0 0
0 0
0 0
0 0
0 0
0 0
0 0
0 0
0 0
0 0
0 0
0 0
0 0
0 0
-3198 15187
5594 2924
0 0
0 0
0 0
-6083 10210
0 0
0 0
0 0
3404 -13990
0 0
0 0
0 0
-19179 -14375
0 0
0 0
-20080 -13182
0 0
0 0
0 0
0 0
0 0
0 0
0 0
0 0
0 0
0 0
0 0
0 0
-13805 16433
-18906 16816
0 0
-24048 390
0 0
0 0
0 0
0 0
-18439 17728
0 0
0 0
0 0
0 0
0 0
22612 -8549
306 -12314
0 0
0 0
-9199 -20766
-13587 -14772
0 0
2182 -6527
6727 -7551
8689 14795
0 0
0 0
0 0
0 0
0 0
0 0
0 0
0 0
0 0
12134 6922
0 0
0 0
0 0
0 0
14302 -6589
19281 11656
-5499 10387
1450 8657
6358 1324
0 0
0 0
0 0
0 0
0 0
0 0
0 0
0 0
0 0
0 0
0 0
0 0
0 0
0 0
-5889 8016
0 0
18376 -13826
0 0
0 0
0 0
0 0
0 0
0 0
-6983 -1160
0 0
18879 15375
0 0
0 0
0 0
0 0
0 0
0 0
0 0
0 0
0 0
0 0
-2506 14896
0 0
0 0
0 0
13438 -17435
0 0
-18417 -14306
0 0
0 0
0 0
0 0
0 0
0 0
0 0
-18295 -1400
0 0
0 0
0 0
0 0
0 0
0 0
0 0
0 0
0 0
10801 2870
3941 -20798
-9557 -9891
0 0
0 0
0 0
0 0
0 0
0 0
0 0
0 0
0 0
-3535 -14659
0 0
9885 11743
0 0
0 0
0 0
0 0
0 0
0 0
0 0
-13124 -2232
-12277 -7165
0 0
0 0
0 0
0 0
0 0
0 0
0 0
0 0
-23684 6732
0 0
-5364 6455
0 0
0 0
0 0
0 0
0 0
0 0
0 0
0 0
0 0
0 0
0 0
0 0
0 0
0 0
0 0
0 0
0 0
0 0
0 0
5636 -11021
0 0
0 0
0 0
0 0
0 0
0 0
0 0
0 0
0 0
0 0
0 0
0 0
0 0
0 0
0 0
0 0
-13867 16898
0 0
0 0
-13106 3102
0 0
0 0
0 0
0 0
0 0
0 0
0 0
0 0
0 0
0 0
0 0
0 0
0 0
-5694 -14882
0 0
0 0
0 0
0 0
0 0
0 0
15391 -4858
0 0
0 0
-9457 -9572
-3291 -21412
0 0
0 0
0 0
0 0
14103 -2439
0 0
0 0
0 0
0 0
14677 -7533
0 0
0 0
0 0
0 0
12340 -13130
0 0
0 0
0 0
9606 9399
0 0
0 0
0 0
24330 2836
0 0
0 0
0 0
0 0
5839 22151
0 0
0 0
0 0
0 0
0 0
0 0
-7446 -12829
0 0
19638 -9254
0 0
0 0
0 0
0 0
0 0
0 0
0 0
21055 8478
16583 15451
0 0
0 0
0 0
0 0
0 0
0 0
-2254 -3142
3362 -5326
18452 9872
2722 -5182
6271 9450
0 0
0 0
-8160 -7380
-9496 10499
-18470 9589
0 0
22339 -10588
0 0
0 0
0 0
0 0
0 0
0 0
0 0
0 0
0 0
0 0
0 0
0 0
0 0
0 0
0 0
0 0
0 0
0 0
0 0
0 0
0 0
0 0
0 0
0 0
0 0
0 0
0 0
0 0
0 0
0 0
0 0
0 0
0 0
0 0
0 0
0 0
0 0
0 0
0 0
0 0
0 0
0 0
0 0
808 7683
0 0
0 0
0 0
0 0
0 0
0 0
0 0
0 0
0 0
0 0
0 0
0 0
0 0
0 0
0 0
-11936 6873
0 0
0 0
0 0
0 0
0 0
0 0
7481 -23757
0 0
0 0
0 0
0 0
0 0
0 0
0 0
0 0
0 0
-8888 17741
-2424 -919
8849 -10172
2747 -293
20462 -812
0 0
0 0
0 0
0 0
0 0
20319 -722
0 0
7718 8743
20689 -1858
0 0
0 0
0 0
4312 18546
0 0
-13076 -19971
0 0
0 0
0 0
0 0
0 0
0 0
0 0
0 0
0 0
0 0
0 0
0 0
0 0
0 0
19794 -2185
14182 -11437
0 0
0 0
0 0
0 0
0 0
0 0
0 0
0 0
0 0
0 0
0 0
-16406 13390
0 0
0 0
0 0
0 0
0 0
0 0
0 0
0 0
0 0
0 0
11071 -6475
0 0
0 0
0 0
0 0
0 0
-13437 -5965
0 0
0 0
0 0
-3533 -4944
0 0
0 0
0 0
0 0
0 0
0 0
3455 -22883
0 0
0 0
0 0
0 0
0 0
0 0
0 0
0 0
0 0
-13939 14758
0 0
0 0
0 0
0 0
0 0
0 0
0 0
0 0
0 0
0 0
0 0
0 0
0 0
8252 22648
0 0
14762 -9812
0 0
0 0
0 0
0 0
0 0
0 0
0 0
0 0
0 0
0 0
-8766 15446
-18141 14299
0 0
0 0
0 0
0 0
0 0
0 0
0 0
0 0
0 0
0 0
0 0
0 0
0 0
0 0
0 0
7901 -7545
0 0
0 0
0 0
0 0
0 0
0 0
0 0
0 0
0 0
-19220 -6975
0 0
10300 13330
0 0
0 0
0 0
1484 -3886
0 0
0 0
0 0
0 0
0 0
0 0
0 0
0 0
0 0
0 0
0 0
0 0
-10307 13048
0 0
0 0
0 0
0 0
0 0
0 0
0 0
0 0
0 0
0 0
0 0
0 0
0 0
0 0
0 0
0 0
0 0
0 0
0 0
0 0
0 0
0 0
-1902 -8490
-13176 -14532
0 0
0 0
0 0
0 0
0 0
0 0
0 0
4506 13774
0 0
0 0
2648 17417
0 0
7930 22934
8383 9869
0 0
0 0
0 0
0 0
0 0
0 0
0 0
0 0
-22214 -2004
0 0
0 0
0 0
14901 17553
0 0
0 0
0 0
0 0
0 0
0 0
0 0
-8388 4416
0 0
-8770 -21451
0 0
0 0
0 0
0 0
4491 1575
-15940 2142
-19905 -8669
0 0
0 0
8551 -11964
1306 1958
0 0
0 0
0 0
-7148 -9665
0 0
0 0
0 0
0 0
0 0
0 0
0 0
0 0
0 0
0 0
0 0
5797 1458
0 0
0 0
0 0
0 0
0 0
0 0
0 0
0 0
-23931 -6997
0 0
0 0
0 0
10323 -6026
0 0
0 0
0 0
0 0
-15105 -9576
0 0
16387 1493
0 0
0 0
0 0
0 0
0 0
0 0
0 0
0 0
0 0
0 0
16323 -2064
0 0
0 0
0 0
0 0
0 0
0 0
0 0
0 0
0 0
0 0
0 0
0 0
0 0
0 0
0 0
-11365 -5482
-7796 -16962
0 0
0 0
0 0
0 0
0 0
0 0
144 6405
0 0
0 0
0 0
8031 14009
0 0
0 0
0 0
0 0
0 0
0 0
-4174 -19894
-7223 -779
0 0
0 0
0 0
1901 64
0 0
0 0
0 0
0 0
-8785 -15431
0 0
0 0
0 0
0 0
0 0
0 0
17105 -11987
0 0
0 0
-24349 1522
-4939 -7406
0 0
0 0
14881 7511
0 0
0 0
0 0
0 0
0 0
0 0
0 0
0 0
0 0
0 0
0 0
0 0
0 0
-3728 20534
0 0
0 0
0 0
0 0
0 0
0 0
0 0
0 0
0 0
0 0
0 0
0 0
0 0
19662 -11681
0 0
16314 5132
0 0
0 0
0 0
0 0
0 0
0 0
18153 -3339
5863 -11759
0 0
0 0
0 0
0 0
0 0
0 0
0 0
0 0
0 0
0 0
0 0
0 0
0 0
0 0
0 0
0 0
0 0
0 0
0 0
0 0
0 0
0 0
0 0
-12515 -15434
0 0
0 0
0 0
0 0
0 0
0 0
0 0
0 0
3514 -21005
0 0
0 0
0 0
0 0
0 0
0 0
-3824 15575
0 0
-6056 -15190
-16557 -13308
0 0
0 0
0 0
-20218 -6675
0 0
0 0
0 0
5235 21710
0 0
0 0
0 0
0 0
0 0
549 19698
0 0
0 0
0 0
0 0
3541 -23582
0 0
0 0
0 0
2143 -7938
-5052 -11740
0 0
0 0
0 0
0 0
0 0
0 0
0 0
0 0
0 0
0 0
0 0
0 0
0 0
0 0
0 0
0 0
0 0
0 0
0 0
0 0
8943 21889
-3625 6697
0 0
0 0
0 0
0 0
0 0
17878 -9662
0 0
-5672 -7385
0 0
0 0
0 0
0 0
0 0
0 0
0 0
0 0
0 0
0 0
0 0
0 0
0 0
0 0
0 0
0 0
0 0
0 0
-2709 14524
0 0
0 0
0 0
0 0
0 0
-3551 -5843
0 0
0 0
0 0
0 0
0 0
0 0
-2929 -6111
0 0
0 0
0 0
0 0
7505 22371
0 0
0 0
0 0
0 0
0 0
0 0
0 0
0 0
0 0
0 0
0 0
4176 -4528
0 0
0 0
-13747 -11170
0 0
0 0
0 0
0 0
0 0
0 0
0 0
0 0
0 0
0 0
0 0
0 0
-5751 19435
0 0
0 0
0 0
0 0
0 0
0 0
0 0
0 0
0 0
0 0
-10193 -3694
-9213 -7991
0 0
0 0
0 0
0 0
0 0
0 0
0 0
0 0
0 0
0 0
0 0
0 0
0 0
0 0
0 0
0 0
0 0
0 0
0 0
-3105 -11540
0 0
0 0
0 0
0 0
0 0
21678 -1327
0 0
0 0
0 0
0 0
0 0
0 0
0 0
596 6638
0 0
0 0
0 0
0 0
0 0
0 0
0 0
0 0
0 0
0 0
0 0
0 0
0 0
0 0
0 0
0 0
0 0
0 0
4100 -11620
0 0
8981 -1162
0 0
0 0
0 0
0 0
0 0
0 0
-12135 1709
-9132 7417
0 0
11993 -12312
8209 -22710
-4979 -20181
0 0
0 0
0 0
-10271 85
0 0
0 0
0 0
0 0
0 0
13315 20061
0 0
0 0
0 0
0 0
0 0
0 0
0 0
0 0
0 0
0 0
0 0
0 0
0 0
0 0
0 0
0 0
0 0
0 0
0 0
0 0
-4789 -16290
0 0
0 0
0 0
-14325 -13519
0 0
0 0
18947 -14824
0 0
0 0
19179 4719
0 0
0 0
0 0
0 0
0 0
0 0
0 0
0 0
10707 -21741
17784 -6030
3539 -2359
0 0
5129 -14556
0 0
0 0
0 0
0 0
15906 17028
0 0
0 0
0 0
0 0
0 0
0 0
0 0
0 0
0 0
8539 -19539
0 0
-6887 14489
0 0
0 0
0 0
13752 -3516
-6446 -7584
0 0
0 0
0 0
0 0
0 0
0 0
0 0
0 0
0 0
0 0
0 0
0 0
0 0
0 0
0 0
0 0
0 0
0 0
0 0
0 0
0 0
0 0
-13159 13964
0 0
0 0
0 0
1804 -19662
0 0
0 0
0 0
0 0
0 0
0 0
0 0
0 0
0 0
0 0
0 0
0 0
-48 -13714
-14580 556
0 0
-7776 -16071
2350 -20880
0 0
11623 12693
0 0
0 0
15529 -9522
0 0
0 0
0 0
0 0
0 0
0 0
0 0
0 0
0 0
0 0
0 0
0 0
0 0
0 0
-1768 16348
0 0
18458 -7320
0 0
0 0
0 0
0 0
0 0
0 0
0 0
-20953 5527
-22844 7929
0 0
0 0
0 0
0 0
0 0
0 0
22276 -9140
0 0
0 0
0 0
0 0
0 0
-6275 8819
0 0
0 0
0 0
0 0
0 0
0 0
0 0
-2270 -11406
0 0
0 0
1381 11751
0 0
-11325 2623
4188 -3758
0 0
0 0
0 0
0 0
0 0
0 0
-17870 -6834
0 0
0 0
0 0
0 0
0 0
0 0
14209 -6780
0 0
0 0
0 0
0 0
-13137 -6338
0 0
0 0
0 0
0 0
-9591 -4105
0 0
0 0
4525 4233
0 0
0 0
0 0
0 0
0 0
0 0
0 0
15796 -16905
-4791 -21490
0 0
0 0
0 0
0 0
0 0
0 0
0 0
0 0
-11361 -2016
-1820 11645
0 0
0 0
0 0
0 0
0 0
-9089 -4827
0 0
0 0
0 0
0 0
6079 10457
-12315 1379
0 0
0 0
0 0
0 0
0 0
0 0
0 0
0 0
-8609 -1817
0 0
0 0
0 0
7488 -5224
-6196 10440
2083 1822
-13256 -6695
0 0
0 0
0 0
0 0
-13467 -16926
0 0
0 0
0 0
0 0
0 0
-11435 9543
0 0
0 0
14348 14430
0 0
0 0
0 0
-5351 22536
0 0
0 0
0 0
0 0
0 0
-4596 -23675
0 0
0 0
0 0
0 0
-4843 23155
0 0
0 0
0 0
0 0
0 0
4459 5220
0 0
0 0
0 0
0 0
0 0
0 0
0 0
-5936 451
0 0
0 0
0 0
7492 -14802
-11452 -14803
-465 -9615
-5052 -19898
0 0
0 0
0 0
0 0
4963 11885
0 0
0 0
-2888 -7626
0 0
0 0
0 0
0 0
0 0
0 0
0 0
0 0
0 0
0 0
0 0
0 0
0 0
0 0
0 0
0 0
1210 -15437
0 0
0 0
0 0
0 0
0 0
0 0
0 0
0 0
0 0
0 0
0 0
0 0
-9266 21455
0 0
-13765 4811
0 0
0 0
0 0
0 0
0 0
7337 -4406
0 0
0 0
9346 3737
4388 -17723
0 0
0 0
0 0
0 0
0 0
0 0
0 0
-5330 23771
0 0
0 0
13921 19365
0 0
0 0
0 0
0 0
0 0
0 0
0 0
0 0
0 0
0 0
0 0
0 0
0 0
0 0
0 0
0 0
0 0
0 0
0 0
0 0
0 0
0 0
0 0
0 0
-3740 -15295
-3831 7964
-4236 -14562
0 0
0 0
0 0
0 0
0 0
-11908 6126
1498 24803
2444 2867
-7381 -2225
0 0
0 0
0 0
0 0
0 0
0 0
0 0
0 0
0 0
0 0
0 0
0 0
0 0
0 0
0 0
0 0
0 0
0 0
0 0
0 0
-13166 -4706
0 0
0 0
0 0
0 0
0 0
0 0
0 0
0 0
17862 15726
0 0
0 0
9927 11487
0 0
0 0
0 0
0 0
9621 -15310
0 0
0 0
0 0
0 0
0 0
0 0
0 0
15321 18966
0 0
0 0
-7950 -2321
0 0
0 0
0 0
0 0
0 0
0 0
0 0
0 0
0 0
11782 -21117
0 0
3439 18461
0 0
0 0
-10328 -4065
0 0
0 0
0 0
0 0
0 0
-8416 -10370
0 0
17659 -3510
0 0
0 0
0 0
0 0
0 0
0 0
0 0
4789 -3036
0 0
-17095 1181
0 0
0 0
0 0
0 0
0 0
0 0
0 0
0 0
0 0
0 0
0 0
0 0
0 0
0 0
0 0
0 0
15716 -2837
0 0
0 0
0 0
-21109 -7997
0 0
0 0
0 0
0 0
0 0
-6969 -22450
0 0
0 0
0 0
0 0
0 0
0 0
20402 -13801
0 0
0 0
18819 1442
0 0
0 0
17154 -3532
0 0
0 0
5624 -3602
0 0
0 0
0 0
0 0
0 0
0 0
-2434 24078
0 0
0 0
0 0
0 0
0 0
11443 5733
0 0
0 0
1540 -23228
0 0
0 0
16848 2526
0 0
0 0
0 0
0 0
0 0
0 0
0 0
0 0
0 0
0 0
-15531 12884
0 0
0 0
0 0
24251 4504
0 0
0 0
0 0
0 0
0 0
0 0
0 0
0 0
0 0
0 0
0 0
0 0
-7029 21199
0 0
0 0
0 0
0 0
14256 -4395
-842 14994
0 0
0 0
0 0
0 0
-3666 19059
0 0
0 0
-5000 -13006
31 -15175
0 0
0 0
0 0
-19343 -2877
-10898 -709
-12643 -2589
0 0
0 0
0 0
0 0
0 0
13004 -3312
0 0
0 0
0 0
0 0
0 0
0 0
0 0
0 0
0 0
1997 -19247
0 0
0 0
0 0
0 0
0 0
0 0
0 0
-10228 -38
-5916 -11271
0 0
0 0
0 0
0 0
0 0
0 0
0 0
0 0
0 0
0 0
11549 7272
0 0
0 0
0 0
-11300 8054
0 0
0 0
0 0
0 0
0 0
0 0
0 0
0 0
0 0
0 0
0 0
-1768 7955
0 0
0 0
0 0
0 0
0 0
0 0
14609 12526
0 0
0 0
0 0
0 0
11044 -661
10197 -12259
0 0
0 0
0 0
0 0
0 0
5402 -8942
0 0
9260 -9041
0 0
0 0
0 0
0 0
0 0
15149 -4464
0 0
0 0
0 0
0 0
0 0
0 0
0 0
0 0
0 0
-21099 -8976
0 0
6937 -18678
0 0
0 0
18835 5824
0 0
0 0
0 0
0 0
0 0
0 0
0 0
-5375 -21048
0 0
0 0
0 0
0 0
0 0
0 0
0 0
-13978 19119
0 0
0 0
0 0
-3279 -6030
0 0
0 0
0 0
0 0
0 0
0 0
0 0
0 0
8307 -19274
11155 -2446
18401 -7084
0 0
0 0
0 0
0 0
0 0
0 0
-13851 -9585
0 0
0 0
0 0
0 0
0 0
