-32767 52
-32767 52
-17131 -32767
10805 9229
14755 6798
8352 13134
15066 11856
-32767 -32767
32767 32767
-30166 -32767
16324 22949
-24160 12310
27208 -32767
14698 32767
-32767 -3711
19484 -21038
399 -3976
71 9326
-17123 -21302
32767 9836
-8227 10554
-16981 11992
536 -2723
12399 10192
1274 -13749
-32767 -25154
8205 28261
-14613 4103
3408 -32767
32767 32767
-8130 -11737
18452 14508
-32767 -19502
32767 -20333
-22254 -15287
5389 -2446
-31079 32767
32670 4381
27406 -32767
-2595 930
-32767 -586
32767 -26539
-32767 32767
32238 -32767
-30860 -8847
25956 7846
7966 32767
12318 -31389
-32767 -12862
-722 -4466
19081 -614
19251 32767
19643 8772
1587 -17243
-24545 17375
-17943 -30065
27729 27679
-32767 -32767
32767 25461
17698 16885
-20668 -13953
-19621 13433
32767 -9400
-32767 -5616
32767 572
-32767 -3744
-2374 28911
15737 -21367
-15393 -23582
32767 14929
-25574 -19243
31168 24081
255 26172
-3319 -32767
-29287 2897
-3108 7537
24157 13290
-783 -28802
1312 482
17708 4668
-32767 22255
28288 19999
-7007 -32767
4501 -11402
23364 32767
-23368 4173
16238 -961
-14929 12189
1436 7011
-27720 -32767
32767 32767
-18189 -6710
-30672 -8250
15087 -23805
-15704 7557
32767 -15353
-32767 32767
10458 -4077
-5203 -25354
32767 -5076
-939 -4321
6364 24901
-32767 -19360
32767 4371
-13407 32767
-25906 -32767
15103 8400
19406 21529
-6463 -17485
-25623 -15780
-25174 32767
32767 10025
-23134 -32767
9627 32767
-1869 -32767
-4693 32767
-27212 4081
1531 10270
20109 8133
32767 -32767
-32767 32767
32767 -10982
-20889 -15074
18901 -15879
-22430 32767
-15184 -22597
-10496 10739
23281 -29565
-10463 23940
12190 -17126
22185 -17948
-32767 24330
32767 -3995
-20205 -9656
-15883 21621
32767 15721
-21823 -32767
-5617 32767
-9689 -3347
6731 11307
10951 -29665
4914 8355
-29924 4626
32767 -7422
4928 -6968
-18371 -14590
-17086 32767
28169 3504
-6954 -32767
18832 14292
-18774 10148
1068 8895
-7079 -20113
-14950 9704
19580 11658
7699 -32767
-6531 7955
-13247 -5
23225 32767
-2646 -32767
-6495 29391
6422 -18167
6695 32767
3304 -32767
-32767 -16521
27736 29178
-5821 18418
-18732 7570
-9980 -32767
32767 -12395
-32767 32767
-6446 9195
32767 12451
23872 -32767
-676 -7252
-22987 14187
381 -21082
-21875 4681
-1800 -19173
1363 32767
-4424 -21162
31140 32767
10537 -32767
-946 12656
-26176 13711
-23373 11088
32767 -4118
-27887 -31252
32767 16488
-32767 1812
32767 26364
-15918 -28244
-32767 31889
32767 -15616
-32767 -6902
-12771 -4266
32767 -22491
-32767 32767
32767 -32767
-32767 19367
32767 25452
-32767 -32767
32767 32734
-17980 -32767
32767 11301
-19262 32347
-32767 -32767
29830 18551
-17778 167
-2428 -25364
-2868 32767
32001 -32767
-27033 32767
-8698 -24156
600 26428
5253 -32767
-193 -263
-2202 32767
-3332 -29064
19060 5949
24930 -18751
-32767 -10942
24876 32767
17578 269
-32767 -32085
32767 21337
-28145 -4833
-30095 -23686
13138 19510
23834 12522
10260 723
-26385 -10820
17067 -17812
-32767 -7289
32767 32767
-32767 -27606
-9436 -5884
17347 -15434
-2544 32767
7762 19683
-711 1570
32590 -32767
-1054 10386
-32767 -29810
18506 5162
21133 32767
-32767 -3747
-20307 15516
-4200 -30767
-2513 17842
32767 12535
-32767 -22463
32767 16282
-7744 -32767
-13854 760
8272 21002
-28347 28168
-91 -32767
-7712 -2664
22885 32767
65 8060
14002 3704
14171 -32767
-32767 27438
-13941 -18433
1600 32767
32767 -836
-19650 -8013
28718 -21644
-25331 -9831
32767 13362
-3724 9582
-10299 24780
-32767 -3586
-2912 -20537
1427 14879
32767 -32767
-192 5207
-4117 19526
-32767 -22375
23235 32767
19972 -18922
-32767 -23681
32767 26291
-16117 -10193
29399 2892
-32767 -32767
16078 3092
-32767 32767
-1407 -32767
8148 32767
32767 -32767
-16224 31532
-32767 26327
22193 -32767
32767 8789
-32767 -15063
8333 32767
24350 -32767
17020 -8701
-32767 -2508
32767 32767
-32767 -22094
-13276 4370
-6554 14875
32767 -18437
-25010 -12635
16643 32767
-3197 -32767
-15884 -2473
-11501 32767
15443 -26892
11266 -11422
-783 219
7402 19089
5576 -10099
-32767 -9401
32620 32767
-32767 -32767
32767 -16285
-32767 -9212
31410 32767
-13586 -33
18722 -32767
-3882 32767
7096 -32767
-27139 3454
3689 21921
26708 -32767
-7211 24314
23959 31809
-32767 -32767
16437 14777
-29483 32767
32767 -32767
10234 32767
-17249 -32767
437 652
-8643 30263
-11318 9486
32367 -1016
-18576 -23376
-24971 -2716
32767 3254
-6240 1936
-11733 -6143
-32767 -11382
8575 32767
-7059 -32767
32767 32767
-32767 -25696
7587 11201
19933 7430
-5191 -32767
-32767 -9802
4725 32767
7251 -2065
1553 -3017
-9574 -32767
32767 4244
-32767 30183
32767 -22189
-32767 8872
-16648 -1666
32767 -15662
4368 21799
-32767 1214
32767 -27355
16108 -2377
-32767 32767
-5273 -15209
32767 2744
-32767 11740
-3202 -21689
32767 -6333
-32767 -12948
4382 32767
22463 -28810
18595 -20359
-32767 26856
10153 -3508
12738 -6189
29210 -2644
-32767 3799
-26090 -29206
5322 9380
32767 -11771
6245 23911
-24678 -8357
22105 10765
-24268 -14788
-522 228
-21273 1896
12608 32767
16587 -32767
-15290 -13692
1023 29466
-2387 28034
-5063 -25367
-6892 7917
32767 -32767
3532 30973
1900 19876
-32767 -32767
32767 7958
-32767 -26945
-5177 32767
22795 -32767
27688 28087
-32767 -1344
32767 -1744
-14594 9088
11615 9726
20132 7899
-16441 -16509
-26058 24291
-4706 -30463
24684 25838
18509 -6579
-14258 -24376
-32767 4200
-5874 -20095
32767 32767
-32767 -32767
29215 -11765
-7221 32472
-21155 23256
-11637 -12203
5182 -32767
17724 31113
32767 -15006
-32767 1590
-3724 32767
8239 -32767
-5408 -106
-1537 13367
32767 70
-5830 19360
-12434 20020
-11422 -25378
7102 -2133
21018 -13063
-32767 12595
9276 14464
-11983 22844
23296 -12577
32767 -1111
-32767 -4262
32767 -16393
-23434 -10938
-25721 26878
32767 -32767
-32088 1220
6337 32767
5656 -32767
-15887 31810
32767 -32767
-32767 19161
32767 -12100
-3231 32767
-32767 -16377
19639 -32767
8062 32767
20610 -19649
-3473 14931
-32767 -8386
12807 -4020
-18605 -6627
19463 32767
-7076 -32400
-15639 28752
21709 4202
13351 -8928
-10940 -22722
24105 -21341
-13424 10554
-13515 32767
25030 -32767
-4224 32767
-22949 1773
-17957 -26955
32767 32767
1797 -32767
-28095 12191
-4740 11133
-12614 -24862
9065 32767
-6426 -32767
30357 2980
-8537 3940
29237 32767
-13215 -20884
-32767 -16788
32767 2488
6202 -4759
-21151 788
-5876 25373
6299 31601
2969 -6793
-22997 -30379
555 13740
-14441 15272
14265 -31567
32044 -5225
-32767 3896
12756 21469
-12728 -12617
16666 -14824
-17011 7302
14090 22942
8771 -32767
-7781 -1507
-5625 32767
32767 -32767
-32767 32767
-72 -23907
-2975 32767
10241 -32767
32571 32767
-24064 -32767
-14982 9050
-16579 -9942
32767 -10011
-16390 25855
4165 29756
-23824 -32767
32767 -5527
5129 25352
-15374 -24189
-10112 15817
23460 23863
-7042 16848
4631 -23417
-32767 -30257
-564 25354
32767 13569
-32767 -4117
32767 -2350
-14150 -22104
32767 -180
-15413 -5955
10440 32767
-32767 -32767
32767 3764
-32767 -13537
32767 17021
-32767 7196
32767 1195
-4124 -5955
-6012 -7870
-22236 9658
27071 -17702
-32767 22510
30376 29116
-26605 -32767
19480 32767
-2036 8430
6729 -15575
28279 -32767
-4551 4250
-10887 32767
19249 -32767
-32767 32767
32767 51
-32767 -20115
26186 -31355
-17469 29299
22707 18723
28952 -32767
-15140 12153
10827 -4076
-32767 11382
-3106 28295
32767 -16209
-32767 6553
7953 -1353
21079 -8056
31067 -29474
-32767 20575
32767 32767
-18563 -32767
32767 -4383
-16063 30137
-32767 -2970
13578 -23106
7737 32767
32767 -17798
-32767 -4055
26078 32767
2200 -32767
-24921 11361
25093 3437
12408 11759
-26847 1230
-30313 -1103
32767 -22486
-16180 29332
19087 2419
-19158 11335
18602 -147
-53 -26490
-32767 4213
-5382 -19523
32767 4524
-19788 -9726
-13978 12013
13316 -15480
-18569 32767
7548 -26120
-15679 14991
19728 -5742
23212 -15154
-16839 31941
26808 -32767
-32767 29551
6510 -10626
26050 -3983
-32767 32767
17935 -24618
-3043 18079
-11061 -26269
31167 32767
-11693 -32767
12239 32767
7124 -20100
-13203 9377
-3719 6883
-1849 -32767
-25345 32767
32767 -26342
-32767 32681
32767 -8222
7997 12386
-6443 -10189
-32767 11105
32767 -32077
2705 18562
1381 17345
3255 -17086
-9518 -20678
-9277 32767
9070 -32767
818 -23021
-1116 7200
-32767 19490
32767 -27109
-32767 32767
20895 -32767
23720 22012
-32767 6908
-3649 21334
9116 866
-5386 -24056
-4052 3324
-5895 -8752
32767 21723
-32767 -32767
32767 32767
17495 -32767
-32767 32139
32767 -21693
2241 -10327
-32767 15539
-9824 28131
30037 -32767
-4230 7727
24806 -18760
-32097 -1997
25599 32767
-25832 -32767
32767 23254
-32767 -19908
-25905 32536
12636 -32767
32767 32767
-1300 -31507
9143 32767
1504 -32767
-29641 32767
-29793 -14709
32767 14216
-32767 -16886
32767 -22674
-28508 32767
4290 -21898
-5703 9872
32767 22449
-20791 181
-30523 -32767
11796 30443
21879 -2464
17761 21109
-10682 1850
-25806 -28616
6869 8094
-7258 -19474
5307 9074
11551 20550
-17186 5847
95 -31446
269 32767
7759 -32767
-15342 -3169
16049 32767
20168 -26253
-32767 14161
-3057 -26111
14567 -18640
28881 32767
-14906 -32767
-27916 28601
18718 1825
-15111 5868
11543 -32767
16288 32767
-18088 -32767
-7837 29647
32767 -2894
-32767 -32061
32767 21873
-15394 1345
-8420 18424
23991 -8872
-10596 -6756
-32248 -116
32246 -24112
-15138 19395
31416 -5230
-32767 107
31672 28906
-32767 -32767
-7079 32767
32767 -32767
-10404 32767
-21130 -32767
-15479 -3863
10520 32767
10459 -25004
14501 -21272
-7489 19162
31128 -18913
2163 11604
-32767 32767
32767 -32767
-32767 -16614
32767 18643
8069 9651
-5338 -23554
-3844 2041
-32767 23896
17850 -9678
5568 32558
9114 -16843
-214 18634
-8131 -32767
13957 1064
-30802 10073
14503 -14149
14130 -4452
-13848 32767
-17869 -9182
28519 -14576
-3156 13479
-11807 -14722
32268 -9860
-9400 19083
8382 -14545
-32767 32767
22827 -32767
-8391 -3264
5126 1579
-29550 25991
27663 -31028
19498 -10491
11727 21858
-32767 -6587
32767 27132
-32560 18784
6688 225
32767 -21118
-10924 -26376
-12327 -9524
14791 -1234
-32767 8879
2481 10679
32767 13042
13834 4441
-32716 4662
1461 -32767
-22147 21889
7439 32767
32767 -32767
4457 -8926
-32767 31997
32767 -22601
-12898 -13417
8503 32767
-9924 5404
3123 -32767
-6091 32767
-10555 -25841
-19702 -14921
-4456 557
1857 32767
32767 -28814
13600 24011
-13895 -32767
-32767 32767
26970 -27576
8914 25938
12242 -22722
-32767 -17927
17934 32527
32767 -5801
-8140 -31928
-32767 32767
32767 11485
-26477 -32767
-13790 11063
-5256 6057
17118 -10198
-13670 4637
17063 30557
25805 -26876
2580 16610
-13006 -24800
-13996 22989
9928 2500
-23075 -26775
32767 5865
-28218 32767
-15189 -32767
12199 -15437
-26580 32767
32767 -32767
-19531 32533
-28674 -14042
32767 12988
-6764 -14492
-12181 -7466
-32767 32767
29463 -32767
14423 -9651
-32767 32767
32767 -28019
-32767 26538
25963 -32767
-17634 32767
23779 -12377
10816 -30016
18430 32767
-32767 -30062
8624 -23438
4031 286
-9292 32767
21268 9464
-14815 -19578
-9980 -27715
32767 14544
-32767 30308
28220 -8803
-2422 -26641
32724 7831
-32767 -30539
32767 3308
-9947 -1795
-23801 32767
-15336 -32767
32767 -13058
-32767 8128
-12337 30322
2465 -6829
29510 18476
-8079 -25146
27955 1023
-18473 -5116
-5763 27147
-32767 -18442
32767 -3873
-32767 -17459
21086 32767
18568 -32767
6388 -5470
-32767 21037
15131 2206
-816 -6654
14461 7929
3705 -28146
7066 16300
-8534 32070
-1104 938
7879 -32126
-3664 28240
-3633 -32416
21617 15211
755 2161
-15839 -18148
-16522 32767
-2970 -13392
-4039 -16218
-14010 -30199
5492 6737
32767 24032
-32767 -27108
32767 6134
-6506 18062
-20664 -16960
-26918 28617
32767 -16918
-17659 -790
14516 -19721
-19670 11874
-27289 15231
3729 -6201
-12617 260
10668 19605
-4326 -9603
18705 -23161
-26008 32767
32767 -32767
12020 32767
9833 -2699
-32767 8319
32767 -32767
-32767 -15049
20997 32767
-31176 -32767
-4353 32767
26149 -32767
-21588 2870
20327 32767
-7905 -1333
-12214 -32767
15471 29926
16362 19222
-32767 -10300
-7870 -32767
14981 32767
1082 -17840
32767 -11232
-7897 -7836
9242 4489
-16677 17667
18137 28503
-28216 -32767
-3195 -5996
32767 -4203
-3696 18188
783 -12726
-32767 32767
26513 1542
-22490 -12464
22485 796
-18026 -16410
88 9973
32767 3078
-1946 -19837
6553 6920
-27684 -11499
6234 3255
-27322 -13334
32767 -6169
-601 9471
-27753 32767
-27327 -26184
32767 -17821
-5827 8598
-7687 -15706
-8912 -4502
-8127 32767
31227 -16760
-2273 19197
-14651 -32767
32678 32767
-9175 -32767
-30600 29095
3287 588
32127 -4077
3583 -27543
-15396 32767
-8277 -32767
-30081 -7255
32767 32767
13387 -28087
-32767 32767
19681 -32767
-30341 -1907
32767 2018
-32767 -26743
32767 837
-21945 32767
-4350 -7681
29345 18199
-3480 -32767
14928 -6140
-7290 29038
-16286 16465
-32767 -11582
32767 11313
-16173 -32767
-9599 32767
5493 -32767
7220 18977
4409 -15340
1806 32767
-28809 -32767
21160 -7782
-22131 12826
32767 1994
-14518 16485
8838 -12448
-19539 23844
4158 -23703
11080 22145
-32767 -32767
20648 32767
2711 7042
-23621 -32767
16957 28066
20323 32767
13517 -12745
-32767 -18691
-3386 -24751
5252 32767
32767 -10149
-21430 -6876
-2443 -9282
-22844 8319
24338 -18537
-29623 13116
27934 -32767
-9646 17705
17129 19243
-97 8457
-32767 -4010
12432 -28099
32767 2494
-5892 -1689
12636 16187
-32767 6011
11267 -13165
13066 -6523
-23314 32767
24818 -24382
-22590 3119
-20630 -25360
29627 13565
-4108 25127
-2916 -16985
29618 15850
8305 17610
-32767 -32767
32683 8745
732 32767
10866 -32767
-32549 17404
26941 -18600
-22708 32767
-13899 7958
26969 -18919
-21816 -8949
-1655 5610
8380 30896
7587 -32767
-29362 32662
32767 6298
14158 -32767
-32767 10140
32767 25936
-24030 -20129
3415 25359
-21373 9418
32767 -7205
-19858 -32767
4720 9051
3739 32767
-14479 -20791
-32767 -20802
-1474 32767
17510 -21769
23077 -11145
2659 20905
14198 -31784
-32767 15848
19357 3325
-26507 -24905
23284 32767
-18521 -32767
32767 32767
-12829 -28495
16915 -9757
-32767 3093
32767 26013
-32767 -18060
32767 -19874
-511 15962
-5199 32767
-17759 -32767
12925 18222
32767 -2802
-9481 -11940
-32767 -15635
15096 32767
-15738 -32767
18955 17239
30133 6613
-29992 5037
29529 -28702
-7632 -4796
-29189 29476
-8318 -32767
12057 32767
10620 -27255
26563 25759
-13434 -32767
-21845 92
-24244 3040
11927 32767
-3335 5215
-4619 -21057
22695 16160
4419 -16801
-5099 19231
28967 -13470
-32767 17394
-4366 -30362
8621 8581
11374 -19388
-18034 -949
-10860 32767
32767 -32767
4907 15187
-16048 -23826
22138 32767
5386 10314
-21252 -32767
-11059 -12202
30849 32767
-23194 14728
21810 4336
-32767 -32767
6938 -14556
-22416 2175
7100 13903
-2641 -1936
32767 944
-32767 -7961
32767 16250
-32767 31366
32767 -18494
-29919 2313
-21085 -32767
32767 116
-32767 -5747
32767 20412
-13122 -11130
26732 32767
-4606 -32767
-32767 31588
1633 -28276
32767 -10240
-32767 32767
30599 -1367
-16739 10693
-18942 8947
16331 -22003
-6980 1284
10806 21758
-13895 -32767
3188 32767
29477 -32767
-32767 -3540
11902 16396
-29268 32478
-85 6324
32767 -32767
-19789 26878
-32767 -14800
27568 -13573
-6590 32722
10184 -32498
-32767 27378
366 8167
32767 -32767
2773 32767
-29045 -32767
9265 24863
-260 -25513
565 11067
12989 -2237
-32767 16106
32767 25934
-32767 -30919
30067 -30350
-18258 12680
32767 32767
-32767 -22075
32767 -8681
-32767 10547
24522 28857
-32767 -32767
32767 23694
-24879 -17005
32767 -25501
-17310 27153
-17547 239
-10907 -24506
-557 8927
32767 28676
-13948 7234
-32767 -24027
-12990 -23162
24999 32767
23897 7857
-19475 -21332
19411 -25690
445 32767
-169 6285
4501 -14637
-27471 -24688
-178 -13874
32742 32767
-32767 8735
1104 -32767
-6251 32767
-18606 -20309
32767 -28770
-18123 32767
12471 1682
-32767 -32767
31302 15399
-23952 14746
18310 12976
432 -30646
-787 -16058
-3948 30948
-28382 -29339
32767 -1118
-32767 32767
16795 -24160
-24548 32767
-2746 -3245
27106 -15884
-13638 -32767
-4465 -7151
18764 30738
-9465 13294
16736 7396
3460 -15255
4916 -11640
-24266 -21330
32767 32767
-10404 -31531
-10871 19943
-22943 -26371
15261 16583
1902 26253
-8824 -4015
23000 -10047
-8581 -32767
5056 27346
4853 -32296
-32767 32767
29502 11165
-22044 -32767
9176 32767
-15225 -21379
32689 25457
-32767 -32767
32767 32767
-16436 -32767
-19066 14586
-3039 11000
32767 -17960
-32767 32767
24527 4646
-1658 -16565
-32767 2257
2302 3156
29626 -32767
-32767 32767
-2281 -32767
28307 29792
-3992 -5007
-12186 2055
32767 24741
-6413 -32767
-20593 32767
-31985 -30625
18855 8174
-9441 32767
32767 -32767
-32767 6845
21589 22777
-1869 16467
-29523 -28549
32767 11860
-32767 16937
32767 -28118
-9261 18359
-32767 -19143
32767 25297
-32767 1601
21585 798
7316 -32767
-10357 2835
-17684 31283
11227 -32767
32767 32767
-18144 -23745
-28624 19680
-10717 16499
32767 -32643
-29695 -15630
-15320 -1481
32767 19597
-32767 -29823
-19313 32767
32767 -9611
-20345 -14023
-10910 -27100
32767 20858
-11695 -23901
-32541 32767
30432 -20146
2308 -32767
-12010 31614
-29794 -19663
28128 5910
4427 -9308
3544 4850
3219 1845
-32767 -7764
32767 3334
9497 15202
-14063 31700
13749 -32767
-22076 32767
-20956 -18025
28835 17575
-6233 -32767
-1823 -3129
-13125 32745
7506 -32647
-13657 -6810
19827 18454
-22966 -15413
-5935 6091
32767 32767
-15479 -32767
-3051 18982
14093 32767
-32767 -30999
-13349 12200
32767 -4099
-21288 -31337
-29765 4581
5477 -15303
-14830 32767
29024 -32767
13720 20035
-32767 -13969
18525 27304
-7454 -446
30850 -13171
-2026 -4470
-32153 -1488
9829 32767
-6216 -26510
32767 23504
-15059 -8849
-22509 -32767
27155 20568
-21383 -14731
-14899 29418
23421 18498
-30675 -16845
26098 -27618
-22570 17364
18732 26776
-9150 932
22781 -4184
-29151 -32767
18367 10967
4160 -10837
-28136 12781
-5065 32767
32767 -32767
13817 32767
-22766 -4312
3083 -32767
-6255 12913
-20995 1074
31304 32767
-32767 -17418
28242 10624
32767 -32767
-9595 29888
-20383 -25033
9969 32767
3317 -3710
4273 16552
-32767 -32767
-9370 31507
6511 -8772
-4220 -2901
22699 1205
20387 11046
-25056 -32767
32767 17175
-32767 -21928
32021 19776
-25144 31041
26285 1591
-20800 -6281
2547 -6109
10808 -31713
13112 24563
18970 -13807
-25849 32183
-31014 -32767
32767 32767
-11181 -32767
-2368 32767
3805 -11772
-21348 -32767
32767 19828
-32767 -10024
27952 -7539
-26327 24593
-2654 -15409
-16589 10807
4069 4257
-5145 18275
32767 15020
-32767 -32767
-3844 32767
32455 -6710
-32767 -4581
304 -27450
29107 13200
-26023 -25391
32757 21483
-10219 -11387
27636 -5352
-32767 6806
1757 32767
32767 -32767
-17516 29916
-26274 3260
-4542 -24837
-7792 -10801
30837 11137
2625 32767
18262 -32767
-32767 20646
32767 15117
12789 21602
-32767 -32767
32767 16834
-32767 16426
-2088 -32767
18539 -2440
-10835 21023
7742 2511
-29480 22732
32767 -11486
-32665 3831
32767 5774
-30391 -32767
27082 -10737
-28960 -8647
19724 32767
-25123 13819
9281 -19262
3954 15674
3712 -7208
-17000 -8307
31629 -32767
-32767 32767
32767 -32767
-15729 32253
-2467 5304
-25068 -27974
32767 32767
-20569 -32767
-1427 26759
23861 25135
-32767 -31998
32767 17969
7175 -30925
-32767 -15715
29935 10121
20227 25671
-32767 -17745
-18171 32767
32767 -32767
-25743 31558
-17029 23971
32767 -32767
-32767 -17125
9008 32767
17896 -7523
-4898 14164
558 -1436
25990 -14016
-32767 -5262
-7428 12729
32767 17597
3766 -32767
-32767 15252
21282 -18161
-29852 -4540
30969 13731
14172 23829
11145 -30449
-32767 32767
-2671 -16954
-726 12806
32767 4382
-32767 -29942
31921 -14293
-21912 19415
-13210 -14636
32767 32767
-32767 -19806
-15943 23577
32767 -32767
-32767 22843
-270 -32767
32767 -4875
-30076 32767
18457 -18689
-15179 569
-7066 20
16403 -31067
-8241 27885
20877 -5666
11505 10477
15903 -27780
-6404 32767
-32767 4259
2478 -17778
-8397 29689
9706 -6357
32767 -32767
-32767 11963
32767 32767
-32767 -32767
32767 -2509
-20976 6785
9279 12257
245 7765
-12448 -32767
-11274 32767
6488 -32767
3719 -15390
2798 22936
14018 -27771
-32767 32624
18446 -10756
-461 8654
10596 22775
-23848 -18244
20576 4198
-12332 -21237
16699 23634
-30961 -32767
31095 31554
-8269 2578
9087 2373
-32767 15716
32767 -32767
-32767 32767
32767 -25230
-323 -10822
-522 23752
-26276 -32767
28659 5493
-3779 -4089
-32767 24316
32767 -19133
-31145 9748
18748 18687
17741 -21367
-32767 32767
27952 -27141
-14608 22273
5427 -7024
-17858 13115
30160 -32767
1064 32767
12090 -31791
-27666 -26889
11161 26159
-27264 328
30846 -9304
-13016 32767
21185 -3448
-31756 -32767
32767 32767
-32767 11518
26685 -32767
-26435 6651
32767 20602
-32767 6832
32767 -32767
-23087 32767
-12222 -32767
-4074 22949
31811 -137
2134 29857
-25381 -3339
-8700 -32767
12013 -8063
5006 32767
-32767 -156
20939 5534
22776 -14688
16767 -30868
-32767 19037
18186 -25031
-11700 -7100
-10254 32767
30372 -21768
-18470 15039
32692 -24146
-7167 -6516
-11440 17141
4267 -12975
-21635 32767
3870 -12929
-15573 -16777
18577 -9542
-14083 11632
16792 -16182
10832 14323
-32767 15976
32767 -21575
-29398 -855
-15016 773
30920 32767
23964 -9348
-32767 -32767
-2825 32767
15427 3362
13548 -32767
13946 25222
4315 25601
-29474 -10108
24481 -9883
5319 20036
-32767 -32767
-259 20765
32767 8133
14515 -10386
-32767 -24871
31296 -463
2622 24658
15423 -3299
-30697 9473
32767 24543
-775 -27267
-32767 3659
32767 -11370
3215 -25092
-15485 32767
-8964 10732
10695 -32767
-7835 32767
12772 -27982
4831 27927
-1139 1010
19426 14712
-32767 9683
32767 -21746
-21243 -24366
-29294 32767
32767 -32767
-32767 27425
-3345 -6941
32767 -10853
-32767 24474
32767 2166
-11931 -32767
11992 32231
-32767 -32767
32767 31041
-32767 -1897
22349 503
-6078 19304
21219 -32767
-14961 4453
2856 32767
-17723 5856
17326 -2548
-7477 -32767
26983 2802
-10328 24674
-3575 -1652
-26616 -13238
32385 1817
11526 7003
-7158 -26972
6523 32415
-23675 -32767
-32767 25422
25185 -10927
-24823 32767
32767 -27403
-20406 -27956
-10368 6820
31149 12061
-15575 32767
4003 -32767
23530 5131
-16859 -2567
28127 32767
-32767 -32767
-11229 -18945
32767 32767
-5353 -32767
5144 -9971
-32767 32767
32767 13917
-32767 -32767
32767 1722
-32767 2880
25541 -11230
-26151 11701
32767 2972
-32767 -13239
17056 21794
-27582 15483
21337 8638
17489 -32767
3068 12916
2547 -23642
-32767 32767
11553 -32767
5826 32767
31310 -32767
-32767 32767
2443 -25722
15838 22506
27699 17942
-30483 -16918
-1542 17263
7842 -32767
32675 -6155
-32767 -18038
-24499 32767
32767 -32767
-29662 -20284
-30283 18329
-620 -3490
25693 -10977
-3101 32767
20323 -29437
-32767 32435
32767 3126
-15702 -9562
-32767 -9896
32767 18526
-9687 4090
-23191 -1237
22978 9721
-30335 -16484
32767 -23410
-31488 32767
-24641 -22510
32767 19993
-32767 -32767
24930 17086
32767 -9358
-22681 22249
-570 -9864
-21910 2539
32767 -32767
-3027 -56
-27792 32419
23640 11263
-4244 -32767
-32767 32767
32767 -18336
-32767 26986
32767 -18210
-32767 8100
29795 -3880
-31090 -8092
32767 13122
-4752 -32767
9329 32767
-26771 -26999
-30948 -14061
32767 4723
3261 14639
-32767 -26683
-9076 32767
32767 -32767
-25777 32767
-1452 -32767
32767 10202
-26149 710
7443 -1346
-3715 -3572
5856 -10320
-3656 -18503
-9131 32767
23600 -32767
-4489 32767
-32767 -32767
32767 20489
-32767 21668
32767 -6602
-1285 -32223
7717 18822
-23142 -9529
27750 26132
3608 13964
-32767 -7767
16863 -32767
32767 2303
-6377 32767
-25099 -9147
30396 -32767
-31235 18078
-21271 7784
26176 32767
-27697 -4670
32767 -32767
-32767 -1856
32767 -13674
5695 -5584
-1839 29713
-1103 -23434
-3683 27754
-4739 -9015
-32767 -18374
32767 16447
-32767 22990
14038 -31230
-15073 15428
32767 20152
-32767 -31720
3406 18174
24667 17636
31135 1393
-22779 -16010
21849 -32767
-32767 236
32767 32767
9438 10686
-32767 7026
-11218 -32767
13926 7216
26536 -19002
-32767 17482
32767 15368
-12300 -25874
-30033 -8728
32767 32767
-32767 13807
29643 -32767
-32767 -2290
32767 25792
-21776 -22619
-32249 32767
17591 -32767
-14133 20596
1343 -25582
-2740 32767
20933 -32767
20493 12022
-14460 11227
26943 -17141
-32767 3713
22299 -20312
-13620 1248
32767 30136
-16365 6118
-32767 -14063
32767 13064
-7671 12001
-21607 -32767
7924 21891
-8970 -22473
32767 -123
-32767 2814
32767 31785
-8195 -32767
3098 -390
-32767 12276
2448 17019
26368 935
-32359 -21957
28813 -5106
21216 15760
-1259 27606
-22737 1021
8763 -21072
-5873 5593
27821 22185
-26169 -32767
19387 1158
-11645 14155
-10627 224
7803 -32767
-32767 26265
32767 -10210
-14534 23559
-12497 -32767
32767 -7331
-32767 32767
2885 -30412
32767 28574
-11812 8405
-12104 -32767
-22749 23918
-1194 18732
31287 -32767
-249 -13056
13805 7086
-27910 32767
-10487 1990
5345 -32767
-15027 -6876
-1098 32767
32767 17305
-32767 -32767
32767 29289
-32767 -7763
-2930 18538
32767 -17594
-25825 4895
19731 -32767
-26060 3087
-24741 11586
32767 20626
24024 -32767
-8355 32767
-32767 -3791
13313 -19830
-13495 29678
-3109 1401
6179 1355
32088 -32767
-30475 -293
27541 16618
-32767 -1797
32767 32767
11602 -7131
-6294 -20495
-30899 23793
-6536 2014
8005 2469
-19629 -32767
4709 32767
10056 -16907
25806 1292
13808 17723
-22164 -6755
-5247 -269
-7892 137
32767 -32767
-32767 1939
229 32767
3067 -31248
32767 -6722
-32767 5114
15053 21675
-21217 -1228
32767 -32767
-2602 32767
-10439 -24973
-32767 7227
32767 13970
11308 -32767
-28999 24595
26771 -22139
9814 -26293
-9000 12796
-2995 442
-29931 -14338
-5596 24432
32767 32767
-27002 -32767
-18285 4384
7760 -211
27173 7912
-15868 17213
21580 13575
10322 6004
-10931 -12183
-32767 16627
32767 -32767
12195 25431
-32767 -22507
32767 -3686
-7474 16840
-32767 -13992
14182 2563
5707 32099
-1081 15544
-6966 -2093
-3064 975
-24505 -31976
21957 32767
32767 -17126
-4082 14302
-32767 -32767
11809 32767
8920 -21300
26082 -21047
-11820 -9605
17860 32767
-30208 13009
-18322 -32767
224 -5044
32767 -6062
-22770 26637
3736 -24703
19067 24492
-32767 -24339
-2507 19185
29550 -2375
22867 9570
-13683 7107
-32767 -32767
32520 32767
10776 5338
-31558 -3475
-5680 -32767
6525 32767
-9612 -14714
32767 -32767
-32767 32767
32767 -32767
6164 14965
-32767 23954
32767 19690
-15979 -8269
-32767 -32469
-934 30013
16522 -32767
32626 2318
-32767 15576
-355 -4493
-17688 32602
32767 -21519
-15105 27169
16861 -32767
-28004 424
1746 20333
20817 3529
-12446 -24240
-32767 -2492
32767 23564
-18319 26283
-29388 3308
30995 -5531
-5906 -32218
-14936 32767
-5314 -14140
-10978 -14990
9674 22634
-2330 -30490
19209 -1710
-20063 23687
32767 8359
-507 -11114
10129 -2556
-31485 -26636
-9188 16185
-6754 28921
-11719 -32767
25593 20805
31187 -13038
-32767 6383
32383 8599
7733 26467
-26175 -15061
15909 -19460
14873 32767
3233 -32767
-32767 21639
-4172 -416
-1428 13750
28499 -17655
8445 10268
-32767 -7421
23805 -10656
19043 26011
-4206 -22021
-4405 21996
-32767 -32767
32767 30834
-30110 -32767
-29761 3647
23426 32767
23425 -29008
2905 19012
-32767 -11688
32767 12003
10351 8223
-32767 -8841
32767 -18127
18528 30583
-30157 -13588
14970 -31255
-26646 19882
32767 -12340
-4806 -19298
-4201 589
-32767 -3483
27970 32657
6693 13604
15732 4431
-32767 -25983
17043 1213
-13822 12320
32767 12197
-10772 7902
-24916 4321
15621 -32767
-7944 -12627
16013 32767
11644 -32767
-249 -2518
-921 -12818
-23363 5130
32767 29011
-32767 5792
32767 23801
4314 -13343
-32767 -32767
20014 25157
19200 17387
-11526 -26721
-8356 -28773
-9485 11031
-7720 -7491
13771 -6907
22757 32767
-25317 -32767
-6536 23348
32767 -2012
-12318 -660
25550 3008
-29739 -17312
4858 32147
-4191 -32767
-6697 30540
32091 -13772
-32767 32767
28288 -6537
-17255 -32767
32767 32767
-7222 -32767
-9975 32767
-2865 -32767
14922 32767
3763 11481
-32767 -10251
3295 -32767
2447 3695
32767 32767
-11368 -13728
13279 3075
-32767 -11343
9636 -970
32767 -27513
-26109 32767
19553 15190
-1935 -8258
-29921 -32767
32266 28369
-21695 18626
21758 -32767
-26723 10216
22833 15903
-2407 -684
1435 32767
5342 -14996
-32417 -32767
16737 6814
6903 32767
-32767 -4278
22206 -32767
290 15577
-16210 24904
30682 3327
15098 -28405
6372 -19431
-15598 29476
-32767 18175
6930 -32767
18986 13552
-9210 8551
743 16412
27554 -23579
-32767 30964
26789 -30511
-9139 -10757
-12252 -2548
32767 13391
-32767 -24085
19290 24863
-32767 21631
7116 -7386
32767 -23161
-32767 12060
-13747 2498
29657 5482
3314 -17651
-32767 -13065
32767 31097
-29851 -7680
32767 20772
-28857 -27326
6616 -2358
3535 27767
5815 -32767
4557 -4325
-32767 32767
32767 -15104
-16203 21034
-9393 -15768
17193 -7473
24540 13479
-31070 12841
20371 -10244
8933 -16358
-31727 6458
15509 5982
-32767 -11063
4526 22082
32767 -32767
-32767 7413
-2022 28811
32767 -28536
-17596 -3287
-8340 -4156
2310 32767
904 -32767
-6650 32767
-17565 -32767
8832 5486
-5750 732
7226 14851
32767 13774
-32767 -20650
22133 32767
-15150 -32767
32767 21990
-15483 -14184
-1916 3261
-26516 30673
210 -29109
4434 25666
9855 -30935
-295 -15418
1854 -1245
4776 32767
21447 -32767
1310 4628
-32767 -5920
-8409 32767
19201 12099
7049 -32767
-23605 32767
16004 -32767
12765 32767
-5724 -32767
21856 12234
1387 20092
-32767 2027
-9468 6918
23430 -29247
-11473 -3516
32767 32767
11402 -1452
-32767 -25206
17445 -16147
-24046 1166
5312 23616
32767 -22493
-32767 -2228
18559 15757
-12925 -5671
-2794 32767
32767 -32767
-32767 -14724
19400 14105
32222 31007
-27446 -32767
-32767 22114
32767 26119
-32767 -32767
32767 19855
-32767 1341
13981 17475
-4428 -32127
8501 31511
21647 -25059
-26947 4187
-260 -9689
21552 17642
12918 -24376
-32767 18020
-8432 -24433
536 32767
26458 -19045
25271 4749
-32767 11258
26177 -3755
-22445 -32767
-8226 -9586
-13276 26333
32767 -29080
9309 8801
-14326 32767
-25080 7631
32767 -32767
-32767 32767
13897 -8254
31135 -15450
-32767 3431
32767 -20602
-21004 32767
-18896 -16404
32767 -32767
-32767 2635
5134 25575
17440 10288
-32767 -24886
32767 -14436
-32767 32767
32767 -32767
-32767 14307
32767 32767
-5292 -19865
222 -29515
-23778 7800
-5256 6918
17608 6609
-31807 10847
32767 12716
-23745 601
-9052 -32767
-10411 32767
18623 -4237
23323 1308
6867 -32767
-2728 32767
-12047 -1364
-32767 -5315
32767 -32767
14591 6848
-10111 -11924
-25434 22444
32767 -19246
-32767 26215
19975 -25315
32767 15107
2481 16094
-32767 -22449
-12344 -20086
32767 17924
-26572 30013
20526 -32767
-32767 13625
26280 25968
32767 -17705
-17255 -32767
-32767 3154
32767 32767
-7312 -31807
-32004 30091
18070 -5156
8792 -12263
-32767 -22804
32767 32767
-5306 9171
-2851 -15961
-2301 -31695
31900 32767
-23052 -32767
2940 -2918
-26943 -12843
-9107 32767
31113 -32767
-17646 11388
-345 -15843
1498 32767
-2054 -23146
28975 32767
-24656 -18440
23587 -30431
9856 32767
-22304 -32767
-5982 -17075
-18994 32767
21685 -1172
-5311 -32767
32149 32304
-32767 -10414
22114 12368
-20006 -406
-5101 383
-1950 -32767
-3192 23969
32767 3104
-25379 11127
18714 13707
-28210 -4827
-10753 -5773
-11669 -8771
2970 -21564
31371 32767
9421 -32767
14285 -16416
-5327 23462
-22306 -3765
-23258 32767
15125 -26929
-1372 -16621
-4388 5994
16669 -14641
-900 22886
4545 -1024
1962 22346
-26649 10889
-8668 -32767
-1386 -5619
7629 32767
16624 -32767
24673 32767
-21309 -32767
-5722 -12961
27162 29152
-8909 10537
-20558 -20974
26457 -8956
-32767 28134
27554 -12859
2685 1144
4979 18245
-24780 -1269
6949 -1730
4908 -7333
-32767 28261
32767 -30127
-32767 -23246
20929 32767
32767 4587
-22846 -32767
-9937 -18860
-29690 32767
24810 -14884
-20987 -21165
32767 32767
-3367 -32767
-25884 -16960
-5941 32767
4684 -12371
16254 -32767
8011 17794
-31380 26152
32767 -25547
-22722 32767
-17312 -32767
17963 -23663
-15930 32767
4244 -23101
8051 32767
17811 -16825
-32767 7737
32093 -24562
9308 -10994
-32767 25832
4578 -6208
32767 -8811
-1042 27111
3193 -5370
-32767 -19828
100 29982
8351 -15368
13903 -32767
-32767 24076
32767 -21173
-11953 716
-32767 -5019
7028 8148
-9549 12130
-4267 32767
32767 -32767
16964 32767
-7594 -32767
-32767 32767
2914 -32767
7075 2503
19412 -30385
20631 17181
-32767 -4201
32767 32767
-8628 -32767
-32767 32767
28705 -12393
-27250 -4093
24608 25234
2409 -24377
-6860 -23668
-13498 10907
32767 15576
-22624 18155
-3390 -24683
-30899 1387
4778 27391
32767 -32767
-28453 32767
25934 -12021
-10801 -32767
-19169 2212
31010 17735
-17590 8667
18758 9807
-32767 1514
30340 -26365
-32767 19906
32767 2350
9137 6746
-17276 -32767
-20143 12171
847 -4933
-17008 19093
20967 -14739
13303 32603
-28617 -1111
21197 -32705
21714 -14437
-32767 32767
-3376 -4684
9083 -17314
32767 -17742
-16683 17465
24469 22878
-16539 -32767
-29907 23171
32767 -32767
397 29643
-32767 -31327
3086 20029
26164 -9867
26009 124
-32767 -9009
32767 6866
-7705 32767
-32767 -7355
2754 -2944
32767 -17107
-9212 -19297
-32158 32767
32767 -29895
7406 -3073
-21495 3593
12578 -10853
-17573 32767
-18518 -32767
32767 32767
-14229 2109
-32767 -26081
32767 25576
-26908 -32767
2957 32767
32767 822
-32767 -18465
32767 -32767
-21602 32767
-25557 -3779
-8922 10092
7635 1904
9138 -12854
-10658 1929
11266 -32767
153 18962
32767 23433
2770 -32767
-32767 32767
32767 -32767
21088 21688
-16894 -21307
-21136 29406
12760 -26911
-32145 32767
-661 6249
24216 -32767
13865 32767
-2415 -32767
-10733 -8222
-16075 2918
8532 32767
-11781 5162
32767 -17975
-29788 -32767
32767 12685
-9759 2707
-32767 811
30298 -14162
-17320 8637
6166 -11840
11253 32767
-29046 -32767
-10114 32767
32767 -9476
12429 -8068
14238 -24596
-32020 -5099
-21821 829
32767 32767
2650 -10362
-32767 3951
32767 17195
-32767 -25929
32767 -11585
-7967 10771
-25137 -2198
32767 21632
-27810 -18287
6553 21382
6016 -32767
-21308 32767
27277 -17646
2739 11304
-12794 -32767
-32767 32767
32767 -16626
-13757 28126
7291 -10288
20610 -25111
-32767 10814
32767 18057
-32767 -32767
32767 32767
-26707 -32767
-12986 6951
19772 17179
7312 -13604
11491 29561
-29959 -32767
-15174 32767
32767 723
-32767 8364
-1481 -32767
32767 22560
10194 13329
-4472 6973
-17444 -24766
-21467 -13479
32767 32767
-32767 -22309
32767 -7930
-28064 -9606
17273 6576
5616 -2184
15090 15198
-15730 -15054
3549 14632
-13845 -32767
-9936 32767
9350 -21859
-1336 17879
-8974 -910
32767 -21410
6857 1233
-29926 -4352
-2421 26683
32767 -27527
-32767 -9200
32767 -6589
-32767 32767
-6706 -29227
32767 25339
-32767 -4889
20562 -16000
-10403 -20968
2663 26058
32767 -10383
-32474 19877
14004 13018
27175 -32767
-32767 29639
28067 -18093
-456 32767
-20480 -32767
32767 32767
-32767 22488
-11285 -28733
32767 14983
-32767 -19519
11152 -22339
26622 1107
-20787 29083
-32767 5657
58 605
31906 -12026
-30816 27353
32767 -20950
-32767 11308
17973 11228
-13585 -32767
32432 32767
-18406 -32767
2551 32136
22595 -18299
3903 32767
-32767 -20009
32767 21909
-13935 -14570
19075 -32767
-20029 29141
24560 -21121
-6968 577
-32767 11108
20020 -20250
-7995 32767
-17256 -15226
30914 263
9855 -32767
-32767 24115
32016 20379
27561 1675
-32767 -17945
23175 10778
-23051 -1003
28512 4707
-32767 -3940
23988 18331
-16690 -32767
15552 32767
-7221 -32767
17486 5011
-32767 25644
32767 -26887
-32767 9095
21084 32767
-18598 -32767
32767 -7500
13766 32767
-32767 5830
28274 -32767
-11420 21121
6464 -18660
11273 -9253
-6102 9879
17715 -519
-32767 -30083
32767 2541
3772 25917
-32767 -8999
26412 2487
23376 8227
-26493 21248
13892 -11783
12971 -10601
-32767 -23265
8894 -1365
27506 32767
-5929 -17
-19101 -32767
1713 -3789
15050 32767
11585 -30854
-13804 -20951
-30829 4866
32767 3696
-564 -4142
-32767 32767
-20664 -14898
25651 2643
32767 -32767
-32767 19698
9538 -15779
27640 32767
-13590 -32767
10041 17083
-5612 -9252
-32767 14302
7769 19377
21019 -32767
-16722 -9689
29184 32767
-32767 -30530
32767 17675
-2756 25117
-32767 -32629
32767 32767
-29195 -5111
-16735 -4000
10519 -23119
12226 -15703
22781 32767
-7348 -32767
-32767 7958
26270 -961
-32767 20733
32767 -27584
-30195 5866
32767 18806
-11746 -6570
492 30323
-21669 -15662
7348 -32767
-21878 7414
31831 17298
-20632 -6012
32767 -11539
-32767 28243
24522 -13501
-22874 -2182
28803 32767
-32767 -32767
32767 20657
18278 -5832
-32767 800
27976 -18495
205 -1643
-20816 14218
32767 20959
11165 -16884
-32767 -4199
32767 11367
-22497 24315
-12083 -32767
22383 32767
-32767 -1412
5649 -7024
32767 3135
-31979 8850
-23512 -32767
-5772 24649
32767 -32767
-18785 27767
12019 -31806
-16271 32767
21258 8825
-2864 -8837
-32767 3734
17872 -25633
12107 32767
4910 -2988
-4773 -32767
11283 21555
7466 -20901
-11960 32767
-20328 -32767
-18395 29934
32767 -17135
-20953 27849
25988 4590
-32767 -20973
32767 -7161
-32767 16507
8580 3229
-9375 -1147
-9665 5126
6767 -32767
6298 1470
-4201 29335
-5578 5605
-4475 -4649
32767 -32767
-9480 32767
27663 -13304
-32767 11153
2036 15324
-1894 -9808
32767 -3928
5365 19433
13581 -19925
-16857 -16480
-1884 32767
15207 -8684
-32767 -7923
32767 -32767
-23847 29703
24224 -16717
-32767 21045
32767 -18039
-32767 9821
5427 -2342
28293 32767
1227 -13880
8679 -24935
-9434 -20484
-3780 32767
-4281 -21500
26591 26471
-32767 -4501
-14979 -32767
32767 32767
-28710 811
15380 -4838
-1906 -32767
-32767 10388
32767 3362
-12341 -17375
-2412 4115
-32767 32767
10817 -16451
-11475 13562
-659 -14359
-1313 4353
32767 -12797
-32767 -14688
32767 3416
-32767 -22414
12354 32767
-9737 -23099
14297 32767
30026 -32767
-26504 32767
32767 14022
1942 -32767
-25091 9288
-5964 31120
12069 -28327
-17965 32767
-10773 -30967
-11847 -19946
32767 30970
-16278 -32767
9382 16707
-11274 -6042
23802 -17215
-10872 4313
27488 19948
-32767 -12171
32767 -7497
-23812 32767
-9144 370
7702 -14085
-32767 16026
32767 -8229
-12166 -4154
-13513 6105
18795 -588
453 -13065
14023 20038
-26157 -13553
-16363 -32767
-5526 257
-4049 32767
32767 -20944
-32767 -17181
683 -4280
2499 8291
32767 -16391
-25177 12963
13202 32767
590 -11160
-16159 14327
1029 -32767
26664 29282
-32767 11117
32534 -32767
-28370 32767
27302 -13388
-12362 9977
6450 -29148
-6832 3281
4758 32767
-23908 -32767
6856 696
32767 13781
-9553 11394
-20431 567
-3965 -10811
-11825 32767
28275 -32767
12006 8925
-7245 13922
-26662 -27309
32767 20042
-30059 -8854
11182 4498
32767 -22979
1626 32767
-32767 -32767
32767 32767
-24637 12632
-26763 -28823
32767 -16098
-27495 32767
-8270 -32767
-3642 32767
32767 -4228
-21081 -11666
8966 21456
-32767 -32767
907 3687
32767 32767
-32767 -1623
2852 -951
-5573 -32767
9086 -11819
-6673 12722
-1877 -17426
26325 32767
-12823 -25381
22629 7814
-32463 18517
27230 10554
-32767 -32767
25906 -10840
-8244 20141
32767 9727
-15228 1342
-32767 23916
32767 -1349
-29387 -13746
32767 -8391
-26833 -21885
18992 -12805
-32767 29122
-17843 -10965
6355 -16395
26940 32767
11434 -3917
-27632 28685
32767 2615
-32767 -32767
1404 32767
-2781 -3249
32767 -32767
-32767 -1634
9406 3899
32767 32767
-32767 -20979
32767 8514
-32767 -1820
32767 9477
-32767 1554
10745 -28719
-195 12046
3569 -11480
14332 -10748
-25013 28334
32767 -20382
9316 6590
-32767 -17971
32767 32767
-10262 -2653
26527 -7141
-32767 789
26661 25392
2574 -11436
-21021 -32767
31352 -4578
-32767 24141
32767 -2630
-25682 32767
-15794 -32767
7041 -1626
-3049 19115
-9198 29731
-14732 -32767
32767 18130
-15860 -7261
-27734 23723
32767 -32767
-29317 13222
23858 -13101
-16033 11604
-18200 11276
10616 -15762
-7520 1321
32767 10125
415 32767
-32767 -32767
20571 11145
11659 -680
-32767 32767
-3473 -22036
19410 -8928
-8135 -22563
29114 32767
-1159 -15270
1703 -30109
15528 13796
-32767 11930
32767 -20469
-32767 -1839
-3260 -12388
32767 7728
10559 -8356
-23253 10221
15053 -6339
-32767 11586
32767 2378
-20970 32767
4602 -4117
2541 -28991
26575 27472
-32767 -12299
-3968 8321
30477 -32767
29853 32767
-32767 -1355
32767 -32767
-9090 32767
-12458 -28558
-24458 15285
32767 3316
2901 -16293
-7599 478
9711 25706
-13059 -8893
-32767 -32767
3651 10202
30684 -276
7041 -9992
-32767 32767
32767 -32767
-3892 17692
-12290 -8420
-20041 21806
7461 15371
32767 -26137
-3330 -61
-32767 -18434
32767 30867
-15344 -32767
-32767 10409
32767 23947
-32767 -3855
32767 -2614
-31473 -28432
7825 32767
32767 -32767
-32767 32767
-1135 -14282
32767 -32767
25891 19639
-8794 30693
-32767 -19267
-16977 25772
32767 -32767
-32767 -10300
6669 4022
-16816 15295
32767 13181
-32767 -32767
32767 29536
-32767 26433
11578 -897
32767 -8266
-21351 -25966
-2588 -13346
-31195 -5532
32767 8188
-32196 -12940
28392 4780
-12208 32767
23448 -16144
-19783 3028
-3741 -32767
1509 13969
-10501 1882
32767 -12118
-32767 24326
-8822 -4973
4677 -602
32767 -9483
-17439 32767
-20112 -4513
22570 -423
-32767 -31750
6020 9577
-2946 17841
15314 -22087
29651 25071
-16423 -664
25904 -32767
-4002 4481
-22845 15440
-14832 -25645
18767 -1594
5735 32767
-24055 -14577
11577 -32767
5345 22001
-7195 -3802
16798 28783
13178 -29552
-9318 32767
11236 -32767
-32767 7154
32767 32767
-7311 -7899
-10032 -23582
8501 -17932
-32767 -1043
13512 32767
-12414 8247
7888 -32767
-18510 -20182
30305 30397
-25949 16184
10558 2707
32767 -15533
-32767 5469
32767 -4036
-19613 13652
-12568 -15192
-15638 -32767
32767 156
-32767 32364
22912 -20603
28470 13441
-11360 -8254
-32767 4245
19349 -1968
1372 -22840
32767 32767
-32767 -32767
32345 24688
-9551 31200
5236 -32767
-32218 19096
1634 -27271
18832 32767
32767 -17712
-28189 20985
-28413 -32767
-6589 32767
32767 10118
20235 -32767
-31190 32767
29854 -32767
-23191 32767
-502 -18107
23337 -32767
-32659 1611
-430 32767
-2357 -32767
6612 32767
4655 -16891
-25055 32286
32767 -32767
-32767 32767
7268 -32767
28794 -9559
-25972 745
14739 8793
32767 18965
-32767 -26292
9349 32767
-7163 -26427
8997 18370
-9236 -32767
-5427 32767
29107 -28917
-28386 22841
8459 -31788
-15346 32767
-11603 13718
-7318 -32767
32767 32767
-32767 -19247
16923 -32767
6957 23577
-958 -28150
-8550 4392
-8415 17116
-14755 -17951
32767 27918
-2498 27609
-4240 -32767
6127 11903
-32080 1999
-27312 28408
6755 -3062
32767 -8956
-32767 -32767
30400 20745
-9067 22999
-15626 -7360
6645 -32767
-9104 26329
-5101 16845
-12266 1700
24445 3130
20751 -581
9967 -32767
-32767 -25363
32767 32767
-10180 -32767
-7181 23966
980 -4297
-8724 32144
23721 6853
-18 -32767
-9251 32767
22447 637
-11512 -32767
20782 18705
-468 -7372
-25667 2019
27735 -32767
-30784 32767
24888 -10647
6419 4704
-32767 -10240
-2170 22553
32767 10269
-18166 -32767
9191 32767
-24545 -25853
18538 -6790
21721 32767
-25219 -32767
28542 -22011
-20143 -1178
21114 32767
-1232 -16733
-30064 15264
26730 -13847
-32767 -23766
32767 9146
-17856 19007
14551 -24984
-32767 32318
20022 -5173
-13293 20862
-19043 -28446
32767 -6701
-32307 -5248
32767 -5433
-32767 -11930
-517 6138
-1079 16628
-1497 -7379
25282 7997
-8164 28837
32767 10043
-13319 -21598
15851 3185
1294 12630
-32767 -32033
-18640 -17586
23469 20111
4717 -8335
19159 -3994
-14278 14452
9173 30898
11148 -878
-32767 -32767
32767 20316
-2430 32767
-21920 -2955
-3231 -23099
3003 5708
31876 -5925
-10751 -13804
-3784 -10398
-13188 2529
-23136 32767
32767 -21179
-32767 -12385
15319 13399
24122 9326
13229 -32767
-3711 32767
3970 -32767
-14809 31831
785 -5659
8712 2076
-32767 -10785
31289 17192
21140 -25862
-32767 -24132
29006 24733
8570 -32767
-32767 26480
29932 -15084
20874 32767
-1578 -32767
13728 31468
-32767 -6059
26659 -3746
-32767 8071
32767 -25493
-20049 27721
-14535 25453
32767 5642
-32767 -28970
5152 -19313
4042 32767
18589 -32767
-32767 -1070
11512 13829
32767 -17965
-16843 -833
3791 17493
-27419 32767
32767 -1689
-6110 -15761
-32767 19815
5841 -32767
258 -18695
27045 -869
-27634 31022
17116 23766
-28589 -32767
32767 7893
-20151 -3261
7077 15711
-14245 3671
-14410 -24469
16000 12272
-12075 -15559
-23343 32767
32767 -16688
-16761 31453
15127 -4101
-15611 -32767
-21879 -3527
32767 -1838
-32767 9825
32767 26783
-32767 -7604
4106 -32767
-12711 32767
22968 -30489
11217 -10964
-31116 14655
15690 19373
6323 -32767
2425 32767
21148 -32767
-9257 20737
-20198 -4068
-15550 -7395
-6459 3517
23663 -15275
23855 18491
-32767 -3064
16807 19718
8849 -30851
19647 23425
-17540 -24289
22868 -6293
-32393 32767
-26796 -32767
13842 -8920
32767 32767
-5519 -32767
-32767 -16344
32767 32767
-22164 -32767
32767 32767
-32767 -32767
25269 32767
-24943 -1079
2309 10919
861 -32767
32767 28853
-20251 -26653
-622 2757
-18480 32767
-11688 -32767
32767 7586
-15056 32767
-32767 -5388
1856 -18973
9777 14944
664 -32767
21825 16435
-5943 -24750
-17091 32767
31982 -21167
-12327 -16750
-14532 14270
10364 -25842
-3560 9215
10126 -4809
22381 27935
-13108 5638
16896 16614
-5044 -32767
-7946 7658
-32767 32767
32767 -7113
-32767 -32767
-235 32767
2106 9109
7372 -11277
26038 -15151
-17878 -20703
-10119 32767
-6172 3250
17616 -32767
72 27068
14249 -32767
-2851 26808
-1117 22303
-2877 -29882
23103 6214
-24633 32767
29881 -8907
-28383 -24170
31966 11574
-32767 13841
-7308 -32767
5382 22594
5714 14459
-1891 2402
32767 -32767
1495 31528
-32767 -14068
19827 19890
-19465 -31095
32767 29251
2282 -14721
-32767 -12491
32767 22313
-27969 11852
-32767 -28104
32767 16020
-18609 8369
13258 -25012
-29909 -10124
32767 -5027
-14553 32767
-32767 -3035
-2640 -32767
6149 13061
21519 6309
11625 -12551
-30562 32767
22588 -2467
4802 -25433
-17508 16305
15513 -6381
-32767 32767
32767 -11942
-21159 -21719
15610 32767
8857 -32767
-26844 14062
-3683 -16857
1861 -25133
5380 32767
32767 -11880
-32679 -19046
-9233 32767
22446 -32767
10627 -705
-32767 10935
32767 -19523
15606 19666
-28746 9993
-11241 -20629
-10503 -25163
8624 32767
32767 -1575
-24682 -29873
-3616 21785
32767 -6809
-23814 10781
3327 4366
-32767 -26350
4478 24526
32767 11651
-32767 -4555
4051 -32767
4185 4446
25218 22060
13073 -13495
-20587 -4585
-3188 -7844
-5402 32767
32767 -29145
-32767 15591
24289 25835
-32767 -31807
22628 -23061
6531 32767
-12551 -12175
9541 13661
26974 5193
-394 -32767
5469 32767
-32767 -32767
32767 16419
-18106 -17132
32767 -12068
-32767 -6296
-10002 8329
29085 27763
6785 -2444
-18394 -9078
-6722 28058
5800 -32767
13662 32767
-18952 26628
-11346 -19623
807 3829
28274 -32767
-28208 6043
20391 8472
-7573 26162
-8804 -29735
32767 6569
-19613 -6403
-13684 15664
8279 -8618
-15339 -8517
-9955 32767
895 -32767
20884 32767
-31178 -32767
19143 2777
28571 2044
-2302 32767
16073 -8056
42 -2092
-32767 108
11923 -923
32767 6002
-32767 12663
18594 -13778
-10031 -28874
-17426 32767
-230 886
7988 -1629
22295 -32767
14893 -5710
-32767 32767
15030 5732
-357 -32767
-10501 -4175
27431 434
9202 11475
-2255 32767
-32767 -23124
19063 15432
-26970 -32767
30862 3793
32033 32767
-32767 -22907
32767 12079
-11206 -5247
12546 -27024
-25174 28118
-23760 -2974
32685 -22486
-11572 32159
32767 18837
-32767 -21717
8616 -9682
25309 467
-32767 24202
16358 -32767
4621 -6080
-18944 -1
10987 5188
-4587 -10283
9386 -9260
25093 32767
-32767 4977
26606 2697
1721 -3302
14020 14159
-28606 -32767
6735 10659
16266 -14947
-32767 24851
8697 -32767
-16894 32767
268 -966
32767 -12088
-32767 11784
32767 -32767
-18384 25524
-18102 32767
-9706 -32767
-6727 32767
32767 6921
-32767 -20657
12606 29037
-16667 -32767
20796 3165
18373 32767
-32767 426
32767 -16097
-27485 -21035
18969 32767
-27928 -32767
32767 -15626
-32767 32767
17401 -32767
32767 24054
-20431 -15790
-21817 26307
2393 2736
-11580 -32563
7081 15919
26172 17491
9931 -8229
-32767 -32767
-13782 6844
32767 25802
-18911 -4720
11779 32767
3372 -32767
-13142 6000
-4958 -21460
21613 2740
-23310 30174
8284 10876
20565 -25020
-15094 18674
6564 -32767
-32767 32767
18601 7684
-24903 -19963
32767 23139
950 -7582
-28004 -1873
27186 -32767
-17573 2065
4788 32767
-20614 -8409
32767 -32767
-32767 32767
25952 -7444
7027 -32767
21434 13504
-32767 30396
32767 19030
-32544 -22030
4384 -32767
-20499 32767
32767 564
-32767 -11641
30275 2751
28473 -29506
4463 24895
-28751 -32767
-10425 28922
-17554 2311
32767 -29643
-14765 13697
-91 23259
-405 -22526
-5011 -12268
-22676 -116
32767 16614
-3545 31082
-8042 6204
-11392 -20828
13406 18677
946 -21936
-9825 -5092
-2624 -26708
21705 32767
-32630 -17900
32767 -23334
-31561 18099
32767 6686
-15703 25309
14659 -32767
-32767 -23601
32767 32767
-8718 -31438
3953 -8447
-32767 30062
28340 -32767
-32767 8530
27625 32767
-1235 15924
15525 -32767
2962 -11020
-31391 32767
-1090 -21710
-8647 23341
32767 3094
-32767 -26830
4916 -13099
32767 -1325
-7594 32767
17573 13183
2563 -13766
-6647 2146
-25182 -32767
14990 22292
2257 15630
-32767 -4934
32767 -13629
7403 -5394
-27397 -5691
13613 2851
-4208 32767
-17272 -32767
1312 32693
-6061 -29602
32767 7859
-32767 -8223
32767 11158
-12986 18429
-593 -32767
-24650 -179
1972 20614
32767 -28238
-32767 32767
-13336 -32737
29355 -3465
-9691 29027
5714 -26769
32767 27631
-258 19878
-19617 -20090
104 -19789
-24486 31363
16143 8215
-30848 -3424
10500 -32767
6581 18906
-14050 24321
32767 -17501
-32767 3102
32767 6644
-32767 -30747
23901 7876
11672 27021
14403 -20161
-31530 17295
20895 -15315
25225 24713
-32767 -32767
-4398 32767
4861 -32767
32767 32767
-17152 -14593
-22594 23596
710 -19379
-8021 12353
32767 -8037
-1614 -22283
-32767 6859
32767 5198
-32767 32767
32767 -32767
-16477 29787
32767 20905
-24734 6896
28783 -19463
-20050 18810
-18242 -32767
10189 29398
-17328 24138
32767 -32767
-14384 7875
-24912 -14372
17503 -15217
-32767 32767
8323 -15574
-8192 32767
278 -27023
32767 3420
25168 -23811
-32767 -9078
24557 2340
7812 32767
-20399 -32767
32767 32767
-29254 -32767
13807 32767
4470 -32767
16027 4456
-32767 32767
32767 -13072
-11276 -13600
-14945 30031
-5465 -32767
18745 -1583
-27600 32237
20560 -32767
-4490 4633
23319 28009
-32767 -15389
17740 16761
-15786 -32767
3808 -12142
16855 27759
-4770 17880
16951 -32767
-10727 32767
23532 -20758
-21453 -22813
21512 17970
-15938 11192
-32074 -2506
32583 -32767
-10412 9503
28054 32767
-32767 -1075
20259 -11168
-22068 -31501
10273 3058
26520 7863
-2403 3641
-1578 -7330
-32767 24313
28805 18507
15533 -26091
-32767 -23366
14823 27117
-5073 14147
-15424 -32767
32767 16466
7106 32736
7461 -20579
-32767 16165
-14544 -10657
-1470 10491
31899 -32767
-26457 22780
15542 -24937
-24932 32603
4805 27571
3621 -12727
6596 11035
32767 -32767
-14858 21225
-23480 6115
-20871 -1922
6793 -32604
11521 32767
28658 -13665
-4816 -21876
-15098 19389
-31783 5948
13184 -22594
23256 -24189
-15438 31076
7957 13824
13713 -29977
-25532 -3878
10485 1790
5031 -2169
-24988 -4436
32767 32767
-32767 -11828
2774 -15082
8445 2168
-1745 -1880
-20086 -26842
17440 32767
32767 -32767
-32767 32767
32767 -20074
-14278 4527
9559 21980
-29124 -18033
8763 29620
9086 1064
-19346 -32767
27664 16944
-1995 27390
13690 7817
-32767 -32767
7545 -6400
6824 -4497
-9327 32767
24196 -3756
1458 -20256
-32767 12837
28533 -32767
-9184 29124
-18799 255
4312 -11233
-21612 28139
32767 9599
-32767 -32767
20709 24658
20206 13391
-21419 -32767
-21927 32381
-9311 24101
2708 -32767
15203 32767
14372 -18379
-32767 3040
879 -32767
7179 24678
7775 15254
-8866 18981
32767 -1961
-1144 -4987
461 11969
5634 -32767
-32767 4171
27376 3511
-8220 -32767
1065 32767
-32767 -19535
25822 13204
5177 -17293
23409 19639
-32767 -32767
12960 -23487
27873 32767
-19798 -32767
10835 32767
5110 -8847
-31002 4474
-9280 -27130
32767 17463
-22554 -22656
4683 14662
-847 -11598
-15970 32767
26570 -10960
-32767 -12203
32767 12554
-17903 -32767
16058 14904
22598 -2826
-18740 2727
6128 32767
8819 -19103
-15462 -32346
16451 17119
-876 20566
-9171 -17028
12330 32281
-16875 -32767
-18840 31529
22144 -32767
16495 8184
-32767 30103
26449 4875
-32767 21058
4299 -32767
-9078 -5129
32767 -23791
-5663 14089
2896 -6770
16666 32767
-7664 -5506
-32767 -37
27902 -8338
24303 -13863
-19944 27719
4622 -32767
-32767 2157
32767 -5649
-8722 7586
-13188 -11570
22729 4808
20994 26641
-32767 7330
3912 -32767
-18259 32767
12657 9111
-1334 -6504
32767 -18211
-32767 -20221
30955 11494
-4965 1789
-20888 -17419
32767 32767
-30186 -32767
12337 32767
32672 3158
-32767 -27285
32767 32767
-25445 -32767
19236 -2522
2848 16828
7246 -4638
-27247 2781
-2931 26976
-8391 -32767
4390 32767
-11115 -32767
388 2525
12654 6426
32767 32767
-11827 1067
7883 -20270
-32767 8856
-19185 18679
