0 0
0 0
0 0
0 0
0 0
0 0
0 0
0 0
0 0
29672 19943
0 0
12088 -4428
0 0
0 0
0 0
0 0
0 0
0 0
0 0
0 0
0 0
0 0
0 0
-26811 28525
0 0
0 0
0 0
0 0
0 0
0 0
0 0
0 0
0 0
0 0
0 0
0 0
0 0
0 0
0 0
0 0
0 0
0 0
0 0
0 0
0 0
0 0
0 0
10926 31313
0 0
0 0
0 0
0 0
0 0
0 0
0 0
0 0
0 0
0 0
0 0
0 0
0 0
0 0
0 0
-25859 30953
0 0
0 0
0 0
0 0
0 0
0 0
0 0
0 0
0 0
0 0
0 0
0 0
0 0
0 0
0 0
0 0
0 0
0 0
29635 25823
0 0
0 0
0 0
0 0
0 0
0 0
0 0
0 0
0 0
0 0
0 0
25922 12666
6006 -9465
0 0
-14192 3517
0 0
0 0
0 0
0 0
0 0
0 0
28491 -8381
0 0
0 0
-21322 1572
0 0
0 0
0 0
0 0
0 0
0 0
26606 17816
29100 -30757
32455 10232
0 0
0 0
0 0
0 0
0 0
0 0
0 0
0 0
0 0
0 0
-16816 -22712
-8440 31512
0 0
0 0
-25394 -11020
0 0
0 0
0 0
0 0
0 0
0 0
0 0
0 0
0 0
0 0
0 0
0 0
32077 -3034
23670 15502
0 0
18390 23617
0 0
0 0
0 0
0 0
0 0
0 0
0 0
0 0
0 0
0 0
0 0
-19306 26306
0 0
0 0
-28090 -31638
0 0
0 0
-5861 -14855
0 0
0 0
0 0
0 0
0 0
0 0
0 0
0 0
0 0
0 0
0 0
0 0
0 0
23629 -17110
-11335 -10005
-26635 -23982
0 0
15252 -16500
0 0
25094 23685
0 0
0 0
0 0
0 0
0 0
0 0
0 0
0 0
0 0
0 0
0 0
21346 28888
0 0
0 0
0 0
0 0
0 0
0 0
0 0
0 0
0 0
0 0
0 0
0 0
0 0
-20970 -31525
-24822 -13647
0 0
0 0
-10672 5532
0 0
0 0
0 0
0 0
-15323 -12768
0 0
0 0
0 0
0 0
0 0
-13059 -31512
4375 -6329
0 0
0 0
10591 31471
0 0
0 0
0 0
0 0
0 0
0 0
0 0
0 0
0 0
0 0
0 0
-4496 14592
0 0
0 0
0 0
0 0
0 0
0 0
0 0
0 0
-26004 917
0 0
-26119 -4777
0 0
0 0
0 0
0 0
0 0
0 0
0 0
5331 4000
0 0
0 0
0 0
0 0
0 0
0 0
8753 -32005
0 0
0 0
0 0
0 0
0 0
0 0
0 0
0 0
-4952 -23640
0 0
0 0
0 0
0 0
0 0
0 0
0 0
0 0
0 0
-22645 20439
0 0
26421 -346
0 0
0 0
0 0
-31269 12405
0 0
0 0
0 0
2812 -8660
0 0
0 0
0 0
30025 -21709
0 0
0 0
-11108 -28947
0 0
28548 31981
0 0
0 0
0 0
0 0
0 0
0 0
0 0
0 0
-31846 12287
0 0
0 0
-5914 -32574
0 0
0 0
32664 10298
0 0
0 0
0 0
0 0
0 0
0 0
0 0
-26508 -13144
0 0
0 0
0 0
0 0
0 0
0 0
0 0
0 0
0 0
0 0
-26059 6197
0 0
11754 -4854
0 0
-13994 -159
-25374 -10190
0 0
0 0
0 0
-31871 -15159
0 0
0 0
0 0
0 0
0 0
-8890 -23067
0 0
0 0
0 0
-29944 21968
0 0
0 0
0 0
0 0
17100 -21812
0 0
0 0
0 0
0 0
0 0
0 0
0 0
0 0
0 0
0 0
0 0
0 0
0 0
0 0
0 0
0 0
0 0
0 0
0 0
-1722 -23354
0 0
0 0
0 0
0 0
0 0
0 0
-32002 31914
0 0
0 0
0 0
0 0
0 0
0 0
0 0
0 0
0 0
0 0
0 0
0 0
0 0
0 0
-12244 19799
0 0
0 0
0 0
0 0
0 0
0 0
0 0
0 0
0 0
0 0
0 0
0 0
0 0
0 0
0 0
0 0
0 0
0 0
0 0
0 0
0 0
0 0
0 0
0 0
0 0
0 0
0 0
0 0
0 0
0 0
0 0
0 0
0 0
-14972 -13152
-1397 -6676
386 -25692
0 0
17397 -30959
0 0
0 0
0 0
0 0
0 0
0 0
0 0
0 0
0 0
0 0
0 0
0 0
22369 -21286
0 0
0 0
0 0
-10092 9403
1943 -16327
0 0
0 0
0 0
0 0
0 0
0 0
0 0
0 0
0 0
0 0
0 0
0 0
0 0
0 0
0 0
0 0
-19797 23398
-1144 -28545
-28379 15242
-20857 -13800
0 0
0 0
0 0
0 0
2200 -29291
0 0
0 0
0 0
0 0
0 0
-28225 21490
32272 2091
0 0
0 0
0 0
0 0
0 0
0 0
0 0
0 0
0 0
0 0
20325 -17488
0 0
0 0
0 0
0 0
0 0
0 0
0 0
0 0
0 0
29071 -26659
0 0
0 0
0 0
0 0
-19737 -4787
0 0
18654 -660
0 0
0 0
0 0
0 0
0 0
0 0
0 0
0 0
0 0
0 0
0 0
0 0
0 0
0 0
0 0
0 0
0 0
0 0
0 0
0 0
5591 -21684
0 0
0 0
0 0
0 0
0 0
0 0
0 0
0 0
0 0
0 0
0 0
0 0
9148 -13118
31032 15133
0 0
0 0
0 0
0 0
0 0
0 0
0 0
0 0
0 0
0 0
0 0
0 0
0 0
0 0
0 0
0 0
0 0
0 0
0 0
0 0
17579 7223
0 0
28894 -17662
8025 12759
-18054 19694
0 0
0 0
0 0
0 0
12659 18308
0 0
0 0
0 0
0 0
0 0
0 0
0 0
0 0
0 0
0 0
0 0
0 0
0 0
0 0
0 0
0 0
0 0
4497 -3009
0 0
0 0
0 0
0 0
0 0
0 0
0 0
0 0
0 0
0 0
0 0
-15652 -31262
0 0
0 0
0 0
0 0
0 0
0 0
0 0
0 0
0 0
0 0
0 0
0 0
-18604 4806
0 0
0 0
0 0
17609 -4769
0 0
0 0
0 0
0 0
0 0
0 0
0 0
0 0
-18783 -16435
-14031 -19823
0 0
-20927 -21855
0 0
0 0
0 0
0 0
0 0
0 0
0 0
0 0
0 0
0 0
0 0
0 0
0 0
0 0
0 0
0 0
-24052 4366
-31432 -22099
0 0
0 0
0 0
0 0
0 0
10788 -19122
0 0
0 0
0 0
0 0
0 0
0 0
0 0
0 0
0 0
0 0
0 0
0 0
0 0
0 0
0 0
0 0
0 0
0 0
0 0
0 0
0 0
0 0
0 0
0 0
0 0
0 0
0 0
10468 -18412
0 0
0 0
0 0
0 0
0 0
0 0
0 0
0 0
0 0
23221 -7041
0 0
0 0
0 0
0 0
0 0
0 0
0 0
0 0
0 0
0 0
30158 4390
0 0
0 0
0 0
0 0
0 0
0 0
0 0
0 0
0 0
0 0
0 0
0 0
0 0
0 0
-6969 -12406
0 0
-28575 9614
25266 9592
15209 -2989
0 0
0 0
0 0
-16739 22867
0 0
0 0
0 0
-21232 -28500
0 0
0 0
-11450 23804
0 0
0 0
22715 -26123
0 0
0 0
0 0
0 0
0 0
0 0
0 0
0 0
0 0
-27773 -11019
0 0
0 0
0 0
0 0
0 0
0 0
0 0
-1452 15183
0 0
0 0
0 0
25536 -10684
13867 22967
0 0
0 0
0 0
0 0
0 0
0 0
0 0
0 0
0 0
0 0
-572 -3770
0 0
0 0
0 0
0 0
0 0
0 0
0 0
-31754 11656
0 0
0 0
0 0
4769 14423
26010 31260
0 0
31501 27857
19942 -13521
0 0
-1646 14298
0 0
0 0
0 0
0 0
-17000 18312
-14746 6079
0 0
0 0
-27379 -1643
21640 -452
27115 24922
0 0
12017 6777
0 0
9260 4661
0 0
0 0
0 0
0 0
0 0
-28542 135
0 0
0 0
0 0
24239 12279
0 0
0 0
0 0
0 0
0 0
0 0
0 0
0 0
0 0
0 0
0 0
0 0
0 0
786 19838
0 0
0 0
0 0
0 0
0 0
0 0
0 0
6488 -16093
0 0
0 0
0 0
0 0
-9025 21011
0 0
0 0
0 0
0 0
0 0
0 0
0 0
0 0
0 0
0 0
0 0
0 0
0 0
0 0
0 0
0 0
0 0
0 0
-18156 -994
0 0
0 0
0 0
0 0
0 0
0 0
-14740 6170
0 0
0 0
0 0
0 0
0 0
0 0
0 0
0 0
0 0
0 0
0 0
0 0
0 0
0 0
0 0
-24910 9674
0 0
0 0
-25786 -10214
0 0
0 0
0 0
0 0
0 0
0 0
-3455 -18217
0 0
0 0
0 0
0 0
0 0
0 0
0 0
0 0
0 0
0 0
0 0
0 0
-25420 23736
0 0
0 0
4628 12570
0 0
0 0
0 0
-7998 -11830
0 0
0 0
0 0
0 0
0 0
0 0
0 0
0 0
0 0
-14464 -29948
0 0
0 0
0 0
0 0
0 0
0 0
0 0
0 0
0 0
0 0
0 0
0 0
0 0
0 0
0 0
0 0
0 0
0 0
0 0
0 0
0 0
0 0
0 0
0 0
0 0
0 0
0 0
0 0
0 0
10331 -26066
5095 6664
0 0
0 0
0 0
0 0
0 0
0 0
0 0
0 0
27186 -21231
0 0
0 0
0 0
0 0
0 0
0 0
0 0
0 0
0 0
0 0
0 0
0 0
0 0
0 0
0 0
-5188 4965
0 0
0 0
0 0
0 0
-32214 15756
-22078 27630
0 0
0 0
-25632 25000
0 0
0 0
0 0
0 0
0 0
0 0
12400 28376
0 0
-11681 -31995
0 0
-18094 4348
0 0
895 3793
0 0
0 0
0 0
0 0
0 0
0 0
-11412 16950
-32768 0
0 0
0 0
21061 -275
0 0
0 0
0 0
20984 -20085
0 0
0 0
0 0
0 0
0 0
17341 1453
0 0
-29386 -26408
0 0
0 0
-17940 -23928
0 0
0 0
0 0
0 0
0 0
-18514 -7914
18220 -19606
0 0
0 0
0 0
0 0
0 0
0 0
-24144 7774
0 0
0 0
0 0
0 0
0 0
0 0
0 0
0 0
0 0
0 0
0 0
0 0
25759 8231
0 0
0 0
17089 -17346
0 0
-14765 10737
0 0
0 0
0 0
0 0
0 0
0 0
0 0
0 0
21083 -6660
0 0
0 0
0 0
0 0
0 0
-24826 30320
0 0
0 0
0 0
0 0
5768 8072
0 0
0 0
0 0
0 0
0 0
24723 25015
-13408 32663
0 0
0 0
0 0
0 0
20045 2723
0 0
0 0
0 0
0 0
0 0
0 0
0 0
0 0
0 0
-15776 15326
0 0
0 0
0 0
0 0
0 0
0 0
0 0
26114 29806
0 0
0 0
0 0
0 0
0 0
0 0
0 0
0 0
0 0
0 0
0 0
0 0
0 0
0 0
0 0
-5788 15690
0 0
0 0
0 0
0 0
0 0
0 0
0 0
0 0
0 0
0 0
0 0
0 0
-20914 -32494
0 0
0 0
0 0
23436 23312
0 0
0 0
685 23599
0 0
21554 28514
0 0
0 0
0 0
0 0
0 0
-27273 -3467
0 0
-28215 4113
0 0
0 0
0 0
0 0
0 0
0 0
0 0
0 0
0 0
0 0
0 0
0 0
4434 26399
0 0
0 0
0 0
0 0
15486 29366
16405 -3273
0 0
0 0
-3902 19245
0 0
-25002 -11686
-621 -14659
0 0
0 0
0 0
0 0
0 0
0 0
0 0
0 0
12299 2177
0 0
0 0
0 0
0 0
0 0
0 0
0 0
0 0
0 0
0 0
0 0
0 0
0 0
20078 -2670
0 0
0 0
28012 -5855
0 0
0 0
0 0
0 0
0 0
0 0
0 0
0 0
0 0
0 0
0 0
0 0
0 0
0 0
11543 -4985
0 0
9748 20196
-10516 -10656
0 0
0 0
0 0
0 0
0 0
-29278 -963
0 0
0 0
0 0
0 0
0 0
0 0
22516 -31300
0 0
-28702 31524
0 0
0 0
-26163 -23235
0 0
0 0
0 0
0 0
-15390 31470
0 0
0 0
14982 18608
0 0
0 0
0 0
0 0
0 0
0 0
0 0
0 0
0 0
0 0
0 0
0 0
0 0
0 0
0 0
0 0
0 0
0 0
-11267 9250
0 0
0 0
0 0
0 0
0 0
0 0
0 0
0 0
0 0
0 0
0 0
-12654 5696
0 0
0 0
0 0
-29666 -3510
0 0
7760 21721
0 0
0 0
0 0
0 0
-21560 22776
-29160 5352
2021 31087
0 0
0 0
0 0
0 0
0 0
-3054 -25735
0 0
0 0
-16564 28760
0 0
24476 1365
0 0
0 0
15960 3648
0 0
597 -9747
0 0
16199 24070
0 0
0 0
0 0
0 0
0 0
0 0
0 0
0 0
0 0
0 0
0 0
0 0
0 0
0 0
0 0
0 0
0 0
-23278 -29462
0 0
0 0
0 0
0 0
-17502 2652
-31633 31979
0 0
0 0
0 0
-3009 -27477
0 0
0 0
0 0
0 0
0 0
0 0
0 0
0 0
0 0
0 0
0 0
0 0
0 0
0 0
0 0
0 0
0 0
0 0
0 0
0 0
0 0
0 0
0 0
-25143 -11772
0 0
28547 21914
189 -9810
0 0
0 0
-5219 24194
0 0
6362 582
0 0
0 0
0 0
0 0
0 0
0 0
0 0
0 0
0 0
0 0
0 0
0 0
0 0
0 0
18061 9021
0 0
0 0
0 0
11741 5809
0 0
0 0
0 0
0 0
0 0
-27611 -7027
0 0
0 0
0 0
0 0
-7700 1496
0 0
0 0
8499 8827
0 0
0 0
0 0
0 0
0 0
0 0
23532 19022
-29528 25526
-1646 25116
0 0
0 0
0 0
0 0
0 0
0 0
0 0
-31385 8837
-29154 31296
-29752 -31996
0 0
0 0
29908 13472
0 0
0 0
1582 5956
0 0
0 0
0 0
27844 -24584
-16400 31040
1148 12
0 0
0 0
0 0
0 0
0 0
0 0
0 0
0 0
0 0
-12864 2282
0 0
0 0
0 0
0 0
0 0
0 0
0 0
-18147 -12937
-31623 -23787
0 0
0 0
14907 18111
0 0
0 0
0 0
0 0
0 0
0 0
0 0
0 0
21607 30267
0 0
21208 24148
0 0
0 0
0 0
0 0
0 0
0 0
0 0
-13753 18390
-9040 30144
-18814 30668
0 0
0 0
0 0
0 0
0 0
0 0
0 0
0 0
0 0
0 0
-30414 -2714
-11552 12021
0 0
0 0
0 0
0 0
0 0
0 0
0 0
0 0
0 0
0 0
1320 7567
0 0
0 0
0 0
0 0
31412 -18184
0 0
0 0
0 0
-2114 2072
0 0
0 0
0 0
0 0
0 0
0 0
0 0
0 0
22658 -13076
0 0
0 0
31829 29210
15203 3999
0 0
0 0
0 0
0 0
0 0
22233 -25218
0 0
0 0
0 0
0 0
-10288 -14188
12824 31172
0 0
0 0
0 0
0 0
0 0
0 0
0 0
0 0
0 0
31908 -18702
7958 29292
-8088 26664
0 0
0 0
0 0
25925 11663
0 0
0 0
19067 30323
-7545 31980
0 0
11600 12180
0 0
0 0
0 0
0 0
0 0
0 0
0 0
0 0
0 0
0 0
-273 947
0 0
-10156 -16589
-32438 1904
9797 -26741
0 0
0 0
0 0
0 0
0 0
0 0
0 0
0 0
9323 24344
0 0
29750 10792
0 0
0 0
13750 -22986
0 0
0 0
0 0
0 0
0 0
0 0
0 0
0 0
0 0
0 0
0 0
0 0
0 0
0 0
-18889 -16158
-19685 -13631
0 0
0 0
0 0
0 0
26737 -17577
0 0
0 0
0 0
0 0
-24284 30260
0 0
0 0
0 0
-7577 11671
0 0
0 0
13474 -30523
0 0
0 0
0 0
0 0
9153 -4320
0 0
0 0
0 0
0 0
-19539 27513
0 0
2119 13817
0 0
0 0
0 0
0 0
0 0
0 0
0 0
0 0
0 0
0 0
-1811 -30931
0 0
0 0
0 0
0 0
0 0
0 0
0 0
0 0
0 0
0 0
0 0
0 0
0 0
0 0
0 0
0 0
0 0
0 0
0 0
0 0
0 0
0 0
0 0
0 0
-281 12563
0 0
0 0
0 0
0 0
2802 1760
0 0
0 0
0 0
0 0
0 0
30234 4110
0 0
10852 24426
808 -6953
0 0
0 0
0 0
22663 22181
0 0
0 0
0 0
0 0
0 0
0 0
0 0
0 0
0 0
5895 22792
0 0
0 0
0 0
0 0
-16018 32380
0 0
0 0
0 0
0 0
0 0
0 0
0 0
0 0
0 0
0 0
-4032 -20026
-2772 -19374
0 0
0 0
0 0
0 0
0 0
0 0
0 0
0 0
0 0
0 0
0 0
0 0
0 0
0 0
0 0
0 0
-16382 1786
0 0
0 0
0 0
28396 9716
18734 25606
0 0
0 0
0 0
0 0
0 0
0 0
0 0
0 0
0 0
0 0
0 0
0 0
-21214 32388
0 0
0 0
0 0
7452 -8103
0 0
0 0
0 0
0 0
0 0
-15081 4917
0 0
0 0
0 0
0 0
0 0
0 0
0 0
0 0
0 0
0 0
0 0
0 0
0 0
0 0
0 0
0 0
0 0
-8886 32046
0 0
0 0
0 0
0 0
0 0
0 0
0 0
0 0
-30205 -8601
0 0
2326 20302
19211 2451
0 0
0 0
18532 21012
0 0
0 0
0 0
0 0
0 0
0 0
0 0
6009 -19683
0 0
0 0
0 0
0 0
0 0
0 0
0 0
0 0
0 0
0 0
0 0
28550 24787
0 0
0 0
0 0
0 0
0 0
13201 17100
19128 22256
0 0
0 0
0 0
0 0
0 0
0 0
0 0
0 0
0 0
20009 -29090
0 0
0 0
0 0
0 0
0 0
0 0
0 0
19756 -25104
0 0
0 0
0 0
0 0
0 0
0 0
0 0
-6478 -17752
0 0
0 0
0 0
0 0
0 0
0 0
0 0
0 0
0 0
0 0
0 0
0 0
0 0
0 0
7388 2228
5048 2818
0 0
0 0
0 0
0 0
0 0
0 0
0 0
0 0
0 0
0 0
0 0
0 0
0 0
0 0
0 0
0 0
0 0
0 0
0 0
0 0
0 0
0 0
0 0
0 0
0 0
0 0
0 0
0 0
0 0
0 0
0 0
0 0
0 0
0 0
16818 -7484
0 0
0 0
0 0
0 0
1940 -29212
0 0
0 0
0 0
0 0
0 0
-32188 -13860
0 0
0 0
0 0
0 0
0 0
0 0
0 0
0 0
0 0
0 0
0 0
0 0
0 0
0 0
8695 21935
0 0
0 0
0 0
0 0
0 0
-15565 -1129
0 0
0 0
0 0
0 0
0 0
0 0
0 0
0 0
0 0
0 0
0 0
0 0
0 0
0 0
0 0
0 0
22496 13626
0 0
0 0
28248 12500
0 0
15442 -12800
-17821 4883
6289 -9077
26988 -11925
0 0
30480 -21472
0 0
0 0
0 0
0 0
0 0
0 0
0 0
0 0
0 0
0 0
0 0
0 0
0 0
-21576 22240
0 0
59 7527
0 0
0 0
0 0
0 0
31368 -1854
13681 13007
0 0
0 0
0 0
0 0
0 0
14280 2274
0 0
0 0
11202 30027
0 0
0 0
0 0
0 0
4548 25428
0 0
0 0
0 0
6124 -6510
0 0
0 0
0 0
0 0
0 0
0 0
0 0
0 0
0 0
0 0
0 0
0 0
-4639 -12267
-24182 31183
0 0
0 0
22746 -15719
0 0
0 0
0 0
0 0
0 0
0 0
0 0
0 0
0 0
0 0
0 0
-10270 -24700
0 0
0 0
0 0
-18464 -12910
0 0
-32713 -31813
0 0
0 0
0 0
0 0
0 0
0 0
5178 -14314
-15324 -17411
0 0
0 0
0 0
0 0
0 0
0 0
0 0
0 0
0 0
0 0
-27744 23708
0 0
0 0
0 0
0 0
0 0
0 0
0 0
0 0
0 0
26273 12575
27722 -31920
0 0
0 0
0 0
0 0
0 0
0 0
7611 16702
0 0
0 0
-26319 -20795
0 0
0 0
0 0
0 0
0 0
0 0
0 0
-31261 18120
0 0
0 0
0 0
0 0
0 0
0 0
0 0
0 0
0 0
0 0
0 0
0 0
-21218 5841
0 0
0 0
0 0
0 0
31986 -9118
0 0
0 0
0 0
0 0
0 0
0 0
0 0
0 0
19581 21902
0 0
0 0
0 0
0 0
0 0
-17208 17008
0 0
0 0
-2262 -30572
0 0
0 0
0 0
12893 5741
0 0
0 0
0 0
0 0
0 0
-13606 -19400
0 0
0 0
22893 12299
25710 20570
0 0
2961 -3239
0 0
0 0
0 0
0 0
0 0
0 0
0 0
3607 20678
0 0
0 0
0 0
0 0
0 0
0 0
0 0
0 0
0 0
0 0
0 0
0 0
0 0
0 0
0 0
0 0
0 0
24861 20353
5364 -19052
0 0
0 0
0 0
0 0
0 0
0 0
0 0
0 0
0 0
0 0
0 0
0 0
0 0
-5525 1756
16638 18644
0 0
0 0
0 0
-31190 11534
19614 31064
0 0
0 0
0 0
0 0
0 0
0 0
0 0
28462 1507
0 0
0 0
0 0
0 0
23471 -15629
0 0
0 0
0 0
0 0
0 0
0 0
0 0
0 0
0 0
0 0
0 0
0 0
0 0
0 0
-6535 32239
0 0
0 0
0 0
0 0
0 0
0 0
0 0
0 0
0 0
-5964 -5028
0 0
0 0
0 0
22241 26204
-13270 -15078
0 0
0 0
-26273 -17723
0 0
0 0
0 0
0 0
-6486 466
-20867 -20545
0 0
0 0
0 0
-15176 -27881
0 0
13332 -31898
27087 24451
0 0
0 0
0 0
0 0
0 0
0 0
0 0
0 0
0 0
0 0
0 0
0 0
0 0
0 0
0 0
0 0
0 0
2453 29910
0 0
0 0
0 0
0 0
0 0
0 0
0 0
0 0
0 0
32518 3294
17641 1480
0 0
0 0
0 0
0 0
0 0
-27380 -17375
26566 -32607
0 0
0 0
0 0
0 0
0 0
0 0
0 0
0 0
0 0
0 0
0 0
0 0
0 0
0 0
0 0
0 0
0 0
0 0
0 0
-28341 -17598
0 0
0 0
0 0
0 0
0 0
-533 -14956
-9380 3538
0 0
0 0
0 0
0 0
-27372 -5668
0 0
20426 16990
0 0
0 0
-31904 23931
0 0
0 0
0 0
0 0
-31604 -8386
0 0
9061 12691
0 0
0 0
0 0
0 0
0 0
0 0
0 0
0 0
0 0
26846 8744
0 0
0 0
0 0
0 0
0 0
0 0
-15484 -27452
0 0
0 0
0 0
0 0
0 0
0 0
0 0
-17787 18307
0 0
0 0
0 0
0 0
0 0
0 0
0 0
0 0
9060 -8682
0 0
0 0
0 0
0 0
0 0
0 0
0 0
0 0
0 0
0 0
0 0
0 0
27214 -3558
29808 -29056
0 0
0 0
0 0
0 0
-13092 8954
-21628 20676
0 0
0 0
0 0
0 0
0 0
0 0
0 0
0 0
0 0
0 0
0 0
0 0
0 0
0 0
0 0
0 0
0 0
12442 12832
0 0
0 0
0 0
0 0
0 0
0 0
-20655 22050
0 0
0 0
2351 -30147
0 0
2912 3098
0 0
0 0
0 0
0 0
0 0
-10996 5399
-18249 -18603
0 0
0 0
0 0
-17840 -30802
0 0
0 0
0 0
0 0
24645 9101
23602 31154
0 0
0 0
7763 15871
14110 6592
4295 -2507
0 0
0 0
0 0
0 0
0 0
5700 14842
0 0
0 0
0 0
0 0
0 0
0 0
0 0
0 0
0 0
0 0
29988 -21026
0 0
0 0
0 0
0 0
0 0
0 0
0 0
0 0
0 0
0 0
0 0
0 0
-250 14362
0 0
0 0
21333 -27095
0 0
0 0
0 0
0 0
0 0
0 0
0 0
0 0
0 0
0 0
0 0
0 0
-3739 -2113
0 0
0 0
0 0
0 0
0 0
0 0
0 0
0 0
0 0
0 0
0 0
0 0
-32400 -17346
0 0
0 0
0 0
0 0
0 0
0 0
-6162 -17992
5081 17672
9134 758
0 0
0 0
0 0
0 0
-6416 -23002
-20307 -26884
0 0
0 0
0 0
0 0
30595 -20456
18296 -32133
0 0
0 0
3032 3384
0 0
-795 3199
0 0
0 0
-7364 -30711
0 0
0 0
-23060 -18558
-5411 -31726
0 0
0 0
0 0
0 0
6424 16216
0 0
0 0
0 0
0 0
0 0
0 0
0 0
0 0
0 0
0 0
0 0
0 0
-4164 3460
0 0
0 0
0 0
0 0
0 0
0 0
1306 -28181
0 0
0 0
0 0
0 0
32601 -21060
0 0
0 0
0 0
0 0
0 0
0 0
-7568 -27460
0 0
0 0
0 0
0 0
0 0
0 0
0 0
2765 -32271
10252 -10992
0 0
0 0
-32632 -27496
0 0
0 0
0 0
0 0
0 0
0 0
0 0
0 0
0 0
0 0
0 0
14527 -28173
5772 -10119
0 0
0 0
0 0
20879 -11262
0 0
0 0
0 0
0 0
-7589 -16074
0 0
0 0
25632 -21583
0 0
0 0
0 0
0 0
0 0
0 0
0 0
16640 -4389
2804 -32281
0 0
0 0
0 0
0 0
-3047 19031
0 0
0 0
0 0
0 0
17150 8951
0 0
0 0
0 0
8942 -24554
0 0
0 0
30475 -12345
0 0
0 0
0 0
0 0
-22502 -26550
0 0
0 0
0 0
0 0
0 0
29260 -18096
6764 -27774
0 0
0 0
0 0
0 0
0 0
0 0
0 0
0 0
1176 17184
18092 14034
0 0
0 0
0 0
0 0
0 0
0 0
0 0
0 0
0 0
0 0
0 0
8520 20024
0 0
0 0
-26007 -15527
-16902 21718
0 0
15079 -25959
0 0
-12265 21555
0 0
4509 15235
-18854 -16146
0 0
-623 -28411
0 0
0 0
0 0
0 0
0 0
0 0
0 0
0 0
0 0
0 0
0 0
0 0
0 0
0 0
0 0
0 0
0 0
0 0
0 0
13699 30307
0 0
0 0
0 0
-14566 18039
-24207 12244
0 0
0 0
0 0
0 0
-9983 -27847
-28356 -678
0 0
0 0
0 0
0 0
0 0
0 0
0 0
0 0
0 0
0 0
0 0
0 0
17680 28317
0 0
0 0
13462 3414
0 0
0 0
0 0
0 0
28272 8392
-5731 3881
0 0
0 0
27931 1343
29049 -4424
-3432 26900
31036 6152
0 0
0 0
0 0
0 0
0 0
0 0
0 0
0 0
0 0
0 0
0 0
0 0
0 0
0 0
0 0
-29677 -18695
3484 -2400
0 0
28353 11387
0 0
0 0
0 0
0 0
0 0
26517 -3720
0 0
0 0
0 0
0 0
-29541 18817
0 0
0 0
0 0
0 0
0 0
0 0
0 0
0 0
-6244 -2452
4495 -29613
30560 -25048
-26736 -29318
0 0
0 0
2029 -24901
20792 20556
0 0
0 0
0 0
0 0
0 0
0 0
-25555 -24103
0 0
0 0
0 0
0 0
0 0
0 0
-18162 25432
0 0
0 0
-15232 32637
0 0
0 0
0 0
0 0
0 0
0 0
0 0
7891 24176
0 0
0 0
0 0
0 0
0 0
0 0
0 0
0 0
-23507 -15150
-16056 -20568
0 0
0 0
0 0
0 0
0 0
0 0
0 0
0 0
0 0
0 0
0 0
0 0
0 0
0 0
0 0
0 0
0 0
0 0
0 0
0 0
0 0
0 0
-3797 -20110
-32041 -32589
0 0
0 0
0 0
0 0
0 0
0 0
0 0
0 0
0 0
0 0
0 0
0 0
-22106 28055
-11060 12054
-26060 1664
-9323 15170
0 0
0 0
0 0
-6060 19180
0 0
22525 -17624
10858 31913
0 0
0 0
0 0
0 0
0 0
0 0
0 0
15997 -9489
0 0
0 0
0 0
0 0
-766 9213
0 0
0 0
0 0
0 0
0 0
0 0
0 0
0 0
0 0
0 0
0 0
0 0
0 0
2186 6334
0 0
0 0
0 0
0 0
0 0
0 0
0 0
0 0
0 0
0 0
0 0
0 0
0 0
0 0
0 0
0 0
17710 26458
27838 16656
0 0
-9264 3264
13258 27950
5788 24720
16180 -9260
0 0
0 0
0 0
0 0
0 0
0 0
0 0
0 0
0 0
0 0
0 0
0 0
0 0
0 0
0 0
0 0
3446 -28978
-24720 1650
6042 17317
25046 24994
0 0
0 0
0 0
0 0
0 0
0 0
0 0
0 0
0 0
18146 20444
0 0
0 0
-32170 -16746
0 0
0 0
0 0
0 0
0 0
-3126 15436
0 0
0 0
0 0
6307 -1966
0 0
0 0
0 0
10676 6766
-17144 6185
0 0
0 0
0 0
0 0
0 0
0 0
-2913 -14609
0 0
0 0
-6846 11240
0 0
0 0
0 0
0 0
16377 29900
0 0
0 0
0 0
0 0
0 0
0 0
0 0
0 0
0 0
0 0
0 0
0 0
22257 -19602
0 0
0 0
0 0
24156 6116
0 0
0 0
0 0
0 0
13816 -32468
0 0
0 0
0 0
0 0
0 0
0 0
0 0
0 0
0 0
6938 -32166
0 0
0 0
0 0
-22811 9691
0 0
0 0
0 0
0 0
0 0
0 0
0 0
24137 -21493
32289 -31917
0 0
0 0
0 0
0 0
-26436 -20866
-28253 -24774
0 0
0 0
0 0
0 0
0 0
-30130 3898
2233 -30615
0 0
0 0
0 0
0 0
0 0
0 0
-27324 12980
-3416 25473
0 0
28438 -626
0 0
0 0
0 0
0 0
21074 -5632
0 0
0 0
0 0
0 0
-30875 -32020
0 0
-11036 -19620
0 0
0 0
0 0
0 0
0 0
0 0
0 0
0 0
0 0
0 0
5279 -8716
0 0
0 0
0 0
0 0
0 0
-32768 0
0 0
0 0
0 0
0 0
0 0
0 0
0 0
0 0
0 0
0 0
-27937 -16760
0 0
0 0
0 0
0 0
0 0
0 0
0 0
0 0
0 0
18376 14168
0 0
0 0
6954 14530
0 0
0 0
0 0
0 0
27843 16233
0 0
0 0
-23539 -3543
-2749 -14393
913 -9497
0 0
0 0
0 0
0 0
-29856 29190
22870 9727
0 0
-30175 -30504
0 0
0 0
0 0
0 0
0 0
0 0
-32021 2104
27250 -30192
0 0
0 0
0 0
0 0
0 0
0 0
0 0
0 0
6828 -29730
0 0
0 0
0 0
0 0
0 0
0 0
-4619 -28508
0 0
0 0
0 0
0 0
0 0
0 0
0 0
0 0
0 0
0 0
0 0
0 0
0 0
0 0
0 0
0 0
0 0
21735 10187
0 0
0 0
0 0
0 0
0 0
0 0
0 0
0 0
0 0
0 0
0 0
0 0
0 0
0 0
0 0
0 0
0 0
0 0
0 0
0 0
0 0
0 0
28146 -17802
-15216 2990
0 0
0 0
16427 13434
0 0
0 0
0 0
15918 -9899
0 0
0 0
0 0
0 0
4093 -8833
7854 24206
23622 30352
11856 9108
16185 27589
0 0
-8367 25827
0 0
0 0
0 0
0 0
0 0
0 0
0 0
0 0
0 0
0 0
0 0
0 0
0 0
-5789 27835
-31517 -3218
0 0
0 0
0 0
0 0
0 0
22774 -12322
-25310 -31680
0 0
0 0
0 0
-27844 1388
0 0
0 0
0 0
0 0
0 0
0 0
-1392 18952
-8095 30345
0 0
0 0
0 0
12835 18565
0 0
0 0
0 0
0 0
0 0
0 0
0 0
0 0
0 0
0 0
0 0
0 0
0 0
0 0
0 0
-11679 6353
1157 20536
25572 6836
13032 11144
-21632 9776
0 0
0 0
0 0
0 0
0 0
24961 2183
0 0
0 0
0 0
0 0
0 0
0 0
0 0
0 0
0 0
0 0
0 0
0 0
0 0
0 0
0 0
0 0
0 0
0 0
0 0
0 0
0 0
0 0
25200 30416
0 0
0 0
-16492 3590
22003 -15691
32252 -4212
3267 -18599
0 0
0 0
0 0
0 0
0 0
0 0
0 0
0 0
25156 -22220
16544 8848
0 0
0 0
0 0
12038 -29260
0 0
0 0
0 0
0 0
0 0
0 0
0 0
0 0
-16620 -31576
0 0
0 0
0 0
0 0
0 0
16872 -14198
0 0
0 0
0 0
18491 -17107
0 0
29952 3701
0 0
0 0
0 0
0 0
0 0
0 0
0 0
0 0
0 0
0 0
0 0
-10524 7858
0 0
0 0
0 0
0 0
0 0
0 0
0 0
-5481 27164
0 0
0 0
0 0
0 0
12980 25186
0 0
0 0
0 0
0 0
0 0
0 0
0 0
0 0
0 0
0 0
0 0
0 0
0 0
0 0
0 0
0 0
0 0
0 0
0 0
6268 -11172
0 0
0 0
0 0
0 0
0 0
0 0
0 0
0 0
0 0
0 0
-27762 -13666
0 0
0 0
0 0
0 0
0 0
0 0
0 0
0 0
0 0
0 0
0 0
0 0
0 0
0 0
28266 17594
0 0
0 0
0 0
0 0
0 0
4641 -31922
0 0
27386 4790
0 0
0 0
0 0
0 0
-6614 -18280
0 0
0 0
0 0
0 0
14341 -4567
0 0
0 0
0 0
0 0
0 0
0 0
0 0
0 0
0 0
0 0
0 0
0 0
-12668 -8090
0 0
0 0
0 0
0 0
0 0
-6162 5325
0 0
0 0
0 0
0 0
0 0
8777 -31708
15636 29284
27684 8888
0 0
0 0
0 0
0 0
0 0
0 0
0 0
0 0
-630 21714
0 0
-10338 236
0 0
0 0
0 0
0 0
9332 -8014
0 0
0 0
0 0
10574 -20854
0 0
0 0
0 0
-6586 -24474
0 0
0 0
0 0
0 0
0 0
0 0
3815 13395
0 0
0 0
0 0
0 0
0 0
-11974 11484
0 0
0 0
0 0
5451 -28203
4808 20664
0 0
0 0
0 0
0 0
0 0
0 0
0 0
0 0
-26326 16386
0 0
0 0
0 0
0 0
-29262 19458
0 0
0 0
0 0
0 0
0 0
0 0
-9896 28230
0 0
-8644 -27237
0 0
0 0
0 0
0 0
0 0
0 0
8736 -7264
0 0
0 0
0 0
0 0
0 0
0 0
-6184 31564
0 0
0 0
14101 20534
0 0
0 0
0 0
0 0
7138 -21046
-4459 -27301
0 0
0 0
6842 16345
-27200 6149
24498 23985
15565 -6748
-25687 -9538
0 0
0 0
0 0
0 0
0 0
-4268 30260
29930 17209
0 0
0 0
0 0
0 0
0 0
0 0
0 0
11467 -19785
10926 -5409
0 0
0 0
0 0
0 0
0 0
0 0
0 0
0 0
0 0
0 0
0 0
0 0
0 0
0 0
0 0
0 0
0 0
0 0
-25625 -22241
0 0
0 0
0 0
-26478 2496
-24967 18496
0 0
0 0
0 0
0 0
14762 -25094
31736 15652
0 0
0 0
-5655 -27241
0 0
0 0
-18542 4556
0 0
0 0
0 0
0 0
5070 15826
0 0
0 0
0 0
0 0
-27542 -26528
0 0
0 0
0 0
0 0
0 0
0 0
0 0
0 0
6532 5864
0 0
0 0
-16160 -14592
0 0
0 0
0 0
0 0
0 0
0 0
0 0
0 0
0 0
0 0
0 0
0 0
0 0
0 0
0 0
0 0
-4824 6984
0 0
0 0
0 0
31664 4139
0 0
0 0
0 0
0 0
0 0
0 0
0 0
0 0
0 0
0 0
0 0
6542 15680
0 0
0 0
0 0
0 0
0 0
0 0
0 0
0 0
0 0
0 0
0 0
0 0
0 0
-26520 -392
-14671 26846
-32023 -21363
14397 -19773
0 0
0 0
0 0
19013 -25059
0 0
0 0
6115 -5392
0 0
-32064 24644
0 0
0 0
0 0
0 0
0 0
0 0
0 0
0 0
0 0
0 0
0 0
0 0
0 0
0 0
0 0
0 0
0 0
0 0
0 0
0 0
0 0
0 0
0 0
-7341 -32437
0 0
0 0
0 0
0 0
27625 -27159
0 0
0 0
20418 32524
0 0
0 0
24455 -25771
0 0
0 0
0 0
0 0
0 0
-30940 -18780
-25104 -21872
0 0
0 0
-17955 -31279
0 0
0 0
0 0
0 0
0 0
0 0
0 0
0 0
0 0
0 0
0 0
0 0
0 0
-16152 25969
0 0
0 0
0 0
0 0
0 0
-29848 -7499
0 0
0 0
0 0
0 0
2216 -6808
-27170 -16549
16190 -24710
0 0
9102 -14162
0 0
0 0
0 0
0 0
0 0
0 0
0 0
0 0
0 0
0 0
0 0
0 0
0 0
0 0
0 0
0 0
0 0
0 0
-2818 16202
0 0
0 0
0 0
0 0
13820 -20104
0 0
0 0
0 0
0 0
0 0
0 0
0 0
28091 4343
0 0
0 0
0 0
0 0
0 0
0 0
0 0
0 0
-368 -12190
0 0
0 0
17246 19385
0 0
0 0
0 0
0 0
0 0
0 0
0 0
-8806 7326
-14476 2148
-17655 -17474
0 0
0 0
0 0
3824 -7176
0 0
0 0
0 0
0 0
0 0
27681 7025
0 0
-7988 -28754
0 0
3560 20816
6016 15176
0 0
0 0
-7314 -25146
0 0
0 0
0 0
0 0
0 0
17502 -29342
0 0
0 0
0 0
0 0
22332 1274
31467 31186
0 0
0 0
0 0
0 0
0 0
0 0
-29009 -24730
0 0
0 0
12237 19923
0 0
0 -32768
23760 -3540
-27088 -4675
0 0
0 0
0 0
0 0
0 0
0 0
-4722 -8093
0 0
0 0
0 0
0 0
0 0
0 0
0 0
0 0
0 0
0 0
0 0
0 0
-11388 -20648
0 0
0 0
0 0
0 0
0 0
0 0
15351 -8095
-10116 11803
0 0
0 0
0 0
0 0
0 0
0 0
0 0
0 0
0 0
16906 29627
0 0
0 0
0 0
0 0
0 0
0 0
0 0
0 0
0 0
0 0
0 0
0 0
14555 20353
0 0
0 0
0 0
0 0
16488 -21722
0 0
0 0
0 0
0 0
15061 -16439
30058 28206
0 0
0 0
0 0
30762 -28512
0 0
0 0
0 0
15344 -28540
0 0
-52 16652
0 0
0 0
17709 3177
0 0
0 0
0 0
0 0
0 0
0 0
0 0
0 0
0 0
0 0
0 0
0 0
0 0
0 0
0 0
0 0
0 0
0 0
0 0
0 0
0 0
0 0
0 0
0 0
0 0
0 0
0 0
0 0
0 0
0 0
0 0
-3354 22640
3860 14798
-14986 17798
0 0
0 0
0 0
-27789 -29180
12319 5527
0 0
0 0
-14937 11797
0 0
0 0
0 0
0 0
0 0
0 0
0 0
0 0
0 0
0 0
0 0
0 0
0 0
0 0
0 0
0 0
-16977 22751
0 0
0 0
0 0
0 0
0 0
0 0
0 0
0 0
0 0
-32280 25594
0 0
0 0
30926 25000
0 0
0 0
0 0
0 0
0 0
0 0
0 0
0 0
0 0
0 0
0 0
0 0
0 0
-12639 9777
0 0
0 0
0 0
22000 25828
0 0
0 0
0 0
0 0
0 0
0 0
0 0
0 0
0 0
0 0
0 0
0 0
0 0
0 0
0 0
0 0
0 0
13479 25955
0 0
0 0
0 0
0 0
0 0
0 0
17530 19766
-24891 -14077
0 0
9482 20090
0 0
0 0
0 0
0 0
0 0
0 0
0 0
0 0
0 0
0 0
0 0
-26191 23041
0 0
0 0
7496 18477
0 0
0 0
0 0
0 0
0 0
-13474 -13599
0 0
0 0
-7818 -13274
0 0
0 0
0 0
0 0
0 0
0 0
0 0
24187 6275
0 0
0 0
-29 9981
0 0
0 0
0 0
0 0
0 0
6031 -426
0 0
0 0
0 0
-3413 13089
0 0
0 0
0 0
0 0
3694 30957
0 0
0 0
0 0
-3503 -21963
0 0
0 0
-30617 -1310
-10640 -8796
0 0
0 0
