600 0
398 0
698 0
356 0
1064 0
771 0
529 0
108 0
1164 0
112 0
1353 0
1053 0
1005 0
1073 0
767 0
624 0
812 0
1493 0
473 0
725 0
736 0
1040 0
453 0
1431 0
935 0
1187 0
1104 0
988 0
1259 0
715 0
362 0
445 0
395 0
1871 0
1166 0
951 0
478 0
653 0
932 0
1342 0
664 0
963 0
793 0
867 0
675 0
918 0
1408 0
1595 0
116 0
917 0
702 0
1205 0
899 0
288 0
260 0
1270 0
1031 0
728 0
730 0
1367 0
1227 0
737 0
682 0
1111 0
1084 0
638 0
382 0
619 0
1664 0
805 0
811 0
559 0
543 0
116 0
232 0
526 0
570 0
942 0
559 0
764 0
905 0
674 0
500 0
633 0
1765 0
660 0
365 0
730 0
1615 0
630 0
722 0
62 0
1237 0
1515 0
239 0
269 0
1475 0
1252 0
1844 0
585 0
868 0
919 0
935 0
221 0
798 0
763 0
598 0
277 0
495 0
1096 0
347 0
396 0
1208 0
1212 0
355 0
821 0
1253 0
496 0
712 0
836 0
70 0
1250 0
911 0
1661 0
906 0
1972 0
935 0
688 0
649 0
1590 0
662 0
259 0
461 0
665 0
760 0
891 0
214 0
556 0
1604 0
575 0
413 0
210 0
679 0
979 0
866 0
527 0
956 0
718 0
232 0
1452 0
1060 0
632 0
1144 0
388 0
493 0
798 0
1098 0
1011 0
645 0
1589 0
1593 0
160 0
1091 0
614 0
1146 0
260 0
365 0
836 0
1237 0
711 0
611 0
604 0
401 0
286 0
1060 0
1483 0
1335 0
1123 0
1067 0
584 0
941 0
1180 0
1346 0
619 0
1045 0
1189 0
557 0
1634 0
658 0
549 0
988 0
578 0
724 0
1152 0
130 0
1376 0
362 0
433 0
944 0
1033 0
500 0
505 0
1419 0
1139 0
986 0
707 0
1356 0
764 0
478 0
1151 0
548 0
702 0
1264 0
1223 0
197 0
1497 0
1036 0
513 0
771 0
22 0
744 0
1974 0
632 0
528 0
650 0
987 0
997 0
334 0
1204 0
918 0
1150 0
975 0
619 0
448 0
535 0
728 0
882 0
1686 0
785 0
386 0
1426 0
1147 0
1064 0
788 0
1785 0
793 0
721 0
543 0
596 0
1091 0
389 0
650 0
787 0
267 0
367 0
1358 0
637 0
1158 0
1538 0
664 0
688 0
868 0
494 0
1541 0
1437 0
668 0
514 0
1034 0
1126 0
359 0
1697 0
852 0
1457 0
437 0
1035 0
378 0
1487 0
145 0
526 0
264 0
526 0
646 0
961 0
568 0
450 0
412 0
414 0
1027 0
823 0
1096 0
1090 0
1124 0
1032 0
351 0
350 0
853 0
574 0
1151 0
1015 0
888 0
265 0
513 0
965 0
1063 0
247 0
508 0
460 0
382 0
659 0
672 0
914 0
504 0
814 0
997 0
668 0
380 0
984 0
540 0
830 0
236 0
566 0
1358 0
450 0
878 0
392 0
360 0
651 0
1552 0
638 0
1103 0
373 0
1006 0
1565 0
637 0
834 0
625 0
974 0
966 0
1611 0
969 0
462 0
1546 0
1487 0
877 0
790 0
415 0
438 0
868 0
1065 0
1055 0
356 0
1254 0
689 0
2044 0
343 0
1199 0
648 0
1147 0
1741 0
548 0
609 0
691 0
738 0
884 0
703 0
573 0
467 0
834 0
487 0
2148 0
239 0
725 0
1222 0
598 0
1022 0
1070 0
816 0
485 0
1199 0
835 0
520 0
1043 0
233 0
1089 0
290 0
1438 0
1630 0
706 0
824 0
1037 0
477 0
367 0
903 0
701 0
1447 0
543 0
644 0
661 0
1108 0
1213 0
539 0
450 0
478 0
441 0
853 0
634 0
902 0
695 0
688 0
735 0
385 0
781 0
2375 0
846 0
698 0
558 0
1133 0
833 0
171 0
458 0
136 0
704 0
1040 0
632 0
1213 0
532 0
843 0
10 0
1132 0
950 0
230 0
828 0
1391 0
1304 0
1327 0
772 0
1065 0
550 0
1441 0
789 0
1057 0
863 0
1211 0
176 0
1172 0
1724 0
61 0
810 0
1243 0
1248 0
777 0
204 0
750 0
394 0
1030 0
1441 0
500 0
2219 0
2013 0
195 0
331 0
208 0
1016 0
766 0
471 0
1000 0
100 0
1015 0
1163 0
442 0
1015 0
447 0
614 0
1280 0
749 0
1139 0
633 0
166 0
682 0
996 0
806 0
927 0
1480 0
892 0
516 0
1178 0
475 0
523 0
540 0
438 0
973 0
242 0
1161 0
1487 0
625 0
1107 0
1319 0
1096 0
497 0
817 0
787 0
802 0
476 0
363 0
901 0
697 0
478 0
411 0
765 0
831 0
1027 0
1090 0
937 0
1129 0
1690 0
1062 0
1501 0
420 0
740 0
238 0
1232 0
542 0
166 0
1046 0
1060 0
787 0
336 0
556 0
1418 0
1052 0
410 0
940 0
1118 0
619 0
631 0
1301 0
1343 0
1004 0
333 0
312 0
851 0
1109 0
1265 0
679 0
1041 0
643 0
1020 0
1116 0
1472 0
930 0
998 0
545 0
89 0
741 0
1975 0
1005 0
1025 0
910 0
226 0
889 0
766 0
384 0
781 0
1591 0
796 0
233 0
924 0
1095 0
490 0
1017 0
620 0
210 0
417 0
816 0
935 0
467 0
434 0
958 0
409 0
377 0
737 0
291 0
1093 0
59 0
748 0
128 0
1096 0
767 0
1473 0
1364 0
958 0
966 0
387 0
820 0
923 0
874 0
1042 0
682 0
837 0
864 0
402 0
469 0
391 0
1127 0
1464 0
202 0
620 0
348 0
417 0
679 0
853 0
828 0
1064 0
737 0
718 0
1867 0
613 0
1346 0
835 0
829 0
1926 0
891 0
82 0
1608 0
287 0
1226 0
1181 0
218 0
553 0
732 0
985 0
79 0
554 0
1727 0
519 0
1298 0
1310 0
444 0
642 0
653 0
736 0
1303 0
786 0
1253 0
825 0
630 0
708 0
1084 0
592 0
1680 0
611 0
963 0
1246 0
617 0
1895 0
227 0
330 0
746 0
383 0
856 0
760 0
1073 0
275 0
174 0
252 0
698 0
729 0
668 0
440 0
917 0
367 0
602 0
832 0
740 0
504 0
573 0
1227 0
697 0
410 0
1291 0
1697 0
551 0
1440 0
891 0
815 0
495 0
352 0
928 0
1552 0
839 0
1065 0
295 0
355 0
1019 0
226 0
630 0
530 0
929 0
405 0
487 0
552 0
838 0
382 0
890 0
1104 0
402 0
1376 0
1284 0
1259 0
1829 0
81 0
1321 0
1379 0
168 0
817 0
1179 0
828 0
429 0
1194 0
1182 0
985 0
1301 0
1414 0
62 0
1516 0
1436 0
915 0
776 0
367 0
545 0
1324 0
811 0
542 0
385 0
626 0
563 0
1016 0
426 0
517 0
778 0
584 0
866 0
493 0
1134 0
398 0
1087 0
476 0
856 0
133 0
375 0
1050 0
292 0
902 0
1196 0
1422 0
824 0
862 0
473 0
837 0
1495 0
474 0
881 0
2035 0
646 0
559 0
572 0
1625 0
1156 0
181 0
1454 0
1306 0
922 0
542 0
944 0
486 0
1121 0
982 0
257 0
1216 0
663 0
1297 0
878 0
641 0
1510 0
1218 0
607 0
811 0
894 0
645 0
975 0
1229 0
1061 0
239 0
784 0
826 0
1366 0
1771 0
932 0
564 0
931 0
917 0
544 0
185 0
847 0
51 0
1662 0
1228 0
673 0
1742 0
1350 0
911 0
1140 0
776 0
240 0
427 0
583 0
801 0
770 0
1138 0
765 0
383 0
162 0
762 0
722 0
1450 0
1274 0
954 0
1417 0
616 0
468 0
889 0
383 0
967 0
837 0
408 0
1059 0
633 0
328 0
200 0
1077 0
1150 0
471 0
573 0
1813 0
782 0
610 0
550 0
1312 0
1025 0
1891 0
1495 0
413 0
173 0
799 0
787 0
763 0
438 0
925 0
775 0
439 0
1419 0
729 0
832 0
1276 0
1676 0
548 0
717 0
449 0
325 0
738 0
1426 0
1024 0
298 0
591 0
921 0
478 0
474 0
974 0
1326 0
759 0
2271 0
1106 0
1117 0
703 0
1170 0
1475 0
844 0
1172 0
1070 0
1063 0
441 0
313 0
725 0
1359 0
751 0
753 0
1574 0
201 0
344 0
1340 0
555 0
238 0
704 0
1314 0
956 0
1225 0
1041 0
495 0
1032 0
1013 0
351 0
1261 0
295 0
363 0
93 0
622 0
743 0
1127 0
1264 0
291 0
500 0
594 0
1158 0
494 0
543 0
1735 0
1313 0
391 0
197 0
1664 0
860 0
1337 0
760 0
1056 0
941 0
528 0
884 0
898 0
790 0
136 0
1067 0
590 0
262 0
909 0
484 0
293 0
1453 0
1157 0
592 0
568 0
970 0
1467 0
1026 0
109 0
1192 0
296 0
948 0
534 0
883 0
1401 0
1180 0
658 0
299 0
794 0
724 0
632 0
1104 0
653 0
307 0
1088 0
1078 0
740 0
369 0
769 0
373 0
1172 0
303 0
1233 0
599 0
1256 0
1090 0
670 0
554 0
1463 0
450 0
652 0
732 0
1834 0
1490 0
924 0
645 0
907 0
109 0
1477 0
1144 0
832 0
1121 0
1368 0
329 0
1907 0
535 0
912 0
1541 0
1155 0
658 0
558 0
384 0
629 0
1337 0
964 0
776 0
274 0
602 0
767 0
539 0
1257 0
655 0
320 0
1261 0
558 0
894 0
100 0
981 0
1174 0
600 0
398 0
698 0
356 0
1064 0
771 0
529 0
108 0
1164 0
112 0
1353 0
1053 0
1005 0
1073 0
767 0
624 0
812 0
1493 0
473 0
725 0
736 0
1040 0
453 0
1431 0
935 0
1187 0
1104 0
988 0
1259 0
715 0
362 0
445 0
395 0
1871 0
1166 0
951 0
478 0
653 0
932 0
1342 0
664 0
963 0
793 0
867 0
675 0
918 0
1408 0
1595 0
116 0
917 0
702 0
1205 0
899 0
288 0
260 0
1270 0
1031 0
728 0
730 0
1367 0
1227 0
737 0
682 0
1111 0
1084 0
638 0
382 0
619 0
1664 0
805 0
811 0
559 0
543 0
116 0
232 0
526 0
570 0
942 0
559 0
764 0
905 0
674 0
500 0
633 0
1765 0
660 0
365 0
730 0
1615 0
630 0
722 0
62 0
1237 0
1515 0
239 0
269 0
1475 0
1252 0
1844 0
585 0
868 0
919 0
935 0
221 0
798 0
763 0
598 0
277 0
495 0
1096 0
347 0
396 0
1208 0
1212 0
355 0
821 0
1253 0
496 0
712 0
836 0
70 0
1250 0
911 0
1661 0
906 0
1972 0
935 0
688 0
649 0
1590 0
662 0
259 0
461 0
665 0
760 0
891 0
214 0
556 0
1604 0
575 0
413 0
210 0
679 0
979 0
866 0
527 0
956 0
718 0
232 0
1452 0
1060 0
632 0
1144 0
388 0
493 0
798 0
1098 0
1011 0
645 0
1589 0
1593 0
160 0
1091 0
614 0
1146 0
260 0
365 0
836 0
1237 0
711 0
611 0
604 0
401 0
286 0
1060 0
1483 0
1335 0
1123 0
1067 0
584 0
941 0
1180 0
1346 0
619 0
1045 0
1189 0
557 0
1634 0
658 0
549 0
988 0
578 0
724 0
1152 0
130 0
1376 0
362 0
433 0
944 0
1033 0
500 0
505 0
1419 0
1139 0
986 0
707 0
1356 0
764 0
478 0
1151 0
548 0
702 0
1264 0
1223 0
197 0
1497 0
1036 0
513 0
771 0
22 0
744 0
1974 0
632 0
528 0
650 0
987 0
997 0
334 0
1204 0
918 0
1150 0
975 0
619 0
448 0
535 0
728 0
882 0
1686 0
785 0
386 0
1426 0
1147 0
1064 0
788 0
1785 0
793 0
721 0
543 0
596 0
1091 0
389 0
650 0
787 0
267 0
367 0
1358 0
637 0
1158 0
1538 0
664 0
688 0
868 0
494 0
1541 0
1437 0
668 0
514 0
1034 0
1126 0
359 0
1697 0
852 0
1457 0
437 0
1035 0
378 0
1487 0
145 0
526 0
264 0
526 0
646 0
961 0
568 0
450 0
412 0
414 0
1027 0
823 0
1096 0
1090 0
1124 0
1032 0
351 0
350 0
853 0
574 0
1151 0
1015 0
888 0
265 0
513 0
965 0
1063 0
247 0
508 0
460 0
382 0
659 0
672 0
914 0
504 0
814 0
997 0
668 0
380 0
984 0
540 0
830 0
236 0
566 0
1358 0
450 0
878 0
392 0
360 0
651 0
1552 0
638 0
1103 0
373 0
1006 0
1565 0
637 0
834 0
625 0
974 0
966 0
1611 0
969 0
462 0
1546 0
1487 0
877 0
790 0
415 0
438 0
868 0
1065 0
1055 0
356 0
1254 0
689 0
2044 0
343 0
1199 0
648 0
1147 0
1741 0
548 0
609 0
691 0
738 0
884 0
703 0
573 0
467 0
834 0
487 0
2148 0
239 0
725 0
1222 0
598 0
1022 0
1070 0
816 0
485 0
1199 0
835 0
520 0
1043 0
233 0
1089 0
290 0
1438 0
1630 0
706 0
824 0
1037 0
477 0
367 0
903 0
701 0
1447 0
543 0
644 0
661 0
1108 0
1213 0
539 0
450 0
478 0
441 0
853 0
634 0
902 0
695 0
688 0
735 0
385 0
781 0
2375 0
846 0
698 0
558 0
1133 0
833 0
171 0
458 0
136 0
704 0
1040 0
632 0
1213 0
532 0
843 0
10 0
1132 0
950 0
230 0
828 0
1391 0
1304 0
1327 0
772 0
1065 0
550 0
1441 0
789 0
1057 0
863 0
1211 0
176 0
1172 0
1724 0
61 0
810 0
1243 0
1248 0
777 0
204 0
750 0
394 0
1030 0
1441 0
500 0
2219 0
2013 0
195 0
331 0
208 0
1016 0
766 0
471 0
1000 0
100 0
1015 0
1163 0
442 0
1015 0
447 0
614 0
1280 0
749 0
1139 0
633 0
166 0
682 0
996 0
806 0
927 0
1480 0
892 0
516 0
1178 0
475 0
523 0
540 0
438 0
973 0
242 0
1161 0
1487 0
625 0
1107 0
1319 0
1096 0
497 0
817 0
787 0
802 0
476 0
363 0
901 0
697 0
478 0
411 0
765 0
831 0
1027 0
1090 0
937 0
1129 0
1690 0
1062 0
1501 0
420 0
740 0
238 0
1232 0
542 0
166 0
1046 0
1060 0
787 0
336 0
556 0
1418 0
1052 0
410 0
940 0
1118 0
619 0
631 0
1301 0
1343 0
1004 0
333 0
312 0
851 0
1109 0
1265 0
679 0
1041 0
643 0
1020 0
1116 0
1472 0
930 0
998 0
545 0
89 0
741 0
1975 0
1005 0
1025 0
910 0
226 0
889 0
766 0
384 0
781 0
1591 0
796 0
233 0
924 0
1095 0
490 0
1017 0
620 0
210 0
417 0
816 0
935 0
467 0
434 0
958 0
409 0
377 0
737 0
291 0
1093 0
59 0
748 0
128 0
1096 0
767 0
1473 0
1364 0
958 0
966 0
387 0
820 0
923 0
874 0
1042 0
682 0
837 0
864 0
402 0
469 0
391 0
1127 0
1464 0
202 0
620 0
348 0
417 0
679 0
853 0
828 0
1064 0
737 0
718 0
1867 0
613 0
1346 0
835 0
829 0
1926 0
891 0
82 0
1608 0
287 0
1226 0
1181 0
218 0
553 0
732 0
985 0
79 0
554 0
1727 0
519 0
1298 0
1310 0
444 0
642 0
653 0
736 0
1303 0
786 0
1253 0
825 0
630 0
708 0
1084 0
592 0
1680 0
611 0
963 0
1246 0
617 0
1895 0
227 0
330 0
746 0
383 0
856 0
760 0
1073 0
275 0
174 0
252 0
698 0
729 0
668 0
440 0
917 0
367 0
602 0
832 0
740 0
504 0
573 0
1227 0
697 0
410 0
1291 0
1697 0
551 0
1440 0
891 0
815 0
495 0
352 0
928 0
1552 0
839 0
1065 0
295 0
355 0
1019 0
226 0
630 0
530 0
929 0
405 0
487 0
552 0
838 0
382 0
890 0
1104 0
402 0
1376 0
1284 0
1259 0
1829 0
81 0
1321 0
1379 0
168 0
817 0
1179 0
828 0
429 0
1194 0
1182 0
985 0
1301 0
1414 0
62 0
1516 0
1436 0
915 0
776 0
367 0
545 0
1324 0
811 0
542 0
385 0
626 0
563 0
1016 0
426 0
517 0
778 0
584 0
866 0
493 0
1134 0
398 0
1087 0
476 0
856 0
133 0
375 0
1050 0
292 0
902 0
1196 0
1422 0
824 0
862 0
473 0
837 0
1495 0
474 0
881 0
2035 0
646 0
559 0
572 0
1625 0
1156 0
181 0
1454 0
1306 0
922 0
542 0
944 0
486 0
1121 0
982 0
257 0
1216 0
663 0
1297 0
878 0
641 0
1510 0
1218 0
607 0
811 0
894 0
645 0
975 0
1229 0
1061 0
239 0
784 0
826 0
1366 0
1771 0
932 0
564 0
931 0
917 0
544 0
185 0
847 0
51 0
1662 0
1228 0
673 0
1742 0
1350 0
911 0
1140 0
776 0
240 0
427 0
583 0
801 0
770 0
1138 0
765 0
383 0
162 0
762 0
722 0
1450 0
1274 0
954 0
1417 0
616 0
468 0
889 0
383 0
967 0
837 0
408 0
1059 0
633 0
328 0
200 0
1077 0
1150 0
471 0
573 0
1813 0
782 0
610 0
550 0
1312 0
1025 0
1891 0
1495 0
413 0
173 0
799 0
787 0
763 0
438 0
925 0
775 0
439 0
1419 0
729 0
832 0
1276 0
1676 0
548 0
717 0
449 0
325 0
738 0
1426 0
1024 0
298 0
591 0
921 0
478 0
474 0
974 0
1326 0
759 0
2271 0
1106 0
1117 0
703 0
1170 0
1475 0
844 0
1172 0
1070 0
1063 0
441 0
313 0
725 0
1359 0
751 0
753 0
1574 0
201 0
344 0
1340 0
555 0
238 0
704 0
1314 0
956 0
1225 0
1041 0
495 0
1032 0
1013 0
351 0
1261 0
295 0
363 0
93 0
622 0
743 0
1127 0
1264 0
291 0
500 0
594 0
1158 0
494 0
543 0
1735 0
1313 0
391 0
197 0
1664 0
860 0
1337 0
760 0
1056 0
941 0
528 0
884 0
898 0
790 0
136 0
1067 0
590 0
262 0
909 0
484 0
293 0
1453 0
1157 0
592 0
568 0
970 0
1467 0
1026 0
109 0
1192 0
296 0
948 0
534 0
883 0
1401 0
1180 0
658 0
299 0
794 0
724 0
632 0
1104 0
653 0
307 0
1088 0
1078 0
740 0
369 0
769 0
373 0
1172 0
303 0
1233 0
599 0
1256 0
1090 0
670 0
554 0
1463 0
450 0
652 0
732 0
1834 0
1490 0
924 0
645 0
907 0
109 0
1477 0
1144 0
832 0
1121 0
1368 0
329 0
1907 0
535 0
912 0
1541 0
1155 0
658 0
558 0
384 0
629 0
1337 0
964 0
776 0
274 0
602 0
767 0
539 0
1257 0
655 0
320 0
1261 0
558 0
894 0
100 0
981 0
1174 0
600 0
398 0
698 0
356 0
1064 0
771 0
529 0
108 0
1164 0
112 0
1353 0
1053 0
1005 0
1073 0
767 0
624 0
812 0
1493 0
473 0
725 0
736 0
1040 0
453 0
1431 0
935 0
1187 0
1104 0
988 0
1259 0
715 0
362 0
445 0
395 0
1871 0
1166 0
951 0
478 0
653 0
932 0
1342 0
664 0
963 0
793 0
867 0
675 0
918 0
1408 0
1595 0
116 0
917 0
702 0
1205 0
899 0
288 0
260 0
1270 0
1031 0
728 0
730 0
1367 0
1227 0
737 0
682 0
1111 0
1084 0
638 0
382 0
619 0
1664 0
805 0
811 0
559 0
543 0
116 0
232 0
526 0
570 0
942 0
559 0
764 0
905 0
674 0
500 0
633 0
1765 0
660 0
365 0
730 0
1615 0
630 0
722 0
62 0
1237 0
1515 0
239 0
269 0
1475 0
1252 0
1844 0
585 0
868 0
919 0
935 0
221 0
798 0
763 0
598 0
277 0
495 0
1096 0
347 0
396 0
1208 0
1212 0
355 0
821 0
1253 0
496 0
712 0
836 0
70 0
1250 0
911 0
1661 0
906 0
1972 0
935 0
688 0
649 0
1590 0
662 0
259 0
461 0
665 0
760 0
891 0
214 0
556 0
1604 0
575 0
413 0
210 0
679 0
979 0
866 0
527 0
956 0
718 0
232 0
1452 0
1060 0
632 0
1144 0
388 0
493 0
798 0
1098 0
1011 0
645 0
1589 0
1593 0
160 0
1091 0
614 0
1146 0
260 0
365 0
836 0
1237 0
711 0
611 0
604 0
401 0
286 0
1060 0
1483 0
1335 0
1123 0
1067 0
584 0
941 0
1180 0
1346 0
619 0
1045 0
1189 0
557 0
1634 0
658 0
549 0
988 0
578 0
724 0
1152 0
130 0
1376 0
362 0
433 0
944 0
1033 0
500 0
505 0
1419 0
1139 0
986 0
707 0
1356 0
764 0
478 0
1151 0
548 0
702 0
1264 0
1223 0
197 0
1497 0
1036 0
513 0
771 0
22 0
744 0
1974 0
632 0
528 0
650 0
987 0
997 0
334 0
1204 0
918 0
1150 0
975 0
619 0
448 0
535 0
728 0
882 0
1686 0
785 0
386 0
1426 0
1147 0
1064 0
788 0
1785 0
793 0
721 0
543 0
596 0
1091 0
389 0
650 0
787 0
267 0
367 0
1358 0
637 0
1158 0
1538 0
664 0
688 0
868 0
494 0
1541 0
1437 0
668 0
514 0
1034 0
1126 0
359 0
1697 0
852 0
1457 0
437 0
1035 0
378 0
1487 0
145 0
526 0
264 0
526 0
646 0
961 0
568 0
450 0
412 0
414 0
1027 0
823 0
1096 0
1090 0
1124 0
1032 0
351 0
350 0
853 0
574 0
1151 0
1015 0
888 0
265 0
513 0
965 0
1063 0
247 0
508 0
460 0
382 0
659 0
672 0
914 0
504 0
814 0
997 0
668 0
380 0
984 0
540 0
830 0
236 0
566 0
1358 0
450 0
878 0
392 0
360 0
651 0
1552 0
638 0
1103 0
373 0
1006 0
1565 0
637 0
834 0
625 0
974 0
966 0
1611 0
969 0
462 0
1546 0
1487 0
877 0
790 0
415 0
438 0
868 0
1065 0
1055 0
356 0
1254 0
689 0
2044 0
343 0
1199 0
648 0
1147 0
1741 0
548 0
609 0
691 0
738 0
884 0
703 0
573 0
467 0
834 0
487 0
2148 0
239 0
725 0
1222 0
598 0
1022 0
1070 0
816 0
485 0
1199 0
835 0
520 0
1043 0
233 0
1089 0
290 0
1438 0
1630 0
706 0
824 0
1037 0
477 0
367 0
903 0
701 0
1447 0
543 0
644 0
661 0
1108 0
1213 0
539 0
450 0
478 0
441 0
853 0
634 0
902 0
695 0
688 0
735 0
385 0
781 0
2375 0
846 0
698 0
558 0
1133 0
833 0
171 0
458 0
136 0
704 0
1040 0
632 0
1213 0
532 0
843 0
10 0
1132 0
950 0
230 0
828 0
1391 0
1304 0
1327 0
772 0
1065 0
550 0
1441 0
789 0
1057 0
863 0
1211 0
176 0
1172 0
1724 0
61 0
810 0
1243 0
1248 0
777 0
204 0
750 0
394 0
1030 0
1441 0
500 0
2219 0
2013 0
195 0
331 0
208 0
1016 0
766 0
471 0
1000 0
100 0
1015 0
1163 0
442 0
1015 0
447 0
614 0
1280 0
749 0
1139 0
633 0
166 0
682 0
996 0
806 0
927 0
1480 0
892 0
516 0
1178 0
475 0
523 0
540 0
438 0
973 0
242 0
1161 0
1487 0
625 0
1107 0
1319 0
1096 0
497 0
817 0
787 0
802 0
476 0
363 0
901 0
697 0
478 0
411 0
765 0
831 0
1027 0
1090 0
937 0
1129 0
1690 0
1062 0
1501 0
420 0
740 0
238 0
1232 0
542 0
166 0
1046 0
1060 0
787 0
336 0
556 0
1418 0
1052 0
410 0
940 0
1118 0
619 0
631 0
1301 0
1343 0
1004 0
333 0
312 0
851 0
1109 0
1265 0
679 0
1041 0
643 0
1020 0
1116 0
1472 0
930 0
998 0
545 0
89 0
741 0
1975 0
1005 0
1025 0
910 0
226 0
889 0
766 0
384 0
781 0
1591 0
796 0
233 0
924 0
1095 0
490 0
1017 0
620 0
210 0
417 0
816 0
935 0
467 0
434 0
958 0
409 0
377 0
737 0
291 0
1093 0
59 0
748 0
128 0
1096 0
767 0
1473 0
1364 0
958 0
966 0
387 0
820 0
923 0
874 0
1042 0
682 0
837 0
864 0
402 0
469 0
391 0
1127 0
1464 0
202 0
620 0
348 0
417 0
679 0
853 0
828 0
1064 0
737 0
718 0
1867 0
613 0
1346 0
835 0
829 0
1926 0
891 0
82 0
1608 0
287 0
1226 0
1181 0
218 0
553 0
732 0
985 0
79 0
554 0
1727 0
519 0
1298 0
1310 0
444 0
642 0
653 0
736 0
1303 0
786 0
1253 0
825 0
630 0
708 0
1084 0
592 0
1680 0
611 0
963 0
1246 0
617 0
1895 0
227 0
330 0
746 0
383 0
856 0
760 0
1073 0
275 0
174 0
252 0
698 0
729 0
668 0
440 0
917 0
367 0
602 0
832 0
740 0
504 0
573 0
1227 0
697 0
410 0
1291 0
1697 0
551 0
1440 0
891 0
815 0
495 0
352 0
928 0
1552 0
839 0
1065 0
295 0
355 0
1019 0
226 0
630 0
530 0
929 0
405 0
487 0
552 0
838 0
382 0
890 0
1104 0
402 0
1376 0
1284 0
1259 0
1829 0
81 0
1321 0
1379 0
168 0
817 0
1179 0
828 0
429 0
1194 0
1182 0
985 0
1301 0
1414 0
62 0
1516 0
1436 0
915 0
776 0
367 0
545 0
1324 0
811 0
542 0
385 0
626 0
563 0
1016 0
426 0
517 0
778 0
584 0
866 0
493 0
1134 0
398 0
1087 0
476 0
856 0
133 0
375 0
1050 0
292 0
902 0
1196 0
1422 0
824 0
862 0
473 0
837 0
1495 0
474 0
881 0
2035 0
646 0
559 0
572 0
1625 0
1156 0
181 0
1454 0
1306 0
922 0
542 0
944 0
486 0
1121 0
982 0
257 0
1216 0
663 0
1297 0
878 0
641 0
1510 0
1218 0
607 0
811 0
894 0
645 0
975 0
1229 0
1061 0
239 0
784 0
826 0
1366 0
1771 0
932 0
564 0
931 0
917 0
544 0
185 0
847 0
51 0
1662 0
1228 0
673 0
1742 0
1350 0
911 0
1140 0
776 0
240 0
427 0
583 0
801 0
770 0
1138 0
765 0
383 0
162 0
762 0
722 0
1450 0
1274 0
954 0
1417 0
616 0
468 0
889 0
383 0
967 0
837 0
408 0
1059 0
633 0
328 0
200 0
1077 0
1150 0
471 0
573 0
1813 0
782 0
610 0
550 0
1312 0
1025 0
1891 0
1495 0
413 0
173 0
799 0
787 0
763 0
438 0
925 0
775 0
439 0
1419 0
729 0
832 0
1276 0
1676 0
548 0
717 0
449 0
325 0
738 0
1426 0
1024 0
298 0
591 0
921 0
478 0
474 0
974 0
1326 0
759 0
2271 0
1106 0
1117 0
703 0
1170 0
1475 0
844 0
1172 0
1070 0
1063 0
441 0
313 0
725 0
1359 0
751 0
753 0
1574 0
201 0
344 0
1340 0
555 0
238 0
704 0
1314 0
956 0
1225 0
1041 0
495 0
1032 0
1013 0
351 0
1261 0
295 0
363 0
93 0
622 0
743 0
1127 0
1264 0
291 0
500 0
594 0
1158 0
494 0
543 0
1735 0
1313 0
391 0
197 0
1664 0
860 0
1337 0
760 0
1056 0
941 0
528 0
884 0
898 0
790 0
136 0
1067 0
590 0
262 0
909 0
484 0
293 0
1453 0
1157 0
592 0
568 0
970 0
1467 0
1026 0
109 0
1192 0
296 0
948 0
534 0
883 0
1401 0
1180 0
658 0
299 0
794 0
724 0
632 0
1104 0
653 0
307 0
1088 0
1078 0
740 0
369 0
769 0
373 0
1172 0
303 0
1233 0
599 0
1256 0
1090 0
670 0
554 0
1463 0
450 0
652 0
732 0
1834 0
1490 0
924 0
645 0
907 0
109 0
1477 0
1144 0
832 0
1121 0
1368 0
329 0
1907 0
535 0
912 0
1541 0
1155 0
658 0
558 0
384 0
629 0
1337 0
964 0
776 0
274 0
602 0
767 0
539 0
1257 0
655 0
320 0
1261 0
558 0
894 0
100 0
981 0
1174 0
600 0
398 0
698 0
356 0
1064 0
771 0
529 0
108 0
1164 0
112 0
1353 0
1053 0
1005 0
1073 0
767 0
624 0
812 0
1493 0
473 0
725 0
736 0
1040 0
453 0
1431 0
935 0
1187 0
1104 0
988 0
1259 0
715 0
362 0
445 0
395 0
1871 0
1166 0
951 0
478 0
653 0
932 0
1342 0
664 0
963 0
793 0
867 0
675 0
918 0
1408 0
1595 0
116 0
917 0
702 0
1205 0
899 0
288 0
260 0
1270 0
1031 0
728 0
730 0
1367 0
1227 0
737 0
682 0
1111 0
1084 0
638 0
382 0
619 0
1664 0
805 0
811 0
559 0
543 0
116 0
232 0
526 0
570 0
942 0
559 0
764 0
905 0
674 0
500 0
633 0
1765 0
660 0
365 0
730 0
1615 0
630 0
722 0
62 0
1237 0
1515 0
239 0
269 0
1475 0
1252 0
1844 0
585 0
868 0
919 0
935 0
221 0
798 0
763 0
598 0
277 0
495 0
1096 0
347 0
396 0
1208 0
1212 0
355 0
821 0
1253 0
496 0
712 0
836 0
70 0
1250 0
911 0
1661 0
906 0
1972 0
935 0
688 0
649 0
1590 0
662 0
259 0
461 0
665 0
760 0
891 0
214 0
556 0
1604 0
575 0
413 0
210 0
679 0
979 0
866 0
527 0
956 0
718 0
232 0
1452 0
1060 0
632 0
1144 0
388 0
493 0
798 0
1098 0
1011 0
645 0
1589 0
1593 0
160 0
1091 0
614 0
1146 0
260 0
365 0
836 0
1237 0
711 0
611 0
604 0
401 0
286 0
1060 0
1483 0
1335 0
1123 0
1067 0
584 0
941 0
1180 0
1346 0
619 0
1045 0
1189 0
557 0
1634 0
658 0
549 0
988 0
578 0
724 0
1152 0
130 0
1376 0
362 0
433 0
944 0
1033 0
500 0
505 0
1419 0
1139 0
986 0
707 0
1356 0
764 0
478 0
1151 0
548 0
702 0
1264 0
1223 0
197 0
1497 0
1036 0
513 0
771 0
22 0
744 0
1974 0
632 0
528 0
650 0
987 0
997 0
334 0
1204 0
918 0
1150 0
975 0
619 0
448 0
535 0
728 0
882 0
1686 0
785 0
386 0
1426 0
1147 0
1064 0
788 0
1785 0
793 0
721 0
543 0
596 0
1091 0
389 0
650 0
787 0
267 0
367 0
1358 0
637 0
1158 0
1538 0
664 0
688 0
868 0
494 0
1541 0
1437 0
668 0
514 0
1034 0
1126 0
359 0
1697 0
852 0
1457 0
437 0
1035 0
378 0
1487 0
145 0
526 0
264 0
526 0
646 0
961 0
568 0
450 0
412 0
414 0
1027 0
823 0
1096 0
1090 0
1124 0
1032 0
351 0
350 0
853 0
574 0
1151 0
1015 0
888 0
265 0
513 0
965 0
1063 0
247 0
508 0
460 0
382 0
659 0
672 0
914 0
504 0
814 0
997 0
668 0
380 0
984 0
540 0
830 0
236 0
566 0
1358 0
450 0
878 0
392 0
360 0
651 0
1552 0
638 0
1103 0
373 0
1006 0
1565 0
637 0
834 0
625 0
974 0
966 0
1611 0
969 0
462 0
1546 0
1487 0
877 0
790 0
415 0
438 0
868 0
1065 0
1055 0
356 0
1254 0
689 0
2044 0
343 0
1199 0
648 0
1147 0
1741 0
548 0
609 0
691 0
738 0
884 0
703 0
573 0
467 0
834 0
487 0
2148 0
239 0
725 0
1222 0
598 0
1022 0
1070 0
816 0
485 0
1199 0
835 0
520 0
1043 0
233 0
1089 0
290 0
1438 0
1630 0
706 0
824 0
1037 0
477 0
367 0
903 0
701 0
1447 0
543 0
644 0
661 0
1108 0
1213 0
539 0
450 0
478 0
441 0
853 0
634 0
902 0
695 0
688 0
735 0
385 0
781 0
2375 0
846 0
698 0
558 0
1133 0
833 0
171 0
458 0
136 0
704 0
1040 0
632 0
1213 0
532 0
843 0
10 0
1132 0
950 0
230 0
828 0
1391 0
1304 0
1327 0
772 0
1065 0
550 0
1441 0
789 0
1057 0
863 0
1211 0
176 0
1172 0
1724 0
61 0
810 0
1243 0
1248 0
777 0
204 0
750 0
394 0
1030 0
1441 0
500 0
2219 0
2013 0
195 0
331 0
208 0
1016 0
766 0
471 0
1000 0
100 0
1015 0
1163 0
442 0
1015 0
447 0
614 0
1280 0
749 0
1139 0
633 0
166 0
682 0
996 0
806 0
927 0
1480 0
892 0
516 0
1178 0
475 0
523 0
540 0
438 0
973 0
242 0
1161 0
1487 0
625 0
1107 0
1319 0
1096 0
497 0
817 0
787 0
802 0
476 0
363 0
901 0
697 0
478 0
411 0
765 0
831 0
1027 0
1090 0
937 0
1129 0
1690 0
1062 0
1501 0
420 0
740 0
238 0
1232 0
542 0
166 0
1046 0
1060 0
787 0
336 0
556 0
1418 0
1052 0
410 0
940 0
1118 0
619 0
631 0
1301 0
1343 0
1004 0
333 0
312 0
851 0
1109 0
1265 0
679 0
1041 0
643 0
1020 0
1116 0
1472 0
930 0
998 0
545 0
89 0
741 0
1975 0
1005 0
1025 0
910 0
226 0
889 0
766 0
384 0
781 0
1591 0
796 0
233 0
924 0
1095 0
490 0
1017 0
620 0
210 0
417 0
816 0
935 0
467 0
434 0
958 0
409 0
377 0
737 0
291 0
1093 0
59 0
748 0
128 0
1096 0
767 0
1473 0
1364 0
958 0
966 0
387 0
820 0
923 0
874 0
1042 0
682 0
837 0
864 0
402 0
469 0
391 0
1127 0
1464 0
202 0
620 0
348 0
417 0
679 0
853 0
828 0
1064 0
737 0
718 0
1867 0
613 0
1346 0
835 0
829 0
1926 0
891 0
82 0
1608 0
287 0
1226 0
1181 0
218 0
553 0
732 0
985 0
79 0
554 0
1727 0
519 0
1298 0
1310 0
444 0
642 0
653 0
736 0
1303 0
786 0
1253 0
825 0
630 0
708 0
1084 0
592 0
1680 0
611 0
963 0
1246 0
617 0
1895 0
227 0
330 0
746 0
383 0
856 0
760 0
1073 0
275 0
174 0
252 0
698 0
729 0
668 0
440 0
917 0
367 0
602 0
832 0
740 0
504 0
573 0
1227 0
697 0
410 0
1291 0
1697 0
551 0
1440 0
891 0
815 0
495 0
352 0
928 0
1552 0
839 0
1065 0
295 0
355 0
1019 0
226 0
630 0
530 0
929 0
405 0
487 0
552 0
838 0
382 0
890 0
1104 0
402 0
1376 0
1284 0
1259 0
1829 0
81 0
1321 0
1379 0
168 0
817 0
1179 0
828 0
429 0
1194 0
1182 0
985 0
1301 0
1414 0
62 0
1516 0
1436 0
915 0
776 0
367 0
545 0
1324 0
811 0
542 0
385 0
626 0
563 0
1016 0
426 0
517 0
778 0
584 0
866 0
493 0
1134 0
398 0
1087 0
476 0
856 0
133 0
375 0
1050 0
292 0
902 0
1196 0
1422 0
824 0
862 0
473 0
837 0
1495 0
474 0
881 0
2035 0
646 0
559 0
572 0
1625 0
1156 0
181 0
1454 0
1306 0
922 0
542 0
944 0
486 0
1121 0
982 0
257 0
1216 0
663 0
1297 0
878 0
641 0
1510 0
1218 0
607 0
811 0
894 0
645 0
975 0
1229 0
1061 0
239 0
784 0
826 0
1366 0
1771 0
932 0
564 0
931 0
917 0
544 0
185 0
847 0
51 0
1662 0
1228 0
673 0
1742 0
1350 0
911 0
1140 0
776 0
240 0
427 0
583 0
801 0
770 0
1138 0
765 0
383 0
162 0
762 0
722 0
1450 0
1274 0
954 0
1417 0
616 0
468 0
889 0
383 0
967 0
837 0
408 0
1059 0
633 0
328 0
200 0
1077 0
1150 0
471 0
573 0
1813 0
782 0
610 0
550 0
1312 0
1025 0
1891 0
1495 0
413 0
173 0
799 0
787 0
763 0
438 0
925 0
775 0
439 0
1419 0
729 0
832 0
1276 0
1676 0
548 0
717 0
449 0
325 0
738 0
1426 0
1024 0
298 0
591 0
921 0
478 0
474 0
974 0
1326 0
759 0
2271 0
1106 0
1117 0
703 0
1170 0
1475 0
844 0
1172 0
1070 0
1063 0
441 0
313 0
725 0
1359 0
751 0
753 0
1574 0
201 0
344 0
1340 0
555 0
238 0
704 0
1314 0
956 0
1225 0
1041 0
495 0
1032 0
1013 0
351 0
1261 0
295 0
363 0
93 0
622 0
743 0
1127 0
1264 0
291 0
500 0
594 0
1158 0
494 0
543 0
1735 0
1313 0
391 0
197 0
1664 0
860 0
1337 0
760 0
1056 0
941 0
528 0
884 0
898 0
790 0
136 0
1067 0
590 0
262 0
909 0
484 0
293 0
1453 0
1157 0
592 0
568 0
970 0
1467 0
1026 0
109 0
1192 0
296 0
948 0
534 0
883 0
1401 0
1180 0
658 0
299 0
794 0
724 0
632 0
1104 0
653 0
307 0
1088 0
1078 0
740 0
369 0
769 0
373 0
1172 0
303 0
1233 0
599 0
1256 0
1090 0
670 0
554 0
1463 0
450 0
652 0
732 0
1834 0
1490 0
924 0
645 0
907 0
109 0
1477 0
1144 0
832 0
1121 0
1368 0
329 0
1907 0
535 0
912 0
1541 0
1155 0
658 0
558 0
384 0
629 0
1337 0
964 0
776 0
274 0
602 0
767 0
539 0
1257 0
655 0
320 0
1261 0
558 0
894 0
100 0
981 0
1174 0
