204 0
204 0
1096 0
1013 0
1098 0
1227 0
1234 0
625 0
1057 0
1096 0
1285 0
377 0
479 0
1391 0
605 0
591 0
1395 0
2221 0
1902 0
1036 0
338 0
373 0
1391 0
1681 0
1701 0
801 0
1082 0
393 0
358 0
696 0
371 0
152 0
581 0
1475 0
1482 0
300 0
560 0
229 0
612 0
1545 0
1171 0
804 0
272 0
261 0
779 0
1593 0
610 0
2027 0
1712 0
855 0
725 0
1892 0
1902 0
1185 0
206 0
1009 0
1287 0
1512 0
368 0
1825 0
2588 0
1739 0
125 0
1759 0
2089 0
1721 0
456 0
563 0
1825 0
1590 0
295 0
474 0
1103 0
577 0
343 0
461 0
529 0
380 0
946 0
1323 0
1152 0
665 0
1127 0
1018 0
1968 0
1544 0
994 0
718 0
1232 0
1326 0
1211 0
769 0
1179 0
814 0
1742 0
265 0
1243 0
2402 0
2885 0
1420 0
1253 0
695 0
1283 0
1091 0
960 0
427 0
276 0
874 0
577 0
693 0
962 0
205 0
842 0
528 0
877 0
907 0
469 0
841 0
220 0
1545 0
903 0
1184 0
1219 0
1130 0
1628 0
1739 0
1170 0
332 0
340 0
1671 0
1134 0
914 0
719 0
204 0
549 0
1645 0
1101 0
660 0
1769 0
1028 0
973 0
228 0
490 0
1489 0
1695 0
557 0
429 0
1671 0
532 0
1681 0
410 0
555 0
1238 0
1064 0
390 0
632 0
1525 0
350 0
543 0
1021 0
401 0
1541 0
1114 0
481 0
927 0
1099 0
615 0
951 0
417 0
1402 0
549 0
1029 0
474 0
509 0
878 0
623 0
181 0
1879 0
161 0
888 0
1128 0
1576 0
2280 0
1047 0
459 0
1492 0
1443 0
2024 0
1417 0
942 0
480 0
1386 0
950 0
1183 0
1110 0
1499 0
1237 0
324 0
511 0
1534 0
993 0
282 0
1457 0
1187 0
1827 0
861 0
2051 0
704 0
314 0
825 0
1600 0
1017 0
1731 0
1639 0
1388 0
1693 0
1343 0
570 0
1028 0
758 0
731 0
1239 0
1523 0
523 0
135 0
673 0
653 0
1331 0
1301 0
747 0
261 0
953 0
1182 0
379 0
871 0
1184 0
1321 0
841 0
2393 0
648 0
1039 0
1302 0
1278 0
1052 0
1247 0
991 0
1514 0
249 0
513 0
919 0
1391 0
1040 0
566 0
1046 0
634 0
998 0
736 0
743 0
829 0
1126 0
296 0
180 0
1361 0
1374 0
1434 0
1706 0
1024 0
1240 0
2115 0
1362 0
1611 0
1566 0
606 0
1020 0
669 0
705 0
1472 0
1370 0
386 0
360 0
716 0
675 0
1549 0
439 0
920 0
811 0
60 0
1271 0
1324 0
571 0
1095 0
1521 0
1739 0
846 0
142 0
1065 0
292 0
673 0
2146 0
1337 0
646 0
247 0
635 0
1550 0
846 0
327 0
546 0
418 0
444 0
582 0
868 0
1087 0
316 0
838 0
891 0
814 0
603 0
1255 0
457 0
652 0
370 0
848 0
1532 0
775 0
896 0
644 0
310 0
1528 0
1009 0
597 0
1286 0
1348 0
985 0
1386 0
374 0
1211 0
527 0
1939 0
2569 0
650 0
1412 0
2007 0
1846 0
669 0
195 0
823 0
833 0
586 0
1431 0
640 0
742 0
918 0
639 0
1366 0
1756 0
975 0
572 0
1600 0
1906 0
1522 0
167 0
746 0
398 0
1019 0
182 0
257 0
1019 0
1039 0
1277 0
2618 0
1932 0
614 0
546 0
850 0
1252 0
1836 0
582 0
588 0
1080 0
1482 0
428 0
1524 0
1233 0
1279 0
1153 0
1690 0
954 0
926 0
926 0
549 0
1272 0
713 0
584 0
1323 0
1678 0
1321 0
982 0
246 0
685 0
957 0
1337 0
718 0
706 0
266 0
971 0
1471 0
1520 0
1329 0
1199 0
1370 0
930 0
1087 0
3119 0
1795 0
662 0
1071 0
1552 0
1809 0
932 0
625 0
570 0
597 0
1469 0
1381 0
581 0
995 0
1168 0
837 0
1141 0
211 0
725 0
1059 0
1750 0
2281 0
861 0
796 0
1709 0
1426 0
1899 0
1272 0
1063 0
1438 0
1786 0
1040 0
1000 0
671 0
1779 0
871 0
1768 0
1660 0
894 0
643 0
888 0
1144 0
637 0
1813 0
1628 0
1879 0
1036 0
1988 0
444 0
242 0
882 0
1670 0
1236 0
1399 0
1042 0
916 0
926 0
846 0
1147 0
572 0
749 0
1379 0
1963 0
1220 0
758 0
598 0
698 0
858 0
1527 0
1063 0
874 0
1289 0
1106 0
705 0
1499 0
997 0
140 0
148 0
823 0
731 0
1347 0
2648 0
1069 0
577 0
1877 0
878 0
603 0
1283 0
1546 0
1458 0
1186 0
587 0
1074 0
762 0
1079 0
556 0
391 0
827 0
1430 0
1584 0
984 0
1006 0
647 0
1133 0
1326 0
1112 0
372 0
775 0
1202 0
1174 0
496 0
910 0
2074 0
1666 0
652 0
796 0
1398 0
1342 0
689 0
830 0
374 0
1522 0
1156 0
1531 0
1395 0
338 0
1290 0
422 0
803 0
454 0
2118 0
1874 0
1719 0
920 0
458 0
104 0
1007 0
1599 0
1013 0
461 0
635 0
829 0
2046 0
2149 0
750 0
1036 0
1011 0
1002 0
748 0
1103 0
1090 0
864 0
2026 0
805 0
1043 0
1868 0
840 0
1318 0
1458 0
830 0
236 0
474 0
1000 0
826 0
612 0
846 0
1218 0
736 0
372 0
446 0
802 0
1107 0
798 0
843 0
1086 0
1789 0
1293 0
2478 0
406 0
381 0
1111 0
433 0
1592 0
867 0
1751 0
1384 0
1494 0
1526 0
719 0
354 0
223 0
790 0
1768 0
1662 0
750 0
961 0
152 0
1050 0
535 0
1566 0
350 0
607 0
243 0
1931 0
2104 0
885 0
511 0
518 0
1235 0
1638 0
861 0
1538 0
1321 0
1030 0
2083 0
985 0
444 0
257 0
506 0
906 0
475 0
1177 0
2225 0
1562 0
852 0
1719 0
658 0
1243 0
972 0
1782 0
2086 0
949 0
723 0
1356 0
851 0
1386 0
1305 0
1471 0
1399 0
821 0
425 0
1783 0
2356 0
2007 0
556 0
754 0
990 0
943 0
619 0
314 0
811 0
306 0
102 0
882 0
188 0
530 0
895 0
487 0
647 0
239 0
256 0
1309 0
625 0
204 0
1158 0
920 0
309 0
919 0
1995 0
1714 0
1852 0
774 0
1319 0
514 0
691 0
859 0
2340 0
1840 0
1784 0
1098 0
588 0
1158 0
995 0
428 0
1038 0
1420 0
1191 0
496 0
1035 0
290 0
744 0
539 0
1623 0
888 0
1516 0
182 0
738 0
720 0
1843 0
1284 0
1424 0
1391 0
787 0
1630 0
992 0
710 0
880 0
713 0
852 0
1500 0
991 0
1464 0
1553 0
1077 0
533 0
1681 0
919 0
451 0
780 0
2082 0
1182 0
243 0
1012 0
674 0
608 0
752 0
214 0
723 0
292 0
911 0
841 0
1229 0
1531 0
1040 0
846 0
1293 0
988 0
475 0
1250 0
1279 0
1121 0
929 0
483 0
613 0
834 0
870 0
729 0
1445 0
1022 0
704 0
1170 0
1600 0
515 0
1017 0
1509 0
2318 0
1041 0
1599 0
491 0
1819 0
1439 0
598 0
507 0
786 0
1529 0
1081 0
1167 0
1002 0
1571 0
431 0
871 0
1348 0
2607 0
695 0
1390 0
1036 0
1097 0
1511 0
1994 0
2127 0
1031 0
1023 0
742 0
1613 0
968 0
2522 0
1483 0
985 0
1145 0
1418 0
386 0
943 0
898 0
1674 0
2756 0
855 0
2079 0
1305 0
1973 0
2045 0
479 0
890 0
545 0
994 0
249 0
744 0
1128 0
441 0
564 0
245 0
849 0
1189 0
819 0
1889 0
1088 0
535 0
1390 0
296 0
472 0
1050 0
1048 0
390 0
1030 0
834 0
1295 0
871 0
527 0
972 0
2122 0
1124 0
698 0
2387 0
1340 0
486 0
264 0
1293 0
553 0
2441 0
2081 0
1896 0
430 0
957 0
183 0
1097 0
1081 0
945 0
768 0
608 0
981 0
2001 0
160 0
1340 0
2020 0
2099 0
1264 0
1161 0
769 0
531 0
702 0
2425 0
1322 0
405 0
1126 0
890 0
356 0
1448 0
2162 0
1634 0
1895 0
1504 0
1028 0
414 0
939 0
355 0
1458 0
708 0
120 0
1078 0
1403 0
743 0
694 0
750 0
1610 0
1485 0
1509 0
1412 0
506 0
1665 0
1883 0
733 0
467 0
611 0
358 0
1049 0
631 0
616 0
627 0
1749 0
1179 0
1534 0
1390 0
621 0
294 0
674 0
1263 0
1811 0
341 0
974 0
380 0
172 0
565 0
1529 0
217 0
2081 0
1006 0
1093 0
232 0
1488 0
1110 0
1126 0
1024 0
506 0
1955 0
469 0
1330 0
1782 0
1541 0
788 0
1119 0
1316 0
499 0
1102 0
475 0
772 0
1696 0
483 0
597 0
796 0
411 0
2306 0
897 0
1136 0
1082 0
1325 0
725 0
1481 0
651 0
548 0
266 0
1801 0
538 0
891 0
728 0
1184 0
873 0
1144 0
717 0
1387 0
235 0
987 0
447 0
714 0
1119 0
1292 0
917 0
1469 0
1208 0
1376 0
1174 0
1073 0
1208 0
1809 0
1903 0
1022 0
1296 0
2528 0
1120 0
2415 0
330 0
1079 0
798 0
1369 0
623 0
1752 0
1838 0
673 0
1063 0
1805 0
2163 0
1443 0
1995 0
1382 0
1538 0
1164 0
237 0
996 0
1966 0
432 0
321 0
1050 0
876 0
254 0
835 0
718 0
734 0
615 0
941 0
1544 0
1032 0
985 0
1000 0
1040 0
803 0
204 0
1096 0
1013 0
1098 0
1227 0
1234 0
625 0
1057 0
1096 0
1285 0
377 0
479 0
1391 0
605 0
591 0
1395 0
2221 0
1902 0
1036 0
338 0
373 0
1391 0
1681 0
1701 0
801 0
1082 0
393 0
358 0
696 0
371 0
152 0
581 0
1475 0
1482 0
300 0
560 0
229 0
612 0
1545 0
1171 0
804 0
272 0
261 0
779 0
1593 0
610 0
2027 0
1712 0
855 0
725 0
1892 0
1902 0
1185 0
206 0
1009 0
1287 0
1512 0
368 0
1825 0
2588 0
1739 0
125 0
1759 0
2089 0
1721 0
456 0
563 0
1825 0
1590 0
295 0
474 0
1103 0
577 0
343 0
461 0
529 0
380 0
946 0
1323 0
1152 0
665 0
1127 0
1018 0
1968 0
1544 0
994 0
718 0
1232 0
1326 0
1211 0
769 0
1179 0
814 0
1742 0
265 0
1243 0
2402 0
2885 0
1420 0
1253 0
695 0
1283 0
1091 0
960 0
427 0
276 0
874 0
577 0
693 0
962 0
205 0
842 0
528 0
877 0
907 0
469 0
841 0
220 0
1545 0
903 0
1184 0
1219 0
1130 0
1628 0
1739 0
1170 0
332 0
340 0
1671 0
1134 0
914 0
719 0
204 0
549 0
1645 0
1101 0
660 0
1769 0
1028 0
973 0
228 0
490 0
1489 0
1695 0
557 0
429 0
1671 0
532 0
1681 0
410 0
555 0
1238 0
1064 0
390 0
632 0
1525 0
350 0
543 0
1021 0
401 0
1541 0
1114 0
481 0
927 0
1099 0
615 0
951 0
417 0
1402 0
549 0
1029 0
474 0
509 0
878 0
623 0
181 0
1879 0
161 0
888 0
1128 0
1576 0
2280 0
1047 0
459 0
1492 0
1443 0
2024 0
1417 0
942 0
480 0
1386 0
950 0
1183 0
1110 0
1499 0
1237 0
324 0
511 0
1534 0
993 0
282 0
1457 0
1187 0
1827 0
861 0
2051 0
704 0
314 0
825 0
1600 0
1017 0
1731 0
1639 0
1388 0
1693 0
1343 0
570 0
1028 0
758 0
731 0
1239 0
1523 0
523 0
135 0
673 0
653 0
1331 0
1301 0
747 0
261 0
953 0
1182 0
379 0
871 0
1184 0
1321 0
841 0
2393 0
648 0
1039 0
1302 0
1278 0
1052 0
1247 0
991 0
1514 0
249 0
513 0
919 0
1391 0
1040 0
566 0
1046 0
634 0
998 0
736 0
743 0
829 0
1126 0
296 0
180 0
1361 0
1374 0
1434 0
1706 0
1024 0
1240 0
2115 0
1362 0
1611 0
1566 0
606 0
1020 0
669 0
705 0
1472 0
1370 0
386 0
360 0
716 0
675 0
1549 0
439 0
920 0
811 0
60 0
1271 0
1324 0
571 0
1095 0
1521 0
1739 0
846 0
142 0
1065 0
292 0
673 0
2146 0
1337 0
646 0
247 0
635 0
1550 0
846 0
327 0
546 0
418 0
444 0
582 0
868 0
1087 0
316 0
838 0
891 0
814 0
603 0
1255 0
457 0
652 0
370 0
848 0
1532 0
775 0
896 0
644 0
310 0
1528 0
1009 0
597 0
1286 0
1348 0
985 0
1386 0
374 0
1211 0
527 0
1939 0
2569 0
650 0
1412 0
2007 0
1846 0
669 0
195 0
823 0
833 0
586 0
1431 0
640 0
742 0
918 0
639 0
1366 0
1756 0
975 0
572 0
1600 0
1906 0
1522 0
167 0
746 0
398 0
1019 0
182 0
257 0
1019 0
1039 0
1277 0
2618 0
1932 0
614 0
546 0
850 0
1252 0
1836 0
582 0
588 0
1080 0
1482 0
428 0
1524 0
1233 0
1279 0
1153 0
1690 0
954 0
926 0
926 0
549 0
1272 0
713 0
584 0
1323 0
1678 0
1321 0
982 0
246 0
685 0
957 0
1337 0
718 0
706 0
266 0
971 0
1471 0
1520 0
1329 0
1199 0
1370 0
930 0
1087 0
3119 0
1795 0
662 0
1071 0
1552 0
1809 0
932 0
625 0
570 0
597 0
1469 0
1381 0
581 0
995 0
1168 0
837 0
1141 0
211 0
725 0
1059 0
1750 0
2281 0
861 0
796 0
1709 0
1426 0
1899 0
1272 0
1063 0
1438 0
1786 0
1040 0
1000 0
671 0
1779 0
871 0
1768 0
1660 0
894 0
643 0
888 0
1144 0
637 0
1813 0
1628 0
1879 0
1036 0
1988 0
444 0
242 0
882 0
1670 0
1236 0
1399 0
1042 0
916 0
926 0
846 0
1147 0
572 0
749 0
1379 0
1963 0
1220 0
758 0
598 0
698 0
858 0
1527 0
1063 0
874 0
1289 0
1106 0
705 0
1499 0
997 0
140 0
148 0
823 0
731 0
1347 0
2648 0
1069 0
577 0
1877 0
878 0
603 0
1283 0
1546 0
1458 0
1186 0
587 0
1074 0
762 0
1079 0
556 0
391 0
827 0
1430 0
1584 0
984 0
1006 0
647 0
1133 0
1326 0
1112 0
372 0
775 0
1202 0
1174 0
496 0
910 0
2074 0
1666 0
652 0
796 0
1398 0
1342 0
689 0
830 0
374 0
1522 0
1156 0
1531 0
1395 0
338 0
1290 0
422 0
803 0
454 0
2118 0
1874 0
1719 0
920 0
458 0
104 0
1007 0
1599 0
1013 0
461 0
635 0
829 0
2046 0
2149 0
750 0
1036 0
1011 0
1002 0
748 0
1103 0
1090 0
864 0
2026 0
805 0
1043 0
1868 0
840 0
1318 0
1458 0
830 0
236 0
474 0
1000 0
826 0
612 0
846 0
1218 0
736 0
372 0
446 0
802 0
1107 0
798 0
843 0
1086 0
1789 0
1293 0
2478 0
406 0
381 0
1111 0
433 0
1592 0
867 0
1751 0
1384 0
1494 0
1526 0
719 0
354 0
223 0
790 0
1768 0
1662 0
750 0
961 0
152 0
1050 0
535 0
1566 0
350 0
607 0
243 0
1931 0
2104 0
885 0
511 0
518 0
1235 0
1638 0
861 0
1538 0
1321 0
1030 0
2083 0
985 0
444 0
257 0
506 0
906 0
475 0
1177 0
2225 0
1562 0
852 0
1719 0
658 0
1243 0
972 0
1782 0
2086 0
949 0
723 0
1356 0
851 0
1386 0
1305 0
1471 0
1399 0
821 0
425 0
1783 0
2356 0
2007 0
556 0
754 0
990 0
943 0
619 0
314 0
811 0
306 0
102 0
882 0
188 0
530 0
895 0
487 0
647 0
239 0
256 0
1309 0
625 0
204 0
1158 0
920 0
309 0
919 0
1995 0
1714 0
1852 0
774 0
1319 0
514 0
691 0
859 0
2340 0
1840 0
1784 0
1098 0
588 0
1158 0
995 0
428 0
1038 0
1420 0
1191 0
496 0
1035 0
290 0
744 0
539 0
1623 0
888 0
1516 0
182 0
738 0
720 0
1843 0
1284 0
1424 0
1391 0
787 0
1630 0
992 0
710 0
880 0
713 0
852 0
1500 0
991 0
1464 0
1553 0
1077 0
533 0
1681 0
919 0
451 0
780 0
2082 0
1182 0
243 0
1012 0
674 0
608 0
752 0
214 0
723 0
292 0
911 0
841 0
1229 0
1531 0
1040 0
846 0
1293 0
988 0
475 0
1250 0
1279 0
1121 0
929 0
483 0
613 0
834 0
870 0
729 0
1445 0
1022 0
704 0
1170 0
1600 0
515 0
1017 0
1509 0
2318 0
1041 0
1599 0
491 0
1819 0
1439 0
598 0
507 0
786 0
1529 0
1081 0
1167 0
1002 0
1571 0
431 0
871 0
1348 0
2607 0
695 0
1390 0
1036 0
1097 0
1511 0
1994 0
2127 0
1031 0
1023 0
742 0
1613 0
968 0
2522 0
1483 0
985 0
1145 0
1418 0
386 0
943 0
898 0
1674 0
2756 0
855 0
2079 0
1305 0
1973 0
2045 0
479 0
890 0
545 0
994 0
249 0
744 0
1128 0
441 0
564 0
245 0
849 0
1189 0
819 0
1889 0
1088 0
535 0
1390 0
296 0
472 0
1050 0
1048 0
390 0
1030 0
834 0
1295 0
871 0
527 0
972 0
2122 0
1124 0
698 0
2387 0
1340 0
486 0
264 0
1293 0
553 0
2441 0
2081 0
1896 0
430 0
957 0
183 0
1097 0
1081 0
945 0
768 0
608 0
981 0
2001 0
160 0
1340 0
2020 0
2099 0
1264 0
1161 0
769 0
531 0
702 0
2425 0
1322 0
405 0
1126 0
890 0
356 0
1448 0
2162 0
1634 0
1895 0
1504 0
1028 0
414 0
939 0
355 0
1458 0
708 0
120 0
1078 0
1403 0
743 0
694 0
750 0
1610 0
1485 0
1509 0
1412 0
506 0
1665 0
1883 0
733 0
467 0
611 0
358 0
1049 0
631 0
616 0
627 0
1749 0
1179 0
1534 0
1390 0
621 0
294 0
674 0
1263 0
1811 0
341 0
974 0
380 0
172 0
565 0
1529 0
217 0
2081 0
1006 0
1093 0
232 0
1488 0
1110 0
1126 0
1024 0
506 0
1955 0
469 0
1330 0
1782 0
1541 0
788 0
1119 0
1316 0
499 0
1102 0
475 0
772 0
1696 0
483 0
597 0
796 0
411 0
2306 0
897 0
1136 0
1082 0
1325 0
725 0
1481 0
651 0
548 0
266 0
1801 0
538 0
891 0
728 0
1184 0
873 0
1144 0
717 0
1387 0
235 0
987 0
447 0
714 0
1119 0
1292 0
917 0
1469 0
1208 0
1376 0
1174 0
1073 0
1208 0
1809 0
1903 0
1022 0
1296 0
2528 0
1120 0
2415 0
330 0
1079 0
798 0
1369 0
623 0
1752 0
1838 0
673 0
1063 0
1805 0
2163 0
1443 0
1995 0
1382 0
1538 0
1164 0
237 0
996 0
1966 0
432 0
321 0
1050 0
876 0
254 0
835 0
718 0
734 0
615 0
941 0
1544 0
1032 0
985 0
1000 0
1040 0
803 0
204 0
1096 0
1013 0
1098 0
1227 0
1234 0
625 0
1057 0
1096 0
1285 0
377 0
479 0
1391 0
605 0
591 0
1395 0
2221 0
1902 0
1036 0
338 0
373 0
1391 0
1681 0
1701 0
801 0
1082 0
393 0
358 0
696 0
371 0
152 0
581 0
1475 0
1482 0
300 0
560 0
229 0
612 0
1545 0
1171 0
804 0
272 0
261 0
779 0
1593 0
610 0
2027 0
1712 0
855 0
725 0
1892 0
1902 0
1185 0
206 0
1009 0
1287 0
1512 0
368 0
1825 0
2588 0
1739 0
125 0
1759 0
2089 0
1721 0
456 0
563 0
1825 0
1590 0
295 0
474 0
1103 0
577 0
343 0
461 0
529 0
380 0
946 0
1323 0
1152 0
665 0
1127 0
1018 0
1968 0
1544 0
994 0
718 0
1232 0
1326 0
1211 0
769 0
1179 0
814 0
1742 0
265 0
1243 0
2402 0
2885 0
1420 0
1253 0
695 0
1283 0
1091 0
960 0
427 0
276 0
874 0
577 0
693 0
962 0
205 0
842 0
528 0
877 0
907 0
469 0
841 0
220 0
1545 0
903 0
1184 0
1219 0
1130 0
1628 0
1739 0
1170 0
332 0
340 0
1671 0
1134 0
914 0
719 0
204 0
549 0
1645 0
1101 0
660 0
1769 0
1028 0
973 0
228 0
490 0
1489 0
1695 0
557 0
429 0
1671 0
532 0
1681 0
410 0
555 0
1238 0
1064 0
390 0
632 0
1525 0
350 0
543 0
1021 0
401 0
1541 0
1114 0
481 0
927 0
1099 0
615 0
951 0
417 0
1402 0
549 0
1029 0
474 0
509 0
878 0
623 0
181 0
1879 0
161 0
888 0
1128 0
1576 0
2280 0
1047 0
459 0
1492 0
1443 0
2024 0
1417 0
942 0
480 0
1386 0
950 0
1183 0
1110 0
1499 0
1237 0
324 0
511 0
1534 0
993 0
282 0
1457 0
1187 0
1827 0
861 0
2051 0
704 0
314 0
825 0
1600 0
1017 0
1731 0
1639 0
1388 0
1693 0
1343 0
570 0
1028 0
758 0
731 0
1239 0
1523 0
523 0
135 0
673 0
653 0
1331 0
1301 0
747 0
261 0
953 0
1182 0
379 0
871 0
1184 0
1321 0
841 0
2393 0
648 0
1039 0
1302 0
1278 0
1052 0
1247 0
991 0
1514 0
249 0
513 0
919 0
1391 0
1040 0
566 0
1046 0
634 0
998 0
736 0
743 0
829 0
1126 0
296 0
180 0
1361 0
1374 0
1434 0
1706 0
1024 0
1240 0
2115 0
1362 0
1611 0
1566 0
606 0
1020 0
669 0
705 0
1472 0
1370 0
386 0
360 0
716 0
675 0
1549 0
439 0
920 0
811 0
60 0
1271 0
1324 0
571 0
1095 0
1521 0
1739 0
846 0
142 0
1065 0
292 0
673 0
2146 0
1337 0
646 0
247 0
635 0
1550 0
846 0
327 0
546 0
418 0
444 0
582 0
868 0
1087 0
316 0
838 0
891 0
814 0
603 0
1255 0
457 0
652 0
370 0
848 0
1532 0
775 0
896 0
644 0
310 0
1528 0
1009 0
597 0
1286 0
1348 0
985 0
1386 0
374 0
1211 0
527 0
1939 0
2569 0
650 0
1412 0
2007 0
1846 0
669 0
195 0
823 0
833 0
586 0
1431 0
640 0
742 0
918 0
639 0
1366 0
1756 0
975 0
572 0
1600 0
1906 0
1522 0
167 0
746 0
398 0
1019 0
182 0
257 0
1019 0
1039 0
1277 0
2618 0
1932 0
614 0
546 0
850 0
1252 0
1836 0
582 0
588 0
1080 0
1482 0
428 0
1524 0
1233 0
1279 0
1153 0
1690 0
954 0
926 0
926 0
549 0
1272 0
713 0
584 0
1323 0
1678 0
1321 0
982 0
246 0
685 0
957 0
1337 0
718 0
706 0
266 0
971 0
1471 0
1520 0
1329 0
1199 0
1370 0
930 0
1087 0
3119 0
1795 0
662 0
1071 0
1552 0
1809 0
932 0
625 0
570 0
597 0
1469 0
1381 0
581 0
995 0
1168 0
837 0
1141 0
211 0
725 0
1059 0
1750 0
2281 0
861 0
796 0
1709 0
1426 0
1899 0
1272 0
1063 0
1438 0
1786 0
1040 0
1000 0
671 0
1779 0
871 0
1768 0
1660 0
894 0
643 0
888 0
1144 0
637 0
1813 0
1628 0
1879 0
1036 0
1988 0
444 0
242 0
882 0
1670 0
1236 0
1399 0
1042 0
916 0
926 0
846 0
1147 0
572 0
749 0
1379 0
1963 0
1220 0
758 0
598 0
698 0
858 0
1527 0
1063 0
874 0
1289 0
1106 0
705 0
1499 0
997 0
140 0
148 0
823 0
731 0
1347 0
2648 0
1069 0
577 0
1877 0
878 0
603 0
1283 0
1546 0
1458 0
1186 0
587 0
1074 0
762 0
1079 0
556 0
391 0
827 0
1430 0
1584 0
984 0
1006 0
647 0
1133 0
1326 0
1112 0
372 0
775 0
1202 0
1174 0
496 0
910 0
2074 0
1666 0
652 0
796 0
1398 0
1342 0
689 0
830 0
374 0
1522 0
1156 0
1531 0
1395 0
338 0
1290 0
422 0
803 0
454 0
2118 0
1874 0
1719 0
920 0
458 0
104 0
1007 0
1599 0
1013 0
461 0
635 0
829 0
2046 0
2149 0
750 0
1036 0
1011 0
1002 0
748 0
1103 0
1090 0
864 0
2026 0
805 0
1043 0
1868 0
840 0
1318 0
1458 0
830 0
236 0
474 0
1000 0
826 0
612 0
846 0
1218 0
736 0
372 0
446 0
802 0
1107 0
798 0
843 0
1086 0
1789 0
1293 0
2478 0
406 0
381 0
1111 0
433 0
1592 0
867 0
1751 0
1384 0
1494 0
1526 0
719 0
354 0
223 0
790 0
1768 0
1662 0
750 0
961 0
152 0
1050 0
535 0
1566 0
350 0
607 0
243 0
1931 0
2104 0
885 0
511 0
518 0
1235 0
1638 0
861 0
1538 0
1321 0
1030 0
2083 0
985 0
444 0
257 0
506 0
906 0
475 0
1177 0
2225 0
1562 0
852 0
1719 0
658 0
1243 0
972 0
1782 0
2086 0
949 0
723 0
1356 0
851 0
1386 0
1305 0
1471 0
1399 0
821 0
425 0
1783 0
2356 0
2007 0
556 0
754 0
990 0
943 0
619 0
314 0
811 0
306 0
102 0
882 0
188 0
530 0
895 0
487 0
647 0
239 0
256 0
1309 0
625 0
204 0
1158 0
920 0
309 0
919 0
1995 0
1714 0
1852 0
774 0
1319 0
514 0
691 0
859 0
2340 0
1840 0
1784 0
1098 0
588 0
1158 0
995 0
428 0
1038 0
1420 0
1191 0
496 0
1035 0
290 0
744 0
539 0
1623 0
888 0
1516 0
182 0
738 0
720 0
1843 0
1284 0
1424 0
1391 0
787 0
1630 0
992 0
710 0
880 0
713 0
852 0
1500 0
991 0
1464 0
1553 0
1077 0
533 0
1681 0
919 0
451 0
780 0
2082 0
1182 0
243 0
1012 0
674 0
608 0
752 0
214 0
723 0
292 0
911 0
841 0
1229 0
1531 0
1040 0
846 0
1293 0
988 0
475 0
1250 0
1279 0
1121 0
929 0
483 0
613 0
834 0
870 0
729 0
1445 0
1022 0
704 0
1170 0
1600 0
515 0
1017 0
1509 0
2318 0
1041 0
1599 0
491 0
1819 0
1439 0
598 0
507 0
786 0
1529 0
1081 0
1167 0
1002 0
1571 0
431 0
871 0
1348 0
2607 0
695 0
1390 0
1036 0
1097 0
1511 0
1994 0
2127 0
1031 0
1023 0
742 0
1613 0
968 0
2522 0
1483 0
985 0
1145 0
1418 0
386 0
943 0
898 0
1674 0
2756 0
855 0
2079 0
1305 0
1973 0
2045 0
479 0
890 0
545 0
994 0
249 0
744 0
1128 0
441 0
564 0
245 0
849 0
1189 0
819 0
1889 0
1088 0
535 0
1390 0
296 0
472 0
1050 0
1048 0
390 0
1030 0
834 0
1295 0
871 0
527 0
972 0
2122 0
1124 0
698 0
2387 0
1340 0
486 0
264 0
1293 0
553 0
2441 0
2081 0
1896 0
430 0
957 0
183 0
1097 0
1081 0
945 0
768 0
608 0
981 0
2001 0
160 0
1340 0
2020 0
2099 0
1264 0
1161 0
769 0
531 0
702 0
2425 0
1322 0
405 0
1126 0
890 0
356 0
1448 0
2162 0
1634 0
1895 0
1504 0
1028 0
414 0
939 0
355 0
1458 0
708 0
120 0
1078 0
1403 0
743 0
694 0
750 0
1610 0
1485 0
1509 0
1412 0
506 0
1665 0
1883 0
733 0
467 0
611 0
358 0
1049 0
631 0
616 0
627 0
1749 0
1179 0
1534 0
1390 0
621 0
294 0
674 0
1263 0
1811 0
341 0
974 0
380 0
172 0
565 0
1529 0
217 0
2081 0
1006 0
1093 0
232 0
1488 0
1110 0
1126 0
1024 0
506 0
1955 0
469 0
1330 0
1782 0
1541 0
788 0
1119 0
1316 0
499 0
1102 0
475 0
772 0
1696 0
483 0
597 0
796 0
411 0
2306 0
897 0
1136 0
1082 0
1325 0
725 0
1481 0
651 0
548 0
266 0
1801 0
538 0
891 0
728 0
1184 0
873 0
1144 0
717 0
1387 0
235 0
987 0
447 0
714 0
1119 0
1292 0
917 0
1469 0
1208 0
1376 0
1174 0
1073 0
1208 0
1809 0
1903 0
1022 0
1296 0
2528 0
1120 0
2415 0
330 0
1079 0
798 0
1369 0
623 0
1752 0
1838 0
673 0
1063 0
1805 0
2163 0
1443 0
1995 0
1382 0
1538 0
1164 0
237 0
996 0
1966 0
432 0
321 0
1050 0
876 0
254 0
835 0
718 0
734 0
615 0
941 0
1544 0
1032 0
985 0
1000 0
1040 0
803 0
204 0
1096 0
1013 0
1098 0
1227 0
1234 0
625 0
1057 0
1096 0
1285 0
377 0
479 0
1391 0
605 0
591 0
1395 0
2221 0
1902 0
1036 0
338 0
373 0
1391 0
1681 0
1701 0
801 0
1082 0
393 0
358 0
696 0
371 0
152 0
581 0
1475 0
1482 0
300 0
560 0
229 0
612 0
1545 0
1171 0
804 0
272 0
261 0
779 0
1593 0
610 0
2027 0
1712 0
855 0
725 0
1892 0
1902 0
1185 0
206 0
1009 0
1287 0
1512 0
368 0
1825 0
2588 0
1739 0
125 0
1759 0
2089 0
1721 0
456 0
563 0
1825 0
1590 0
295 0
474 0
1103 0
577 0
343 0
461 0
529 0
380 0
946 0
1323 0
1152 0
665 0
1127 0
1018 0
1968 0
1544 0
994 0
718 0
1232 0
1326 0
1211 0
769 0
1179 0
814 0
1742 0
265 0
1243 0
2402 0
2885 0
1420 0
1253 0
695 0
1283 0
1091 0
960 0
427 0
276 0
874 0
577 0
693 0
962 0
205 0
842 0
528 0
877 0
907 0
469 0
841 0
220 0
1545 0
903 0
1184 0
1219 0
1130 0
1628 0
1739 0
1170 0
332 0
340 0
1671 0
1134 0
914 0
719 0
204 0
549 0
1645 0
1101 0
660 0
1769 0
1028 0
973 0
228 0
490 0
1489 0
1695 0
557 0
429 0
1671 0
532 0
1681 0
410 0
555 0
1238 0
1064 0
390 0
632 0
1525 0
350 0
543 0
1021 0
401 0
1541 0
1114 0
481 0
927 0
1099 0
615 0
951 0
417 0
1402 0
549 0
1029 0
474 0
509 0
878 0
623 0
181 0
1879 0
161 0
888 0
1128 0
1576 0
2280 0
1047 0
459 0
1492 0
1443 0
2024 0
1417 0
942 0
480 0
1386 0
950 0
1183 0
1110 0
1499 0
1237 0
324 0
511 0
1534 0
993 0
282 0
1457 0
1187 0
1827 0
861 0
2051 0
704 0
314 0
825 0
1600 0
1017 0
1731 0
1639 0
1388 0
1693 0
1343 0
570 0
1028 0
758 0
731 0
1239 0
1523 0
523 0
135 0
673 0
653 0
1331 0
1301 0
747 0
261 0
953 0
1182 0
379 0
871 0
1184 0
1321 0
841 0
2393 0
648 0
1039 0
1302 0
1278 0
1052 0
1247 0
991 0
1514 0
249 0
513 0
919 0
1391 0
1040 0
566 0
1046 0
634 0
998 0
736 0
743 0
829 0
1126 0
296 0
180 0
1361 0
1374 0
1434 0
1706 0
1024 0
1240 0
2115 0
1362 0
1611 0
1566 0
606 0
1020 0
669 0
705 0
1472 0
1370 0
386 0
360 0
716 0
675 0
1549 0
439 0
920 0
811 0
60 0
1271 0
1324 0
571 0
1095 0
1521 0
1739 0
846 0
142 0
1065 0
292 0
673 0
2146 0
1337 0
646 0
247 0
635 0
1550 0
846 0
327 0
546 0
418 0
444 0
582 0
868 0
1087 0
316 0
838 0
891 0
814 0
603 0
1255 0
457 0
652 0
370 0
848 0
1532 0
775 0
896 0
644 0
310 0
1528 0
1009 0
597 0
1286 0
1348 0
985 0
1386 0
374 0
1211 0
527 0
1939 0
2569 0
650 0
1412 0
2007 0
1846 0
669 0
195 0
823 0
833 0
586 0
1431 0
640 0
742 0
918 0
639 0
1366 0
1756 0
975 0
572 0
1600 0
1906 0
1522 0
167 0
746 0
398 0
1019 0
182 0
257 0
1019 0
1039 0
1277 0
2618 0
1932 0
614 0
546 0
850 0
1252 0
1836 0
582 0
588 0
1080 0
1482 0
428 0
1524 0
1233 0
1279 0
1153 0
1690 0
954 0
926 0
926 0
549 0
1272 0
713 0
584 0
1323 0
1678 0
1321 0
982 0
246 0
685 0
957 0
1337 0
718 0
706 0
266 0
971 0
1471 0
1520 0
1329 0
1199 0
1370 0
930 0
1087 0
3119 0
1795 0
662 0
1071 0
1552 0
1809 0
932 0
625 0
570 0
597 0
1469 0
1381 0
581 0
995 0
1168 0
837 0
1141 0
211 0
725 0
1059 0
1750 0
2281 0
861 0
796 0
1709 0
1426 0
1899 0
1272 0
1063 0
1438 0
1786 0
1040 0
1000 0
671 0
1779 0
871 0
1768 0
1660 0
894 0
643 0
888 0
1144 0
637 0
1813 0
1628 0
1879 0
1036 0
1988 0
444 0
242 0
882 0
1670 0
1236 0
1399 0
1042 0
916 0
926 0
846 0
1147 0
572 0
749 0
1379 0
1963 0
1220 0
758 0
598 0
698 0
858 0
1527 0
1063 0
874 0
1289 0
1106 0
705 0
1499 0
997 0
140 0
148 0
823 0
731 0
1347 0
2648 0
1069 0
577 0
1877 0
878 0
603 0
1283 0
1546 0
1458 0
1186 0
587 0
1074 0
762 0
1079 0
556 0
391 0
827 0
1430 0
1584 0
984 0
1006 0
647 0
1133 0
1326 0
1112 0
372 0
775 0
1202 0
1174 0
496 0
910 0
2074 0
1666 0
652 0
796 0
1398 0
1342 0
689 0
830 0
374 0
1522 0
1156 0
1531 0
1395 0
338 0
1290 0
422 0
803 0
454 0
2118 0
1874 0
1719 0
920 0
458 0
104 0
1007 0
1599 0
1013 0
461 0
635 0
829 0
2046 0
2149 0
750 0
1036 0
1011 0
1002 0
748 0
1103 0
1090 0
864 0
2026 0
805 0
1043 0
1868 0
840 0
1318 0
1458 0
830 0
236 0
474 0
1000 0
826 0
612 0
846 0
1218 0
736 0
372 0
446 0
802 0
1107 0
798 0
843 0
1086 0
1789 0
1293 0
2478 0
406 0
381 0
1111 0
433 0
1592 0
867 0
1751 0
1384 0
1494 0
1526 0
719 0
354 0
223 0
790 0
1768 0
1662 0
750 0
961 0
152 0
1050 0
535 0
1566 0
350 0
607 0
243 0
1931 0
2104 0
885 0
511 0
518 0
1235 0
1638 0
861 0
1538 0
1321 0
1030 0
2083 0
985 0
444 0
257 0
506 0
906 0
475 0
1177 0
2225 0
1562 0
852 0
1719 0
658 0
1243 0
972 0
1782 0
2086 0
949 0
723 0
1356 0
851 0
1386 0
1305 0
1471 0
1399 0
821 0
425 0
1783 0
2356 0
2007 0
556 0
754 0
990 0
943 0
619 0
314 0
811 0
306 0
102 0
882 0
188 0
530 0
895 0
487 0
647 0
239 0
256 0
1309 0
625 0
204 0
1158 0
920 0
309 0
919 0
1995 0
1714 0
1852 0
774 0
1319 0
514 0
691 0
859 0
2340 0
1840 0
1784 0
1098 0
588 0
1158 0
995 0
428 0
1038 0
1420 0
1191 0
496 0
1035 0
290 0
744 0
539 0
1623 0
888 0
1516 0
182 0
738 0
720 0
1843 0
1284 0
1424 0
1391 0
787 0
1630 0
992 0
710 0
880 0
713 0
852 0
1500 0
991 0
1464 0
1553 0
1077 0
533 0
1681 0
919 0
451 0
780 0
2082 0
1182 0
243 0
1012 0
674 0
608 0
752 0
214 0
723 0
292 0
911 0
841 0
1229 0
1531 0
1040 0
846 0
1293 0
988 0
475 0
1250 0
1279 0
1121 0
929 0
483 0
613 0
834 0
870 0
729 0
1445 0
1022 0
704 0
1170 0
1600 0
515 0
1017 0
1509 0
2318 0
1041 0
1599 0
491 0
1819 0
1439 0
598 0
507 0
786 0
1529 0
1081 0
1167 0
1002 0
1571 0
431 0
871 0
1348 0
2607 0
695 0
1390 0
1036 0
1097 0
1511 0
1994 0
2127 0
1031 0
1023 0
742 0
1613 0
968 0
2522 0
1483 0
985 0
1145 0
1418 0
386 0
943 0
898 0
1674 0
2756 0
855 0
2079 0
1305 0
1973 0
2045 0
479 0
890 0
545 0
994 0
249 0
744 0
1128 0
441 0
564 0
245 0
849 0
1189 0
819 0
1889 0
1088 0
535 0
1390 0
296 0
472 0
1050 0
1048 0
390 0
1030 0
834 0
1295 0
871 0
527 0
972 0
2122 0
1124 0
698 0
2387 0
1340 0
486 0
264 0
1293 0
553 0
2441 0
2081 0
1896 0
430 0
957 0
183 0
1097 0
1081 0
945 0
768 0
608 0
981 0
2001 0
160 0
1340 0
2020 0
2099 0
1264 0
1161 0
769 0
531 0
702 0
2425 0
1322 0
405 0
1126 0
890 0
356 0
1448 0
2162 0
1634 0
1895 0
1504 0
1028 0
414 0
939 0
355 0
1458 0
708 0
120 0
1078 0
1403 0
743 0
694 0
750 0
1610 0
1485 0
1509 0
1412 0
506 0
1665 0
1883 0
733 0
467 0
611 0
358 0
1049 0
631 0
616 0
627 0
1749 0
1179 0
1534 0
1390 0
621 0
294 0
674 0
1263 0
1811 0
341 0
974 0
380 0
172 0
565 0
1529 0
217 0
2081 0
1006 0
1093 0
232 0
1488 0
1110 0
1126 0
1024 0
506 0
1955 0
469 0
1330 0
1782 0
1541 0
788 0
1119 0
1316 0
499 0
1102 0
475 0
772 0
1696 0
483 0
597 0
796 0
411 0
2306 0
897 0
1136 0
1082 0
1325 0
725 0
1481 0
651 0
548 0
266 0
1801 0
538 0
891 0
728 0
1184 0
873 0
1144 0
717 0
1387 0
235 0
987 0
447 0
714 0
1119 0
1292 0
917 0
1469 0
1208 0
1376 0
1174 0
1073 0
1208 0
1809 0
1903 0
1022 0
1296 0
2528 0
1120 0
2415 0
330 0
1079 0
798 0
1369 0
623 0
1752 0
1838 0
673 0
1063 0
1805 0
2163 0
1443 0
1995 0
1382 0
1538 0
1164 0
237 0
996 0
1966 0
432 0
321 0
1050 0
876 0
254 0
835 0
718 0
734 0
615 0
941 0
1544 0
1032 0
985 0
1000 0
1040 0
