-164 -15
30 53
1114 150
130 -86
-233 961
-242 -265
947 98
325 70
-642 -351
406 7
-593 -814
-450 -465
-67 -752
-553 560
20 766
-193 212
1139 -246
-1055 -28
839 -95
-173 -294
-304 17
-546 -270
822 -85
-678 -822
-218 822
421 1305
-489 734
-540 347
-710 659
-293 102
69 28
-21 150
398 -275
272 -1735
-552 -513
-472 -223
-53 163
-198 342
-457 -210
-193 1302
-242 137
-150 -656
-197 -389
-388 -202
307 -543
503 1026
87 1485
-1145 -127
535 131
789 955
1099 304
-538 -614
1296 -69
146 215
183 13
-579 -672
-481 603
419 -610
775 -513
1144 1266
-478 -764
1130 -99
1031 -176
-681 201
1258 -583
-175 352
68 -30
378 -496
-1213 368
55 -593
-191 -435
282 -424
427 661
534 97
193 76
77 523
-141 43
-495 -98
391 -438
454 878
-475 199
-88 -340
915 159
7 605
-880 -1137
-224 252
683 -149
73 -518
942 -1429
79 -407
160 794
409 57
-229 -925
432 -1396
317 332
151 124
-980 -383
1383 -700
-1412 20
-48 468
326 -739
-304 -452
955 -645
482 332
-253 -301
-343 115
-149 319
643 -44
114 -272
-571 -339
145 331
29 163
-667 630
-792 117
75 33
252 918
-14 1301
54 468
-101 631
973 -521
407 187
-115 1241
-485 68
-829 -1019
762 -721
-821 -1427
148 -783
60 -462
392 -528
-1166 86
-94 -307
596 313
250 -311
109 -464
-313 -105
1085 737
213 61
742 -333
-992 -618
-13 -275
566 506
421 328
218 772
1289 -318
-391 -195
150 -330
-121 -665
944 636
635 204
-975 -340
-574 -263
-29 -348
-498 799
90 -81
-47 286
168 885
-494 -479
-208 -678
315 -514
-463 -1194
-786 -957
281 195
-11 -883
133 -420
-707 -35
380 -137
320 471
1242 232
1651 166
428 828
883 528
-127 369
65 -63
307 380
-552 536
-689 1142
-511 1112
-318 -743
-160 -770
-164 118
451 1056
-745 -3
1152 1237
253 717
-102 1014
1368 836
637 -395
-1168 493
-42 -370
90 556
-363 722
354 -452
-286 267
341 1261
536 175
-932 -79
288 -220
18 -45
-353 -417
1153 -644
199 -327
-13 -134
1087 -1123
-73 -902
-157 915
687 774
-578 -847
-256 -227
55 -199
-727 81
819 515
-191 452
487 -1138
-779 -75
569 250
-881 -599
423 -918
592 -369
-343 49
405 135
-320 81
-1547 181
-80 -270
-92 252
-194 343
-495 -254
-57 -749
523 440
-761 303
-199 814
-438 917
-538 -24
550 -485
231 -286
150 575
281 -593
-331 566
-881 1212
717 -609
209 -203
-368 -1061
-717 198
172 1151
-352 249
-1136 -728
-277 -249
1026 498
946 260
642 672
-221 999
792 -9
-172 383
-318 -165
679 182
65 20
-794 -473
-197 -46
-339 -772
-1057 -371
-194 370
-59 631
-143 788
642 -319
-458 -1141
968 -1211
-240 48
620 591
-588 331
1304 -587
80 -5
-838 1311
-374 -197
-933 -429
19 -54
-606 190
87 291
-394 -1116
287 61
-97 41
243 -83
288 628
946 489
-2 -739
19 -302
863 60
71 -94
98 -147
177 1115
-379 -80
-638 425
182 1179
-682 -65
889 -793
264 -194
150 -109
224 947
213 656
-369 983
690 -864
-434 -158
157 99
-88 78
-321 -515
-139 1013
213 248
-88 121
249 -310
46 52
-18 -384
-249 149
3 -688
4 399
-302 483
-459 -336
-129 493
251 -220
32 -784
3 468
-394 250
213 9
101 -347
-715 -610
310 555
-435 309
272 -245
172 387
-129 459
-754 -930
-183 -103
-392 -666
738 -71
-573 227
-891 -717
-129 431
-408 172
601 -485
1114 -598
107 1043
396 -1490
360 -844
610 537
-336 -1216
-1019 504
-452 159
-345 321
452 529
237 -278
626 -725
-624 -51
-358 -630
108 -49
-780 -291
-143 -275
-1459 -680
233 -167
630 -1055
659 -486
-700 334
-210 -1511
-114 -1
-186 148
145 -515
532 -606
-405 -207
-233 -145
-12 -272
555 569
-407 174
832 -135
-1648 762
220 247
-253 -154
-784 -33
16 -334
-291 880
83 -910
-209 -412
-60 158
-184 -907
-280 563
-93 181
1321 -391
324 329
1288 -541
567 365
-774 -668
-1203 177
-285 108
192 -678
-349 -610
193 533
205 -179
222 -761
-153 516
-254 -1150
-119 155
630 -498
389 -540
-270 -754
-784 45
396 654
-25 74
543 -345
281 -306
-378 427
1045 40
-474 48
733 -497
785 696
323 -605
81 295
1157 390
-1942 225
-249 -402
392 -577
932 338
135 -980
-39 808
589 102
-32 65
536 49
1113 213
74 -872
-90 489
-629 708
358 643
-294 -319
411 122
1516 411
1350 281
648 95
-378 362
289 -1257
-685 793
-887 -43
-266 461
773 -898
809 524
-991 -125
-41 756
-606 -136
716 -699
-773 267
246 99
-748 151
-1251 -309
478 98
-231 598
273 -1107
-823 163
-148 -443
379 -81
1021 566
42 -8
-593 -24
290 1543
-60 -42
-1642 947
-1569 -80
419 -77
123 261
225 43
-482 570
790 -545
91 468
556 -865
504 171
1341 537
1469 -373
636 -263
-508 -288
-11 -14
580 -476
-782 -339
1147 -65
371 -1015
795 -391
326 -17
949 -321
278 -861
-227 596
-311 -457
-1046 3
36 -681
3 421
-689 532
795 411
8 -206
97 -315
241 -280
945 -694
538 -91
809 1223
-310 -1164
-162 -113
-421 -625
-266 1233
-636 442
-62 241
1209 342
-79 -496
340 910
789 -189
678 385
-380 520
-184 -218
606 557
86 354
-81 706
-389 -63
802 -837
-633 -180
146 -785
-670 -201
-1022 -739
-617 324
-93 1540
182 462
205 832
189 59
448 -1111
-88 -76
299 238
-598 343
1464 247
-147 693
459 450
-51 -168
-645 1090
-575 -244
102 -144
617 -798
296 -985
-74 491
1044 180
75 1376
-896 337
-564 283
723 252
578 -148
-107 -554
103 -952
-381 1106
1072 -98
-522 551
-100 -259
-553 -219
-615 -302
-956 654
-68 -666
-568 205
-111 237
509 112
-295 -93
790 -1811
-555 -123
-132 -738
894 -651
545 305
832 -662
95 -572
373 497
-75 -492
-210 -1340
-168 681
229 -12
280 1025
-188 -785
528 -359
-567 360
622 -475
316 298
92 378
-373 302
-85 -662
645 -287
55 -110
482 -833
753 352
330 -248
109 -547
327 -162
103 -936
479 114
-133 -411
405 245
-671 162
1061 -295
307 -1341
-675 929
-380 634
-526 283
429 -268
455 -698
-312 683
-413 -172
899 1035
-244 269
1098 -369
-403 -168
102 365
-40 42
112 -125
-678 -118
658 -1317
348 307
-18 -340
740 254
835 135
-107 -316
264 -716
-14 816
113 1144
-147 599
-250 380
-431 -1529
-47 527
-904 299
-398 257
-317 -251
-829 -1369
-458 223
381 46
-913 -765
144 27
-652 694
445 -1060
344 -87
-99 -78
-161 -328
-551 1
343 102
-114 -45
-1211 -480
939 123
-125 -1054
715 -1156
562 544
1060 100
-146 -196
56 751
1722 103
-344 -60
-589 859
130 895
167 -457
997 -288
895 1086
-149 303
40 1751
-133 373
-374 -418
-777 -274
738 641
-1425 -285
506 328
179 -121
-201 523
403 -263
-431 163
-159 -388
-453 -501
152 62
435 -55
360 -127
15 684
162 803
683 731
-15 163
-496 110
124 -99
-41 -278
-295 -295
1010 -328
391 -383
189 -405
-800 179
-77 -395
168 -206
-29 -1101
-1231 492
462 664
-712 -781
51 -689
-239 594
-73 102
532 -220
1343 78
-800 -850
-36 816
276 -929
710 77
147 -114
-36 1022
201 56
-199 212
803 505
-485 -81
693 -189
889 265
-130 136
-409 45
280 -238
-141 -579
-172 1041
537 506
-944 220
-857 62
-643 774
-1345 630
423 37
-758 -463
-679 952
348 -32
983 -494
-635 -392
-285 541
44 -83
-755 277
-623 -420
-528 421
-167 -1034
-918 -368
481 110
-512 1318
-986 359
-490 160
1166 362
463 -244
14 -261
-614 -721
1217 237
224 -389
431 -266
269 726
-135 187
-388 737
-4 97
-64 304
-169 -406
-111 -121
-140 787
-52 -43
828 -944
148 417
-538 -379
304 -344
1066 698
318 31
435 492
-526 -327
705 58
-360 -321
-703 545
-997 162
-397 57
38 -648
-42 212
-169 -502
-956 700
26 376
-421 -173
-1585 -123
-16 -371
492 -432
824 540
-324 1549
1564 216
528 263
-983 -290
-878 188
650 -776
35 517
-506 269
-8 341
-680 -56
620 -839
165 137
-49 -1004
772 -438
-790 -359
-372 -252
-58 563
-981 -450
1101 1121
541 710
-69 -529
-403 464
158 -469
68 1031
1592 -289
-529 -343
474 -115
244 880
970 747
-604 1059
-1319 375
996 -617
-1 508
-332 -429
-289 711
709 -339
579 27
-328 -266
470 133
-525 1478
468 -1104
-14 -403
-426 1625
-895 401
696 -759
28 1196
-64 728
294 -84
831 -17
-155 47
-354 -102
-173 620
-557 -449
-116 -450
39 95
278 43
973 -437
-193 -253
-488 -1020
-615 854
447 1069
133 1500
-192 150
25 363
-443 331
416 -265
-543 152
-331 476
394 -287
-355 -643
899 -309
102 38
620 112
1025 -767
-672 507
165 -275
861 -257
-975 1303
313 887
-40 533
209 626
-868 -74
-572 388
558 -1756
-1017 -352
705 427
560 18
46 817
219 880
-320 -66
576 529
-360 603
-307 -159
283 -304
-349 -1064
328 836
195 922
-851 74
347 -1549
833 490
-199 -232
853 249
155 -68
-311 179
-998 54
1372 500
174 -46
223 -445
-432 468
100 -245
-49 77
1391 145
-680 844
110 -572
-1775 -490
-624 502
-497 -511
-184 -231
-657 572
-1006 517
397 960
-301 1046
-197 988
-629 3
718 451
347 -186
-299 70
-887 541
688 823
-145 -398
-952 865
221 95
682 -110
-873 499
969 166
264 -64
15 -455
-329 -956
-107 -674
-804 127
-464 653
136 521
-481 604
397 -893
750 242
-366 -873
705 31
92 -35
329 138
590 -483
788 756
289 -993
-44 -1061
268 -127
-71 40
-119 -126
-573 -461
899 -2
952 209
-536 -1318
-815 -346
71 288
224 110
-953 -806
-434 166
-378 -953
602 -620
190 -910
1086 812
690 567
-434 -125
1303 240
-14 -536
303 184
285 -933
-133 331
361 373
-110 -617
279 -349
549 379
-966 -362
-521 -549
-139 -86
574 -431
725 -814
-773 965
-603 89
528 129
1580 376
379 -173
917 -681
66 525
-460 144
-948 387
-750 202
1031 364
498 408
-366 185
90 756
107 -426
-666 -33
359 -528
723 83
-661 56
-637 288
-10 -482
364 -244
-327 -60
782 24
498 1281
578 374
790 -1069
-88 -191
-260 1164
-662 52
171 741
504 -426
-919 700
856 2
-140 -207
1134 -28
-907 1456
-1041 352
1313 -137
988 -179
61 -713
382 16
-531 -1027
-585 -410
1150 -268
-671 -127
-899 511
135 277
-1063 -1101
239 626
442 -792
-1067 556
-449 -670
1015 -156
-127 27
46 198
926 -255
-767 714
-514 365
-237 521
648 -30
-29 537
47 782
-100 -35
-798 -198
-79 -319
520 -190
571 -1125
910 377
43 924
427 18
-549 214
-324 -798
-164 -15
30 53
1114 150
130 -86
-233 961
-242 -265
947 98
325 70
-642 -351
406 7
-593 -814
-450 -465
-67 -752
-553 560
20 766
-193 212
1139 -246
-1055 -28
839 -95
-173 -294
-304 17
-546 -270
822 -85
-678 -822
-218 822
421 1305
-489 734
-540 347
-710 659
-293 102
69 28
-21 150
398 -275
272 -1735
-552 -513
-472 -223
-53 163
-198 342
-457 -210
-193 1302
-242 137
-150 -656
-197 -389
-388 -202
307 -543
503 1026
87 1485
-1145 -127
535 131
789 955
1099 304
-538 -614
1296 -69
146 215
183 13
-579 -672
-481 603
419 -610
775 -513
1144 1266
-478 -764
1130 -99
1031 -176
-681 201
1258 -583
-175 352
68 -30
378 -496
-1213 368
55 -593
-191 -435
282 -424
427 661
534 97
193 76
77 523
-141 43
-495 -98
391 -438
454 878
-475 199
-88 -340
915 159
7 605
-880 -1137
-224 252
683 -149
73 -518
942 -1429
79 -407
160 794
409 57
-229 -925
432 -1396
317 332
151 124
-980 -383
1383 -700
-1412 20
-48 468
326 -739
-304 -452
955 -645
482 332
-253 -301
-343 115
-149 319
643 -44
114 -272
-571 -339
145 331
29 163
-667 630
-792 117
75 33
252 918
-14 1301
54 468
-101 631
973 -521
407 187
-115 1241
-485 68
-829 -1019
762 -721
-821 -1427
148 -783
60 -462
392 -528
-1166 86
-94 -307
596 313
250 -311
109 -464
-313 -105
1085 737
213 61
742 -333
-992 -618
-13 -275
566 506
421 328
218 772
1289 -318
-391 -195
150 -330
-121 -665
944 636
635 204
-975 -340
-574 -263
-29 -348
-498 799
90 -81
-47 286
168 885
-494 -479
-208 -678
315 -514
-463 -1194
-786 -957
281 195
-11 -883
133 -420
-707 -35
380 -137
320 471
1242 232
1651 166
428 828
883 528
-127 369
65 -63
307 380
-552 536
-689 1142
-511 1112
-318 -743
-160 -770
-164 118
451 1056
-745 -3
1152 1237
253 717
-102 1014
1368 836
637 -395
-1168 493
-42 -370
90 556
-363 722
354 -452
-286 267
341 1261
536 175
-932 -79
288 -220
18 -45
-353 -417
1153 -644
199 -327
-13 -134
1087 -1123
-73 -902
-157 915
687 774
-578 -847
-256 -227
55 -199
-727 81
819 515
-191 452
487 -1138
-779 -75
569 250
-881 -599
423 -918
592 -369
-343 49
405 135
-320 81
-1547 181
-80 -270
-92 252
-194 343
-495 -254
-57 -749
523 440
-761 303
-199 814
-438 917
-538 -24
550 -485
231 -286
150 575
281 -593
-331 566
-881 1212
717 -609
209 -203
-368 -1061
-717 198
172 1151
-352 249
-1136 -728
-277 -249
1026 498
946 260
642 672
-221 999
792 -9
-172 383
-318 -165
679 182
65 20
-794 -473
-197 -46
-339 -772
-1057 -371
-194 370
-59 631
-143 788
642 -319
-458 -1141
968 -1211
-240 48
620 591
-588 331
1304 -587
80 -5
-838 1311
-374 -197
-933 -429
19 -54
-606 190
87 291
-394 -1116
287 61
-97 41
243 -83
288 628
946 489
-2 -739
19 -302
863 60
71 -94
98 -147
177 1115
-379 -80
-638 425
182 1179
-682 -65
889 -793
264 -194
150 -109
224 947
213 656
-369 983
690 -864
-434 -158
157 99
-88 78
-321 -515
-139 1013
213 248
-88 121
249 -310
46 52
-18 -384
-249 149
3 -688
4 399
-302 483
-459 -336
-129 493
251 -220
32 -784
3 468
-394 250
213 9
101 -347
-715 -610
310 555
-435 309
272 -245
172 387
-129 459
-754 -930
-183 -103
-392 -666
738 -71
-573 227
-891 -717
-129 431
-408 172
601 -485
1114 -598
107 1043
396 -1490
360 -844
610 537
-336 -1216
-1019 504
-452 159
-345 321
452 529
237 -278
626 -725
-624 -51
-358 -630
108 -49
-780 -291
-143 -275
-1459 -680
233 -167
630 -1055
659 -486
-700 334
-210 -1511
-114 -1
-186 148
145 -515
532 -606
-405 -207
-233 -145
-12 -272
555 569
-407 174
832 -135
-1648 762
220 247
-253 -154
-784 -33
16 -334
-291 880
83 -910
-209 -412
-60 158
-184 -907
-280 563
-93 181
1321 -391
324 329
1288 -541
567 365
-774 -668
-1203 177
-285 108
192 -678
-349 -610
193 533
205 -179
222 -761
-153 516
-254 -1150
-119 155
630 -498
389 -540
-270 -754
-784 45
396 654
-25 74
543 -345
281 -306
-378 427
1045 40
-474 48
733 -497
785 696
323 -605
81 295
1157 390
-1942 225
-249 -402
392 -577
932 338
135 -980
-39 808
589 102
-32 65
536 49
1113 213
74 -872
-90 489
-629 708
358 643
-294 -319
411 122
1516 411
1350 281
648 95
-378 362
289 -1257
-685 793
-887 -43
-266 461
773 -898
809 524
-991 -125
-41 756
-606 -136
716 -699
-773 267
246 99
-748 151
-1251 -309
478 98
-231 598
273 -1107
-823 163
-148 -443
379 -81
1021 566
42 -8
-593 -24
290 1543
-60 -42
-1642 947
-1569 -80
419 -77
123 261
225 43
-482 570
790 -545
91 468
556 -865
504 171
1341 537
1469 -373
636 -263
-508 -288
-11 -14
580 -476
-782 -339
1147 -65
371 -1015
795 -391
326 -17
949 -321
278 -861
-227 596
-311 -457
-1046 3
36 -681
3 421
-689 532
795 411
8 -206
97 -315
241 -280
945 -694
538 -91
809 1223
-310 -1164
-162 -113
-421 -625
-266 1233
-636 442
-62 241
1209 342
-79 -496
340 910
789 -189
678 385
-380 520
-184 -218
606 557
86 354
-81 706
-389 -63
802 -837
-633 -180
146 -785
-670 -201
-1022 -739
-617 324
-93 1540
182 462
205 832
189 59
448 -1111
-88 -76
299 238
-598 343
1464 247
-147 693
459 450
-51 -168
-645 1090
-575 -244
102 -144
617 -798
296 -985
-74 491
1044 180
75 1376
-896 337
-564 283
723 252
578 -148
-107 -554
103 -952
-381 1106
1072 -98
-522 551
-100 -259
-553 -219
-615 -302
-956 654
-68 -666
-568 205
-111 237
509 112
-295 -93
790 -1811
-555 -123
-132 -738
894 -651
545 305
832 -662
95 -572
373 497
-75 -492
-210 -1340
-168 681
229 -12
280 1025
-188 -785
528 -359
-567 360
622 -475
316 298
92 378
-373 302
-85 -662
645 -287
55 -110
482 -833
753 352
330 -248
109 -547
327 -162
103 -936
479 114
-133 -411
405 245
-671 162
1061 -295
307 -1341
-675 929
-380 634
-526 283
429 -268
455 -698
-312 683
-413 -172
899 1035
-244 269
1098 -369
-403 -168
102 365
-40 42
112 -125
-678 -118
658 -1317
348 307
-18 -340
740 254
835 135
-107 -316
264 -716
-14 816
113 1144
-147 599
-250 380
-431 -1529
-47 527
-904 299
-398 257
-317 -251
-829 -1369
-458 223
381 46
-913 -765
144 27
-652 694
445 -1060
344 -87
-99 -78
-161 -328
-551 1
343 102
-114 -45
-1211 -480
939 123
-125 -1054
715 -1156
562 544
1060 100
-146 -196
56 751
1722 103
-344 -60
-589 859
130 895
167 -457
997 -288
895 1086
-149 303
40 1751
-133 373
-374 -418
-777 -274
738 641
-1425 -285
506 328
179 -121
-201 523
403 -263
-431 163
-159 -388
-453 -501
152 62
435 -55
360 -127
15 684
162 803
683 731
-15 163
-496 110
124 -99
-41 -278
-295 -295
1010 -328
391 -383
189 -405
-800 179
-77 -395
168 -206
-29 -1101
-1231 492
462 664
-712 -781
51 -689
-239 594
-73 102
532 -220
1343 78
-800 -850
-36 816
276 -929
710 77
147 -114
-36 1022
201 56
-199 212
803 505
-485 -81
693 -189
889 265
-130 136
-409 45
280 -238
-141 -579
-172 1041
537 506
-944 220
-857 62
-643 774
-1345 630
423 37
-758 -463
-679 952
348 -32
983 -494
-635 -392
-285 541
44 -83
-755 277
-623 -420
-528 421
-167 -1034
-918 -368
481 110
-512 1318
-986 359
-490 160
1166 362
463 -244
14 -261
-614 -721
1217 237
224 -389
431 -266
269 726
-135 187
-388 737
-4 97
-64 304
-169 -406
-111 -121
-140 787
-52 -43
828 -944
148 417
-538 -379
304 -344
1066 698
318 31
435 492
-526 -327
705 58
-360 -321
-703 545
-997 162
-397 57
38 -648
-42 212
-169 -502
-956 700
26 376
-421 -173
-1585 -123
-16 -371
492 -432
824 540
-324 1549
1564 216
528 263
-983 -290
-878 188
650 -776
35 517
-506 269
-8 341
-680 -56
620 -839
165 137
-49 -1004
772 -438
-790 -359
-372 -252
-58 563
-981 -450
1101 1121
541 710
-69 -529
-403 464
158 -469
68 1031
1592 -289
-529 -343
474 -115
244 880
970 747
-604 1059
-1319 375
996 -617
-1 508
-332 -429
-289 711
709 -339
579 27
-328 -266
470 133
-525 1478
468 -1104
-14 -403
-426 1625
-895 401
696 -759
28 1196
-64 728
294 -84
831 -17
-155 47
-354 -102
-173 620
-557 -449
-116 -450
39 95
278 43
973 -437
-193 -253
-488 -1020
-615 854
447 1069
133 1500
-192 150
25 363
-443 331
416 -265
-543 152
-331 476
394 -287
-355 -643
899 -309
102 38
620 112
1025 -767
-672 507
165 -275
861 -257
-975 1303
313 887
-40 533
209 626
-868 -74
-572 388
558 -1756
-1017 -352
705 427
560 18
46 817
219 880
-320 -66
576 529
-360 603
-307 -159
283 -304
-349 -1064
328 836
195 922
-851 74
347 -1549
833 490
-199 -232
853 249
155 -68
-311 179
-998 54
1372 500
174 -46
223 -445
-432 468
100 -245
-49 77
1391 145
-680 844
110 -572
-1775 -490
-624 502
-497 -511
-184 -231
-657 572
-1006 517
397 960
-301 1046
-197 988
-629 3
718 451
347 -186
-299 70
-887 541
688 823
-145 -398
-952 865
221 95
682 -110
-873 499
969 166
264 -64
15 -455
-329 -956
-107 -674
-804 127
-464 653
136 521
-481 604
397 -893
750 242
-366 -873
705 31
92 -35
329 138
590 -483
788 756
289 -993
-44 -1061
268 -127
-71 40
-119 -126
-573 -461
899 -2
952 209
-536 -1318
-815 -346
71 288
224 110
-953 -806
-434 166
-378 -953
602 -620
190 -910
1086 812
690 567
-434 -125
1303 240
-14 -536
303 184
285 -933
-133 331
361 373
-110 -617
279 -349
549 379
-966 -362
-521 -549
-139 -86
574 -431
725 -814
-773 965
-603 89
528 129
1580 376
379 -173
917 -681
66 525
-460 144
-948 387
-750 202
1031 364
498 408
-366 185
90 756
107 -426
-666 -33
359 -528
723 83
-661 56
-637 288
-10 -482
364 -244
-327 -60
782 24
498 1281
578 374
790 -1069
-88 -191
-260 1164
-662 52
171 741
504 -426
-919 700
856 2
-140 -207
1134 -28
-907 1456
-1041 352
1313 -137
988 -179
61 -713
382 16
-531 -1027
-585 -410
1150 -268
-671 -127
-899 511
135 277
-1063 -1101
239 626
442 -792
-1067 556
-449 -670
1015 -156
-127 27
46 198
926 -255
-767 714
-514 365
-237 521
648 -30
-29 537
47 782
-100 -35
-798 -198
-79 -319
520 -190
571 -1125
910 377
43 924
427 18
-549 214
-324 -798
-164 -15
30 53
1114 150
130 -86
-233 961
-242 -265
947 98
325 70
-642 -351
406 7
-593 -814
-450 -465
-67 -752
-553 560
20 766
-193 212
1139 -246
-1055 -28
839 -95
-173 -294
-304 17
-546 -270
822 -85
-678 -822
-218 822
421 1305
-489 734
-540 347
-710 659
-293 102
69 28
-21 150
398 -275
272 -1735
-552 -513
-472 -223
-53 163
-198 342
-457 -210
-193 1302
-242 137
-150 -656
-197 -389
-388 -202
307 -543
503 1026
87 1485
-1145 -127
535 131
789 955
1099 304
-538 -614
1296 -69
146 215
183 13
-579 -672
-481 603
419 -610
775 -513
1144 1266
-478 -764
1130 -99
1031 -176
-681 201
1258 -583
-175 352
68 -30
378 -496
-1213 368
55 -593
-191 -435
282 -424
427 661
534 97
193 76
77 523
-141 43
-495 -98
391 -438
454 878
-475 199
-88 -340
915 159
7 605
-880 -1137
-224 252
683 -149
73 -518
942 -1429
79 -407
160 794
409 57
-229 -925
432 -1396
317 332
151 124
-980 -383
1383 -700
-1412 20
-48 468
326 -739
-304 -452
955 -645
482 332
-253 -301
-343 115
-149 319
643 -44
114 -272
-571 -339
145 331
29 163
-667 630
-792 117
75 33
252 918
-14 1301
54 468
-101 631
973 -521
407 187
-115 1241
-485 68
-829 -1019
762 -721
-821 -1427
148 -783
60 -462
392 -528
-1166 86
-94 -307
596 313
250 -311
109 -464
-313 -105
1085 737
213 61
742 -333
-992 -618
-13 -275
566 506
421 328
218 772
1289 -318
-391 -195
150 -330
-121 -665
944 636
635 204
-975 -340
-574 -263
-29 -348
-498 799
90 -81
-47 286
168 885
-494 -479
-208 -678
315 -514
-463 -1194
-786 -957
281 195
-11 -883
133 -420
-707 -35
380 -137
320 471
1242 232
1651 166
428 828
883 528
-127 369
65 -63
307 380
-552 536
-689 1142
-511 1112
-318 -743
-160 -770
-164 118
451 1056
-745 -3
1152 1237
253 717
-102 1014
1368 836
637 -395
-1168 493
-42 -370
90 556
-363 722
354 -452
-286 267
341 1261
536 175
-932 -79
288 -220
18 -45
-353 -417
1153 -644
199 -327
-13 -134
1087 -1123
-73 -902
-157 915
687 774
-578 -847
-256 -227
55 -199
-727 81
819 515
-191 452
487 -1138
-779 -75
569 250
-881 -599
423 -918
592 -369
-343 49
405 135
-320 81
-1547 181
-80 -270
-92 252
-194 343
-495 -254
-57 -749
523 440
-761 303
-199 814
-438 917
-538 -24
550 -485
231 -286
150 575
281 -593
-331 566
-881 1212
717 -609
209 -203
-368 -1061
-717 198
172 1151
-352 249
-1136 -728
-277 -249
1026 498
946 260
642 672
-221 999
792 -9
-172 383
-318 -165
679 182
65 20
-794 -473
-197 -46
-339 -772
-1057 -371
-194 370
-59 631
-143 788
642 -319
-458 -1141
968 -1211
-240 48
620 591
-588 331
1304 -587
80 -5
-838 1311
-374 -197
-933 -429
19 -54
-606 190
87 291
-394 -1116
287 61
-97 41
243 -83
288 628
946 489
-2 -739
19 -302
863 60
71 -94
98 -147
177 1115
-379 -80
-638 425
182 1179
-682 -65
889 -793
264 -194
150 -109
224 947
213 656
-369 983
690 -864
-434 -158
157 99
-88 78
-321 -515
-139 1013
213 248
-88 121
249 -310
46 52
-18 -384
-249 149
3 -688
4 399
-302 483
-459 -336
-129 493
251 -220
32 -784
3 468
-394 250
213 9
101 -347
-715 -610
310 555
-435 309
272 -245
172 387
-129 459
-754 -930
-183 -103
-392 -666
738 -71
-573 227
-891 -717
-129 431
-408 172
601 -485
1114 -598
107 1043
396 -1490
360 -844
610 537
-336 -1216
-1019 504
-452 159
-345 321
452 529
237 -278
626 -725
-624 -51
-358 -630
108 -49
-780 -291
-143 -275
-1459 -680
233 -167
630 -1055
659 -486
-700 334
-210 -1511
-114 -1
-186 148
145 -515
532 -606
-405 -207
-233 -145
-12 -272
555 569
-407 174
832 -135
-1648 762
220 247
-253 -154
-784 -33
16 -334
-291 880
83 -910
-209 -412
-60 158
-184 -907
-280 563
-93 181
1321 -391
324 329
1288 -541
567 365
-774 -668
-1203 177
-285 108
192 -678
-349 -610
193 533
205 -179
222 -761
-153 516
-254 -1150
-119 155
630 -498
389 -540
-270 -754
-784 45
396 654
-25 74
543 -345
281 -306
-378 427
1045 40
-474 48
733 -497
785 696
323 -605
81 295
1157 390
-1942 225
-249 -402
392 -577
932 338
135 -980
-39 808
589 102
-32 65
536 49
1113 213
74 -872
-90 489
-629 708
358 643
-294 -319
411 122
1516 411
1350 281
648 95
-378 362
289 -1257
-685 793
-887 -43
-266 461
773 -898
809 524
-991 -125
-41 756
-606 -136
716 -699
-773 267
246 99
-748 151
-1251 -309
478 98
-231 598
273 -1107
-823 163
-148 -443
379 -81
1021 566
42 -8
-593 -24
290 1543
-60 -42
-1642 947
-1569 -80
419 -77
123 261
225 43
-482 570
790 -545
91 468
556 -865
504 171
1341 537
1469 -373
636 -263
-508 -288
-11 -14
580 -476
-782 -339
1147 -65
371 -1015
795 -391
326 -17
949 -321
278 -861
-227 596
-311 -457
-1046 3
36 -681
3 421
-689 532
795 411
8 -206
97 -315
241 -280
945 -694
538 -91
809 1223
-310 -1164
-162 -113
-421 -625
-266 1233
-636 442
-62 241
1209 342
-79 -496
340 910
789 -189
678 385
-380 520
-184 -218
606 557
86 354
-81 706
-389 -63
802 -837
-633 -180
146 -785
-670 -201
-1022 -739
-617 324
-93 1540
182 462
205 832
189 59
448 -1111
-88 -76
299 238
-598 343
1464 247
-147 693
459 450
-51 -168
-645 1090
-575 -244
102 -144
617 -798
296 -985
-74 491
1044 180
75 1376
-896 337
-564 283
723 252
578 -148
-107 -554
103 -952
-381 1106
1072 -98
-522 551
-100 -259
-553 -219
-615 -302
-956 654
-68 -666
-568 205
-111 237
509 112
-295 -93
790 -1811
-555 -123
-132 -738
894 -651
545 305
832 -662
95 -572
373 497
-75 -492
-210 -1340
-168 681
229 -12
280 1025
-188 -785
528 -359
-567 360
622 -475
316 298
92 378
-373 302
-85 -662
645 -287
55 -110
482 -833
753 352
330 -248
109 -547
327 -162
103 -936
479 114
-133 -411
405 245
-671 162
1061 -295
307 -1341
-675 929
-380 634
-526 283
429 -268
455 -698
-312 683
-413 -172
899 1035
-244 269
1098 -369
-403 -168
102 365
-40 42
112 -125
-678 -118
658 -1317
348 307
-18 -340
740 254
835 135
-107 -316
264 -716
-14 816
113 1144
-147 599
-250 380
-431 -1529
-47 527
-904 299
-398 257
-317 -251
-829 -1369
-458 223
381 46
-913 -765
144 27
-652 694
445 -1060
344 -87
-99 -78
-161 -328
-551 1
343 102
-114 -45
-1211 -480
939 123
-125 -1054
715 -1156
562 544
1060 100
-146 -196
56 751
1722 103
-344 -60
-589 859
130 895
167 -457
997 -288
895 1086
-149 303
40 1751
-133 373
-374 -418
-777 -274
738 641
-1425 -285
506 328
179 -121
-201 523
403 -263
-431 163
-159 -388
-453 -501
152 62
435 -55
360 -127
15 684
162 803
683 731
-15 163
-496 110
124 -99
-41 -278
-295 -295
1010 -328
391 -383
189 -405
-800 179
-77 -395
168 -206
-29 -1101
-1231 492
462 664
-712 -781
51 -689
-239 594
-73 102
532 -220
1343 78
-800 -850
-36 816
276 -929
710 77
147 -114
-36 1022
201 56
-199 212
803 505
-485 -81
693 -189
889 265
-130 136
-409 45
280 -238
-141 -579
-172 1041
537 506
-944 220
-857 62
-643 774
-1345 630
423 37
-758 -463
-679 952
348 -32
983 -494
-635 -392
-285 541
44 -83
-755 277
-623 -420
-528 421
-167 -1034
-918 -368
481 110
-512 1318
-986 359
-490 160
1166 362
463 -244
14 -261
-614 -721
1217 237
224 -389
431 -266
269 726
-135 187
-388 737
-4 97
-64 304
-169 -406
-111 -121
-140 787
-52 -43
828 -944
148 417
-538 -379
304 -344
1066 698
318 31
435 492
-526 -327
705 58
-360 -321
-703 545
-997 162
-397 57
38 -648
-42 212
-169 -502
-956 700
26 376
-421 -173
-1585 -123
-16 -371
492 -432
824 540
-324 1549
1564 216
528 263
-983 -290
-878 188
650 -776
35 517
-506 269
-8 341
-680 -56
620 -839
165 137
-49 -1004
772 -438
-790 -359
-372 -252
-58 563
-981 -450
1101 1121
541 710
-69 -529
-403 464
158 -469
68 1031
1592 -289
-529 -343
474 -115
244 880
970 747
-604 1059
-1319 375
996 -617
-1 508
-332 -429
-289 711
709 -339
579 27
-328 -266
470 133
-525 1478
468 -1104
-14 -403
-426 1625
-895 401
696 -759
28 1196
-64 728
294 -84
831 -17
-155 47
-354 -102
-173 620
-557 -449
-116 -450
39 95
278 43
973 -437
-193 -253
-488 -1020
-615 854
447 1069
133 1500
-192 150
25 363
-443 331
416 -265
-543 152
-331 476
394 -287
-355 -643
899 -309
102 38
620 112
1025 -767
-672 507
165 -275
861 -257
-975 1303
313 887
-40 533
209 626
-868 -74
-572 388
558 -1756
-1017 -352
705 427
560 18
46 817
219 880
-320 -66
576 529
-360 603
-307 -159
283 -304
-349 -1064
328 836
195 922
-851 74
347 -1549
833 490
-199 -232
853 249
155 -68
-311 179
-998 54
1372 500
174 -46
223 -445
-432 468
100 -245
-49 77
1391 145
-680 844
110 -572
-1775 -490
-624 502
-497 -511
-184 -231
-657 572
-1006 517
397 960
-301 1046
-197 988
-629 3
718 451
347 -186
-299 70
-887 541
688 823
-145 -398
-952 865
221 95
682 -110
-873 499
969 166
264 -64
15 -455
-329 -956
-107 -674
-804 127
-464 653
136 521
-481 604
397 -893
750 242
-366 -873
705 31
92 -35
329 138
590 -483
788 756
289 -993
-44 -1061
268 -127
-71 40
-119 -126
-573 -461
899 -2
952 209
-536 -1318
-815 -346
71 288
224 110
-953 -806
-434 166
-378 -953
602 -620
190 -910
1086 812
690 567
-434 -125
1303 240
-14 -536
303 184
285 -933
-133 331
361 373
-110 -617
279 -349
549 379
-966 -362
-521 -549
-139 -86
574 -431
725 -814
-773 965
-603 89
528 129
1580 376
379 -173
917 -681
66 525
-460 144
-948 387
-750 202
1031 364
498 408
-366 185
90 756
107 -426
-666 -33
359 -528
723 83
-661 56
-637 288
-10 -482
364 -244
-327 -60
782 24
498 1281
578 374
790 -1069
-88 -191
-260 1164
-662 52
171 741
504 -426
-919 700
856 2
-140 -207
1134 -28
-907 1456
-1041 352
1313 -137
988 -179
61 -713
382 16
-531 -1027
-585 -410
1150 -268
-671 -127
-899 511
135 277
-1063 -1101
239 626
442 -792
-1067 556
-449 -670
1015 -156
-127 27
46 198
926 -255
-767 714
-514 365
-237 521
648 -30
-29 537
47 782
-100 -35
-798 -198
-79 -319
520 -190
571 -1125
910 377
43 924
427 18
-549 214
-324 -798
-164 -15
30 53
1114 150
130 -86
-233 961
-242 -265
947 98
325 70
-642 -351
406 7
-593 -814
-450 -465
-67 -752
-553 560
20 766
-193 212
1139 -246
-1055 -28
839 -95
-173 -294
-304 17
-546 -270
822 -85
-678 -822
-218 822
421 1305
-489 734
-540 347
-710 659
-293 102
69 28
-21 150
398 -275
272 -1735
-552 -513
-472 -223
-53 163
-198 342
-457 -210
-193 1302
-242 137
-150 -656
-197 -389
-388 -202
307 -543
503 1026
87 1485
-1145 -127
535 131
789 955
1099 304
-538 -614
1296 -69
146 215
183 13
-579 -672
-481 603
419 -610
775 -513
1144 1266
-478 -764
1130 -99
1031 -176
-681 201
1258 -583
-175 352
68 -30
378 -496
-1213 368
55 -593
-191 -435
282 -424
427 661
534 97
193 76
77 523
-141 43
-495 -98
391 -438
454 878
-475 199
-88 -340
915 159
7 605
-880 -1137
-224 252
683 -149
73 -518
942 -1429
79 -407
160 794
409 57
-229 -925
432 -1396
317 332
151 124
-980 -383
1383 -700
-1412 20
-48 468
326 -739
-304 -452
955 -645
482 332
-253 -301
-343 115
-149 319
643 -44
114 -272
-571 -339
145 331
29 163
-667 630
-792 117
75 33
252 918
-14 1301
54 468
-101 631
973 -521
407 187
-115 1241
-485 68
-829 -1019
762 -721
-821 -1427
148 -783
60 -462
392 -528
-1166 86
-94 -307
596 313
250 -311
109 -464
-313 -105
1085 737
213 61
742 -333
-992 -618
-13 -275
566 506
421 328
218 772
1289 -318
-391 -195
150 -330
-121 -665
944 636
635 204
-975 -340
-574 -263
-29 -348
-498 799
90 -81
-47 286
168 885
-494 -479
-208 -678
315 -514
-463 -1194
-786 -957
281 195
-11 -883
133 -420
-707 -35
380 -137
320 471
1242 232
1651 166
428 828
883 528
-127 369
65 -63
307 380
-552 536
-689 1142
-511 1112
-318 -743
-160 -770
-164 118
451 1056
-745 -3
1152 1237
253 717
-102 1014
1368 836
637 -395
-1168 493
-42 -370
90 556
-363 722
354 -452
-286 267
341 1261
536 175
-932 -79
288 -220
18 -45
-353 -417
1153 -644
199 -327
-13 -134
1087 -1123
-73 -902
-157 915
687 774
-578 -847
-256 -227
55 -199
-727 81
819 515
-191 452
487 -1138
-779 -75
569 250
-881 -599
423 -918
592 -369
-343 49
405 135
-320 81
-1547 181
-80 -270
-92 252
-194 343
-495 -254
-57 -749
523 440
-761 303
-199 814
-438 917
-538 -24
550 -485
231 -286
150 575
281 -593
-331 566
-881 1212
717 -609
209 -203
-368 -1061
-717 198
172 1151
-352 249
-1136 -728
-277 -249
1026 498
946 260
642 672
-221 999
792 -9
-172 383
-318 -165
679 182
65 20
-794 -473
-197 -46
-339 -772
-1057 -371
-194 370
-59 631
-143 788
642 -319
-458 -1141
968 -1211
-240 48
620 591
-588 331
1304 -587
80 -5
-838 1311
-374 -197
-933 -429
19 -54
-606 190
87 291
-394 -1116
287 61
-97 41
243 -83
288 628
946 489
-2 -739
19 -302
863 60
71 -94
98 -147
177 1115
-379 -80
-638 425
182 1179
-682 -65
889 -793
264 -194
150 -109
224 947
213 656
-369 983
690 -864
-434 -158
157 99
-88 78
-321 -515
-139 1013
213 248
-88 121
249 -310
46 52
-18 -384
-249 149
3 -688
4 399
-302 483
-459 -336
-129 493
251 -220
32 -784
3 468
-394 250
213 9
101 -347
-715 -610
310 555
-435 309
272 -245
172 387
-129 459
-754 -930
-183 -103
-392 -666
738 -71
-573 227
-891 -717
-129 431
-408 172
601 -485
1114 -598
107 1043
396 -1490
360 -844
610 537
-336 -1216
-1019 504
-452 159
-345 321
452 529
237 -278
626 -725
-624 -51
-358 -630
108 -49
-780 -291
-143 -275
-1459 -680
233 -167
630 -1055
659 -486
-700 334
-210 -1511
-114 -1
-186 148
145 -515
532 -606
-405 -207
-233 -145
-12 -272
555 569
-407 174
832 -135
-1648 762
220 247
-253 -154
-784 -33
16 -334
-291 880
83 -910
-209 -412
-60 158
-184 -907
-280 563
-93 181
1321 -391
324 329
1288 -541
567 365
-774 -668
-1203 177
-285 108
192 -678
-349 -610
193 533
205 -179
222 -761
-153 516
-254 -1150
-119 155
630 -498
389 -540
-270 -754
-784 45
396 654
-25 74
543 -345
281 -306
-378 427
1045 40
-474 48
733 -497
785 696
323 -605
81 295
1157 390
-1942 225
-249 -402
392 -577
932 338
135 -980
-39 808
589 102
-32 65
536 49
1113 213
74 -872
-90 489
-629 708
358 643
-294 -319
411 122
1516 411
1350 281
648 95
-378 362
289 -1257
-685 793
-887 -43
-266 461
773 -898
809 524
-991 -125
-41 756
-606 -136
716 -699
-773 267
246 99
-748 151
-1251 -309
478 98
-231 598
273 -1107
-823 163
-148 -443
379 -81
1021 566
42 -8
-593 -24
290 1543
-60 -42
-1642 947
-1569 -80
419 -77
123 261
225 43
-482 570
790 -545
91 468
556 -865
504 171
1341 537
1469 -373
636 -263
-508 -288
-11 -14
580 -476
-782 -339
1147 -65
371 -1015
795 -391
326 -17
949 -321
278 -861
-227 596
-311 -457
-1046 3
36 -681
3 421
-689 532
795 411
8 -206
97 -315
241 -280
945 -694
538 -91
809 1223
-310 -1164
-162 -113
-421 -625
-266 1233
-636 442
-62 241
1209 342
-79 -496
340 910
789 -189
678 385
-380 520
-184 -218
606 557
86 354
-81 706
-389 -63
802 -837
-633 -180
146 -785
-670 -201
-1022 -739
-617 324
-93 1540
182 462
205 832
189 59
448 -1111
-88 -76
299 238
-598 343
1464 247
-147 693
459 450
-51 -168
-645 1090
-575 -244
102 -144
617 -798
296 -985
-74 491
1044 180
75 1376
-896 337
-564 283
723 252
578 -148
-107 -554
103 -952
-381 1106
1072 -98
-522 551
-100 -259
-553 -219
-615 -302
-956 654
-68 -666
-568 205
-111 237
509 112
-295 -93
790 -1811
-555 -123
-132 -738
894 -651
545 305
832 -662
95 -572
373 497
-75 -492
-210 -1340
-168 681
229 -12
280 1025
-188 -785
528 -359
-567 360
622 -475
316 298
92 378
-373 302
-85 -662
645 -287
55 -110
482 -833
753 352
330 -248
109 -547
327 -162
103 -936
479 114
-133 -411
405 245
-671 162
1061 -295
307 -1341
-675 929
-380 634
-526 283
429 -268
455 -698
-312 683
-413 -172
899 1035
-244 269
1098 -369
-403 -168
102 365
-40 42
112 -125
-678 -118
658 -1317
348 307
-18 -340
740 254
835 135
-107 -316
264 -716
-14 816
113 1144
-147 599
-250 380
-431 -1529
-47 527
-904 299
-398 257
-317 -251
-829 -1369
-458 223
381 46
-913 -765
144 27
-652 694
445 -1060
344 -87
-99 -78
-161 -328
-551 1
343 102
-114 -45
-1211 -480
939 123
-125 -1054
715 -1156
562 544
1060 100
-146 -196
56 751
1722 103
-344 -60
-589 859
130 895
167 -457
997 -288
895 1086
-149 303
40 1751
-133 373
-374 -418
-777 -274
738 641
-1425 -285
506 328
179 -121
-201 523
403 -263
-431 163
-159 -388
-453 -501
152 62
435 -55
360 -127
15 684
162 803
683 731
-15 163
-496 110
124 -99
-41 -278
-295 -295
1010 -328
391 -383
189 -405
-800 179
-77 -395
168 -206
-29 -1101
-1231 492
462 664
-712 -781
51 -689
-239 594
-73 102
532 -220
1343 78
-800 -850
-36 816
276 -929
710 77
147 -114
-36 1022
201 56
-199 212
803 505
-485 -81
693 -189
889 265
-130 136
-409 45
280 -238
-141 -579
-172 1041
537 506
-944 220
-857 62
-643 774
-1345 630
423 37
-758 -463
-679 952
348 -32
983 -494
-635 -392
-285 541
44 -83
-755 277
-623 -420
-528 421
-167 -1034
-918 -368
481 110
-512 1318
-986 359
-490 160
1166 362
463 -244
14 -261
-614 -721
1217 237
224 -389
431 -266
269 726
-135 187
-388 737
-4 97
-64 304
-169 -406
-111 -121
-140 787
-52 -43
828 -944
148 417
-538 -379
304 -344
1066 698
318 31
435 492
-526 -327
705 58
-360 -321
-703 545
-997 162
-397 57
38 -648
-42 212
-169 -502
-956 700
26 376
-421 -173
-1585 -123
-16 -371
492 -432
824 540
-324 1549
1564 216
528 263
-983 -290
-878 188
650 -776
35 517
-506 269
-8 341
-680 -56
620 -839
165 137
-49 -1004
772 -438
-790 -359
-372 -252
-58 563
-981 -450
1101 1121
541 710
-69 -529
-403 464
158 -469
68 1031
1592 -289
-529 -343
474 -115
244 880
970 747
-604 1059
-1319 375
996 -617
-1 508
-332 -429
-289 711
709 -339
579 27
-328 -266
470 133
-525 1478
468 -1104
-14 -403
-426 1625
-895 401
696 -759
28 1196
-64 728
294 -84
831 -17
-155 47
-354 -102
-173 620
-557 -449
-116 -450
39 95
278 43
973 -437
-193 -253
-488 -1020
-615 854
447 1069
133 1500
-192 150
25 363
-443 331
416 -265
-543 152
-331 476
394 -287
-355 -643
899 -309
102 38
620 112
1025 -767
-672 507
165 -275
861 -257
-975 1303
313 887
-40 533
209 626
-868 -74
-572 388
558 -1756
-1017 -352
705 427
560 18
46 817
219 880
-320 -66
576 529
-360 603
-307 -159
283 -304
-349 -1064
328 836
195 922
-851 74
347 -1549
833 490
-199 -232
853 249
155 -68
-311 179
-998 54
1372 500
174 -46
223 -445
-432 468
100 -245
-49 77
1391 145
-680 844
110 -572
-1775 -490
-624 502
-497 -511
-184 -231
-657 572
-1006 517
397 960
-301 1046
-197 988
-629 3
718 451
347 -186
-299 70
-887 541
688 823
-145 -398
-952 865
221 95
682 -110
-873 499
969 166
264 -64
15 -455
-329 -956
-107 -674
-804 127
-464 653
136 521
-481 604
397 -893
750 242
-366 -873
705 31
92 -35
329 138
590 -483
788 756
289 -993
-44 -1061
268 -127
-71 40
-119 -126
-573 -461
899 -2
952 209
-536 -1318
-815 -346
71 288
224 110
-953 -806
-434 166
-378 -953
602 -620
190 -910
1086 812
690 567
-434 -125
1303 240
-14 -536
303 184
285 -933
-133 331
361 373
-110 -617
279 -349
549 379
-966 -362
-521 -549
-139 -86
574 -431
725 -814
-773 965
-603 89
528 129
1580 376
379 -173
917 -681
66 525
-460 144
-948 387
-750 202
1031 364
498 408
-366 185
90 756
107 -426
-666 -33
359 -528
723 83
-661 56
-637 288
-10 -482
364 -244
-327 -60
782 24
498 1281
578 374
790 -1069
-88 -191
-260 1164
-662 52
171 741
504 -426
-919 700
856 2
-140 -207
1134 -28
-907 1456
-1041 352
1313 -137
988 -179
61 -713
382 16
-531 -1027
-585 -410
1150 -268
-671 -127
-899 511
135 277
-1063 -1101
239 626
442 -792
-1067 556
-449 -670
1015 -156
-127 27
46 198
926 -255
-767 714
-514 365
-237 521
648 -30
-29 537
47 782
-100 -35
-798 -198
-79 -319
520 -190
571 -1125
910 377
43 924
427 18
-549 214
-324 -798
