-584 -133
-390 -65
694 32
-290 -204
-653 843
-662 -383
527 -20
-95 -48
-1062 -469
-14 -111
-1013 -932
-870 -583
-487 -870
-973 442
-400 648
-613 94
719 -364
-1475 -146
419 -213
-593 -412
-724 -101
-966 -388
402 -203
-1098 -940
-638 704
1 1187
-909 616
-960 229
-1130 541
-713 -16
-351 -90
-441 32
-22 -393
-148 -1853
-972 -631
-892 -341
-473 45
-618 224
-877 -328
-613 1184
-662 19
-570 -774
-617 -507
-808 -320
-113 -661
83 908
-333 1367
-1565 -245
115 13
369 837
679 186
-958 -732
876 -187
-274 97
-237 -105
-999 -790
-901 485
-1 -728
355 -631
724 1148
-898 -882
710 -217
611 -294
-1101 83
838 -701
-595 234
-352 -148
-42 -614
-1633 250
-365 -711
-611 -553
-138 -542
7 543
114 -21
-227 -42
-343 405
-561 -75
-915 -216
-29 -556
34 760
-895 81
-508 -458
495 41
-413 487
-1300 -1255
-644 134
263 -267
-347 -636
522 -1547
-341 -525
-260 676
-11 -61
-649 -1043
12 -1514
-103 214
-269 6
-1400 -501
963 -818
-1832 -98
-468 350
-94 -857
-724 -570
535 -763
62 214
-673 -419
-763 -3
-569 201
223 -162
-306 -390
-991 -457
-275 213
-391 45
-1087 512
-1212 -1
-345 -85
-168 800
-434 1183
-366 350
-521 513
553 -639
-13 69
-535 1123
-905 -50
-1249 -1137
342 -839
-1241 -1545
-272 -901
-360 -580
-28 -646
-1586 -32
-514 -425
176 195
-170 -429
-311 -582
-733 -223
665 619
-207 -57
322 -451
-1412 -736
-433 -393
146 388
1 210
-202 654
869 -436
-811 -313
-270 -448
-541 -783
524 518
215 86
-1395 -458
-994 -381
-449 -466
-918 681
-330 -199
-467 168
-252 767
-914 -597
-628 -796
-105 -632
-883 -1312
-1206 -1075
-139 77
-431 -1001
-287 -538
-1127 -153
-40 -255
-100 353
822 114
1231 48
8 710
463 410
-547 251
-355 -181
-113 262
-972 418
-1109 1024
-931 994
-738 -861
-580 -888
-584 0
31 938
-1165 -121
732 1119
-167 599
-522 896
948 718
217 -513
-1588 375
-462 -488
-330 438
-783 604
-66 -570
-706 149
-79 1143
116 57
-1352 -197
-132 -338
-402 -163
-773 -535
733 -762
-221 -445
-433 -252
667 -1241
-493 -1020
-577 797
267 656
-998 -965
-676 -345
-365 -317
-1147 -37
399 397
-611 334
67 -1256
-1199 -193
149 132
-1301 -717
3 -1036
172 -487
-763 -69
-15 17
-740 -37
-1967 63
-500 -388
-512 134
-614 225
-915 -372
-477 -867
103 322
-1181 185
-619 696
-858 799
-958 -142
130 -603
-189 -404
-270 457
-139 -711
-751 448
-1301 1094
297 -727
-211 -321
-788 -1179
-1137 80
-248 1033
-772 131
-1556 -846
-697 -367
606 380
526 142
222 554
-641 881
372 -127
-592 265
-738 -283
259 64
-355 -98
-1214 -591
-617 -164
-759 -890
-1477 -489
-614 252
-479 513
-563 670
222 -437
-878 -1259
548 -1329
-660 -70
200 473
-1008 213
884 -705
-340 -123
-1258 1193
-794 -315
-1353 -547
-401 -172
-1026 72
-333 173
-814 -1234
-133 -57
-517 -77
-177 -201
-132 510
526 371
-422 -857
-401 -420
443 -58
-349 -212
-322 -265
-243 997
-799 -198
-1058 307
-238 1061
-1102 -183
469 -911
-156 -312
-270 -227
-196 829
-207 538
-789 865
270 -982
-854 -276
-263 -19
-508 -40
-741 -633
-559 895
-207 130
-508 3
-171 -428
-374 -66
-438 -502
-669 31
-417 -806
-416 281
-722 365
-879 -454
-549 375
-169 -338
-388 -902
-417 350
-814 132
-207 -109
-319 -465
-1135 -728
-110 437
-855 191
-148 -363
-248 269
-549 341
-1174 -1048
-603 -221
-812 -784
318 -189
-993 109
-1311 -835
-549 313
-828 54
181 -603
694 -716
-313 925
-24 -1608
-60 -962
190 419
-756 -1334
-1439 386
-872 41
-765 203
32 411
-183 -396
206 -843
-1044 -169
-778 -748
-312 -167
-1200 -409
-563 -393
-1879 -798
-187 -285
210 -1173
239 -604
-1120 216
-630 -1629
-534 -119
-606 30
-275 -633
112 -724
-825 -325
-653 -263
-432 -390
135 451
-827 56
412 -253
-2068 644
-200 129
-673 -272
-1204 -151
-404 -452
-711 762
-337 -1028
-629 -530
-480 40
-604 -1025
-700 445
-513 63
901 -509
-96 211
868 -659
147 247
-1194 -786
-1623 59
-705 -10
-228 -796
-769 -728
-227 415
-215 -297
-198 -879
-573 398
-674 -1268
-539 37
210 -616
-31 -658
-690 -872
-1204 -73
-24 536
-445 -44
123 -463
-139 -424
-798 309
625 -78
-894 -70
313 -615
365 578
-97 -723
-339 177
737 272
-2362 107
-669 -520
-28 -695
512 220
-285 -1098
-459 690
169 -16
-452 -53
116 -69
693 95
-346 -990
-510 371
-1049 590
-62 525
-714 -437
-9 4
1096 293
930 163
228 -23
-798 244
-131 -1375
-1105 675
-1307 -161
-686 343
353 -1016
389 406
-1411 -243
-461 638
-1026 -254
296 -817
-1193 149
-174 -19
-1168 33
-1671 -427
58 -20
-651 480
-147 -1225
-1243 45
-568 -561
-41 -199
601 448
-378 -126
-1013 -142
-130 1425
-480 -160
-2062 829
-1989 -198
-1 -195
-297 143
-195 -75
-902 452
370 -663
-329 350
136 -983
84 53
921 419
1049 -491
216 -381
-928 -406
-431 -132
160 -594
-1202 -457
727 -183
-49 -1133
375 -509
-94 -135
529 -439
-142 -979
-647 478
-731 -575
-1466 -115
-384 -799
-417 303
-1109 414
375 293
-412 -324
-323 -433
-179 -398
525 -812
118 -209
389 1105
-730 -1282
-582 -231
-841 -743
-686 1115
-1056 324
-482 123
789 224
-499 -614
-80 792
369 -307
258 267
-800 402
-604 -336
186 439
-334 236
-501 588
-809 -181
382 -955
-1053 -298
-274 -903
-1090 -319
-1442 -857
-1037 206
-513 1422
-238 344
-215 714
-231 -59
28 -1229
-508 -194
-121 120
-1018 225
1044 129
-567 575
39 332
-471 -286
-1065 972
-995 -362
-318 -262
197 -916
-124 -1103
-494 373
624 62
-345 1258
-1316 219
-984 165
303 134
158 -266
-527 -672
-317 -1070
-801 988
652 -216
-942 433
-520 -377
-973 -337
-1035 -420
-1376 536
-488 -784
-988 87
-531 119
89 -6
-715 -211
370 -1929
-975 -241
-552 -856
474 -769
125 187
412 -780
-325 -690
-47 379
-495 -610
-630 -1458
-588 563
-191 -130
-140 907
-608 -903
108 -477
-987 242
202 -593
-104 180
-328 260
-793 184
-505 -780
225 -405
-365 -228
62 -951
333 234
-90 -366
-311 -665
-93 -280
-317 -1054
59 -4
-553 -529
-15 127
-1091 44
641 -413
-113 -1459
-1095 811
-800 516
-946 165
9 -386
35 -816
-732 565
-833 -290
479 917
-664 151
678 -487
-823 -286
-318 247
-460 -76
-308 -243
-1098 -236
238 -1435
-72 189
-438 -458
320 136
415 17
-527 -434
-156 -834
-434 698
-307 1026
-567 481
-670 262
-851 -1647
-467 409
-1324 181
-818 139
-737 -369
-1249 -1487
-878 105
-39 -72
-1333 -883
-276 -91
-1072 576
25 -1178
-76 -205
-519 -196
-581 -446
-971 -117
-77 -16
-534 -163
-1631 -598
519 5
-545 -1172
295 -1274
142 426
640 -18
-566 -314
-364 633
1302 -15
-764 -178
-1009 741
-290 777
-253 -575
577 -406
475 968
-569 185
-380 1633
-553 255
-794 -536
-1197 -392
318 523
-1845 -403
86 210
-241 -239
-621 405
-17 -381
-851 45
-579 -506
-873 -619
-268 -56
15 -173
-60 -245
-405 566
-258 685
263 613
-435 45
-916 -8
-296 -217
-461 -396
-715 -413
590 -446
-29 -501
-231 -523
-1220 61
-497 -513
-252 -324
-449 -1219
-1651 374
42 546
-1132 -899
-369 -807
-659 476
-493 -16
112 -338
923 -40
-1220 -968
-456 698
-144 -1047
290 -41
-273 -232
-456 904
-219 -62
-619 94
383 387
-905 -199
273 -307
469 147
-550 18
-829 -73
-140 -356
-561 -697
-592 923
117 388
-1364 102
-1277 -56
-1063 656
-1765 512
3 -81
-1178 -581
-1099 834
-72 -150
563 -612
-1055 -510
-705 423
-376 -201
-1175 159
-1043 -538
-948 303
-587 -1152
-1338 -486
61 -8
-932 1200
-1406 241
-910 42
746 244
43 -362
-406 -379
-1034 -839
797 119
-196 -507
11 -384
-151 608
-555 69
-808 619
-424 -21
-484 186
-589 -524
-531 -239
-560 669
-472 -161
408 -1062
-272 299
-958 -497
-116 -462
646 580
-102 -87
15 374
-946 -445
285 -60
-780 -439
-1123 427
-1417 44
-817 -61
-382 -766
-462 94
-589 -620
-1376 582
-394 258
-841 -291
-2005 -241
-436 -489
72 -550
404 422
-744 1431
1144 98
108 145
-1403 -408
-1298 70
230 -894
-385 399
-926 151
-428 223
-1100 -174
200 -957
-255 19
-469 -1122
352 -556
-1210 -477
-792 -370
-478 445
-1401 -568
681 1003
121 592
-489 -647
-823 346
-262 -587
-352 913
1172 -407
-949 -461
54 -233
-176 762
550 629
-1024 941
-1739 257
576 -735
-421 390
-752 -547
-709 593
289 -457
159 -91
-748 -384
50 15
-945 1360
48 -1222
-434 -521
-846 1507
-1315 283
276 -877
-392 1078
-484 610
-126 -202
411 -135
-575 -71
-774 -220
-593 502
-977 -567
-536 -568
-381 -23
-142 -75
553 -555
-613 -371
-908 -1138
-1035 736
27 951
-287 1382
-612 32
-395 245
-863 213
-4 -383
-963 34
-751 358
-26 -405
-775 -761
479 -427
-318 -80
200 -6
605 -885
-1092 389
-255 -393
441 -375
-1395 1185
-107 769
-460 415
-211 508
-1288 -192
-992 270
138 -1874
-1437 -470
285 309
140 -100
-374 699
-201 762
-740 -184
156 411
-780 485
-727 -277
-137 -422
-769 -1182
-92 718
-225 804
-1271 -44
-73 -1667
413 372
-619 -350
433 131
-265 -186
-731 61
-1418 -64
952 382
-246 -164
-197 -563
-852 350
-320 -363
-469 -41
971 27
-1100 726
-310 -690
-2195 -608
-1044 384
-917 -629
-604 -349
-1077 454
-1426 399
-23 842
-721 928
-617 870
-1049 -115
298 333
-73 -304
-719 -48
-1307 423
268 705
-565 -516
-1372 747
-199 -23
262 -228
-1293 381
549 48
-156 -182
-405 -573
-749 -1074
-527 -792
-1224 9
-884 535
-284 403
-901 486
-23 -1011
330 124
-786 -991
285 -87
-328 -153
-91 20
170 -601
368 638
-131 -1111
-464 -1179
-152 -245
-491 -78
-539 -244
-993 -579
479 -120
532 91
-956 -1436
-1235 -464
-349 170
-196 -8
-1373 -924
-854 48
-798 -1071
182 -738
-230 -1028
666 694
270 449
-854 -243
883 122
-434 -654
-117 66
-135 -1051
-553 213
-59 255
-530 -735
-141 -467
129 261
-1386 -480
-941 -667
-559 -204
154 -549
305 -932
-1193 847
-1023 -29
108 11
1160 258
-41 -291
497 -799
-354 407
-880 26
-1368 269
-1170 84
611 246
78 290
-786 67
-330 638
-313 -544
-1086 -151
-61 -646
303 -35
-1081 -62
-1057 170
-430 -600
-56 -362
-747 -178
362 -94
78 1163
158 256
370 -1187
-508 -309
-680 1046
-1082 -66
-249 623
84 -544
-1339 582
436 -116
-560 -325
714 -146
-1327 1338
-1461 234
893 -255
568 -297
-359 -831
-38 -102
-951 -1145
-1005 -528
730 -386
-1091 -245
-1319 393
-285 159
-1483 -1219
-181 508
22 -910
-1487 438
-869 -788
595 -274
-547 -91
-374 80
506 -373
-1187 596
-934 247
-657 403
228 -148
-449 419
-373 664
-520 -153
-1218 -316
-499 -437
100 -308
151 -1243
490 259
-377 806
7 -100
-969 96
-744 -916
-584 -133
-390 -65
694 32
-290 -204
-653 843
-662 -383
527 -20
-95 -48
-1062 -469
-14 -111
-1013 -932
-870 -583
-487 -870
-973 442
-400 648
-613 94
719 -364
-1475 -146
419 -213
-593 -412
-724 -101
-966 -388
402 -203
-1098 -940
-638 704
1 1187
-909 616
-960 229
-1130 541
-713 -16
-351 -90
-441 32
-22 -393
-148 -1853
-972 -631
-892 -341
-473 45
-618 224
-877 -328
-613 1184
-662 19
-570 -774
-617 -507
-808 -320
-113 -661
83 908
-333 1367
-1565 -245
115 13
369 837
679 186
-958 -732
876 -187
-274 97
-237 -105
-999 -790
-901 485
-1 -728
355 -631
724 1148
-898 -882
710 -217
611 -294
-1101 83
838 -701
-595 234
-352 -148
-42 -614
-1633 250
-365 -711
-611 -553
-138 -542
7 543
114 -21
-227 -42
-343 405
-561 -75
-915 -216
-29 -556
34 760
-895 81
-508 -458
495 41
-413 487
-1300 -1255
-644 134
263 -267
-347 -636
522 -1547
-341 -525
-260 676
-11 -61
-649 -1043
12 -1514
-103 214
-269 6
-1400 -501
963 -818
-1832 -98
-468 350
-94 -857
-724 -570
535 -763
62 214
-673 -419
-763 -3
-569 201
223 -162
-306 -390
-991 -457
-275 213
-391 45
-1087 512
-1212 -1
-345 -85
-168 800
-434 1183
-366 350
-521 513
553 -639
-13 69
-535 1123
-905 -50
-1249 -1137
342 -839
-1241 -1545
-272 -901
-360 -580
-28 -646
-1586 -32
-514 -425
176 195
-170 -429
-311 -582
-733 -223
665 619
-207 -57
322 -451
-1412 -736
-433 -393
146 388
1 210
-202 654
869 -436
-811 -313
-270 -448
-541 -783
524 518
215 86
-1395 -458
-994 -381
-449 -466
-918 681
-330 -199
-467 168
-252 767
-914 -597
-628 -796
-105 -632
-883 -1312
-1206 -1075
-139 77
-431 -1001
-287 -538
-1127 -153
-40 -255
-100 353
822 114
1231 48
8 710
463 410
-547 251
-355 -181
-113 262
-972 418
-1109 1024
-931 994
-738 -861
-580 -888
-584 0
31 938
-1165 -121
732 1119
-167 599
-522 896
948 718
217 -513
-1588 375
-462 -488
-330 438
-783 604
-66 -570
-706 149
-79 1143
116 57
-1352 -197
-132 -338
-402 -163
-773 -535
733 -762
-221 -445
-433 -252
667 -1241
-493 -1020
-577 797
267 656
-998 -965
-676 -345
-365 -317
-1147 -37
399 397
-611 334
67 -1256
-1199 -193
149 132
-1301 -717
3 -1036
172 -487
-763 -69
-15 17
-740 -37
-1967 63
-500 -388
-512 134
-614 225
-915 -372
-477 -867
103 322
-1181 185
-619 696
-858 799
-958 -142
130 -603
-189 -404
-270 457
-139 -711
-751 448
-1301 1094
297 -727
-211 -321
-788 -1179
-1137 80
-248 1033
-772 131
-1556 -846
-697 -367
606 380
526 142
222 554
-641 881
372 -127
-592 265
-738 -283
259 64
-355 -98
-1214 -591
-617 -164
-759 -890
-1477 -489
-614 252
-479 513
-563 670
222 -437
-878 -1259
548 -1329
-660 -70
200 473
-1008 213
884 -705
-340 -123
-1258 1193
-794 -315
-1353 -547
-401 -172
-1026 72
-333 173
-814 -1234
-133 -57
-517 -77
-177 -201
-132 510
526 371
-422 -857
-401 -420
443 -58
-349 -212
-322 -265
-243 997
-799 -198
-1058 307
-238 1061
-1102 -183
469 -911
-156 -312
-270 -227
-196 829
-207 538
-789 865
270 -982
-854 -276
-263 -19
-508 -40
-741 -633
-559 895
-207 130
-508 3
-171 -428
-374 -66
-438 -502
-669 31
-417 -806
-416 281
-722 365
-879 -454
-549 375
-169 -338
-388 -902
-417 350
-814 132
-207 -109
-319 -465
-1135 -728
-110 437
-855 191
-148 -363
-248 269
-549 341
-1174 -1048
-603 -221
-812 -784
318 -189
-993 109
-1311 -835
-549 313
-828 54
181 -603
694 -716
-313 925
-24 -1608
-60 -962
190 419
-756 -1334
-1439 386
-872 41
-765 203
32 411
-183 -396
206 -843
-1044 -169
-778 -748
-312 -167
-1200 -409
-563 -393
-1879 -798
-187 -285
210 -1173
239 -604
-1120 216
-630 -1629
-534 -119
-606 30
-275 -633
112 -724
-825 -325
-653 -263
-432 -390
135 451
-827 56
412 -253
-2068 644
-200 129
-673 -272
-1204 -151
-404 -452
-711 762
-337 -1028
-629 -530
-480 40
-604 -1025
-700 445
-513 63
901 -509
-96 211
868 -659
147 247
-1194 -786
-1623 59
-705 -10
-228 -796
-769 -728
-227 415
-215 -297
-198 -879
-573 398
-674 -1268
-539 37
210 -616
-31 -658
-690 -872
-1204 -73
-24 536
-445 -44
123 -463
-139 -424
-798 309
625 -78
-894 -70
313 -615
365 578
-97 -723
-339 177
737 272
-2362 107
-669 -520
-28 -695
512 220
-285 -1098
-459 690
169 -16
-452 -53
116 -69
693 95
-346 -990
-510 371
-1049 590
-62 525
-714 -437
-9 4
1096 293
930 163
228 -23
-798 244
-131 -1375
-1105 675
-1307 -161
-686 343
353 -1016
389 406
-1411 -243
-461 638
-1026 -254
296 -817
-1193 149
-174 -19
-1168 33
-1671 -427
58 -20
-651 480
-147 -1225
-1243 45
-568 -561
-41 -199
601 448
-378 -126
-1013 -142
-130 1425
-480 -160
-2062 829
-1989 -198
-1 -195
-297 143
-195 -75
-902 452
370 -663
-329 350
136 -983
84 53
921 419
1049 -491
216 -381
-928 -406
-431 -132
160 -594
-1202 -457
727 -183
-49 -1133
375 -509
-94 -135
529 -439
-142 -979
-647 478
-731 -575
-1466 -115
-384 -799
-417 303
-1109 414
375 293
-412 -324
-323 -433
-179 -398
525 -812
118 -209
389 1105
-730 -1282
-582 -231
-841 -743
-686 1115
-1056 324
-482 123
789 224
-499 -614
-80 792
369 -307
258 267
-800 402
-604 -336
186 439
-334 236
-501 588
-809 -181
382 -955
-1053 -298
-274 -903
-1090 -319
-1442 -857
-1037 206
-513 1422
-238 344
-215 714
-231 -59
28 -1229
-508 -194
-121 120
-1018 225
1044 129
-567 575
39 332
-471 -286
-1065 972
-995 -362
-318 -262
197 -916
-124 -1103
-494 373
624 62
-345 1258
-1316 219
-984 165
303 134
158 -266
-527 -672
-317 -1070
-801 988
652 -216
-942 433
-520 -377
-973 -337
-1035 -420
-1376 536
-488 -784
-988 87
-531 119
89 -6
-715 -211
370 -1929
-975 -241
-552 -856
474 -769
125 187
412 -780
-325 -690
-47 379
-495 -610
-630 -1458
-588 563
-191 -130
-140 907
-608 -903
108 -477
-987 242
202 -593
-104 180
-328 260
-793 184
-505 -780
225 -405
-365 -228
62 -951
333 234
-90 -366
-311 -665
-93 -280
-317 -1054
59 -4
-553 -529
-15 127
-1091 44
641 -413
-113 -1459
-1095 811
-800 516
-946 165
9 -386
35 -816
-732 565
-833 -290
479 917
-664 151
678 -487
-823 -286
-318 247
-460 -76
-308 -243
-1098 -236
238 -1435
-72 189
-438 -458
320 136
415 17
-527 -434
-156 -834
-434 698
-307 1026
-567 481
-670 262
-851 -1647
-467 409
-1324 181
-818 139
-737 -369
-1249 -1487
-878 105
-39 -72
-1333 -883
-276 -91
-1072 576
25 -1178
-76 -205
-519 -196
-581 -446
-971 -117
-77 -16
-534 -163
-1631 -598
519 5
-545 -1172
295 -1274
142 426
640 -18
-566 -314
-364 633
1302 -15
-764 -178
-1009 741
-290 777
-253 -575
577 -406
475 968
-569 185
-380 1633
-553 255
-794 -536
-1197 -392
318 523
-1845 -403
86 210
-241 -239
-621 405
-17 -381
-851 45
-579 -506
-873 -619
-268 -56
15 -173
-60 -245
-405 566
-258 685
263 613
-435 45
-916 -8
-296 -217
-461 -396
-715 -413
590 -446
-29 -501
-231 -523
-1220 61
-497 -513
-252 -324
-449 -1219
-1651 374
42 546
-1132 -899
-369 -807
-659 476
-493 -16
112 -338
923 -40
-1220 -968
-456 698
-144 -1047
290 -41
-273 -232
-456 904
-219 -62
-619 94
383 387
-905 -199
273 -307
469 147
-550 18
-829 -73
-140 -356
-561 -697
-592 923
117 388
-1364 102
-1277 -56
-1063 656
-1765 512
3 -81
-1178 -581
-1099 834
-72 -150
563 -612
-1055 -510
-705 423
-376 -201
-1175 159
-1043 -538
-948 303
-587 -1152
-1338 -486
61 -8
-932 1200
-1406 241
-910 42
746 244
43 -362
-406 -379
-1034 -839
797 119
-196 -507
11 -384
-151 608
-555 69
-808 619
-424 -21
-484 186
-589 -524
-531 -239
-560 669
-472 -161
408 -1062
-272 299
-958 -497
-116 -462
646 580
-102 -87
15 374
-946 -445
285 -60
-780 -439
-1123 427
-1417 44
-817 -61
-382 -766
-462 94
-589 -620
-1376 582
-394 258
-841 -291
-2005 -241
-436 -489
72 -550
404 422
-744 1431
1144 98
108 145
-1403 -408
-1298 70
230 -894
-385 399
-926 151
-428 223
-1100 -174
200 -957
-255 19
-469 -1122
352 -556
-1210 -477
-792 -370
-478 445
-1401 -568
681 1003
121 592
-489 -647
-823 346
-262 -587
-352 913
1172 -407
-949 -461
54 -233
-176 762
550 629
-1024 941
-1739 257
576 -735
-421 390
-752 -547
-709 593
289 -457
159 -91
-748 -384
50 15
-945 1360
48 -1222
-434 -521
-846 1507
-1315 283
276 -877
-392 1078
-484 610
-126 -202
411 -135
-575 -71
-774 -220
-593 502
-977 -567
-536 -568
-381 -23
-142 -75
553 -555
-613 -371
-908 -1138
-1035 736
27 951
-287 1382
-612 32
-395 245
-863 213
-4 -383
-963 34
-751 358
-26 -405
-775 -761
479 -427
-318 -80
200 -6
605 -885
-1092 389
-255 -393
441 -375
-1395 1185
-107 769
-460 415
-211 508
-1288 -192
-992 270
138 -1874
-1437 -470
285 309
140 -100
-374 699
-201 762
-740 -184
156 411
-780 485
-727 -277
-137 -422
-769 -1182
-92 718
-225 804
-1271 -44
-73 -1667
413 372
-619 -350
433 131
-265 -186
-731 61
-1418 -64
952 382
-246 -164
-197 -563
-852 350
-320 -363
-469 -41
971 27
-1100 726
-310 -690
-2195 -608
-1044 384
-917 -629
-604 -349
-1077 454
-1426 399
-23 842
-721 928
-617 870
-1049 -115
298 333
-73 -304
-719 -48
-1307 423
268 705
-565 -516
-1372 747
-199 -23
262 -228
-1293 381
549 48
-156 -182
-405 -573
-749 -1074
-527 -792
-1224 9
-884 535
-284 403
-901 486
-23 -1011
330 124
-786 -991
285 -87
-328 -153
-91 20
170 -601
368 638
-131 -1111
-464 -1179
-152 -245
-491 -78
-539 -244
-993 -579
479 -120
532 91
-956 -1436
-1235 -464
-349 170
-196 -8
-1373 -924
-854 48
-798 -1071
182 -738
-230 -1028
666 694
270 449
-854 -243
883 122
-434 -654
-117 66
-135 -1051
-553 213
-59 255
-530 -735
-141 -467
129 261
-1386 -480
-941 -667
-559 -204
154 -549
305 -932
-1193 847
-1023 -29
108 11
1160 258
-41 -291
497 -799
-354 407
-880 26
-1368 269
-1170 84
611 246
78 290
-786 67
-330 638
-313 -544
-1086 -151
-61 -646
303 -35
-1081 -62
-1057 170
-430 -600
-56 -362
-747 -178
362 -94
78 1163
158 256
370 -1187
-508 -309
-680 1046
-1082 -66
-249 623
84 -544
-1339 582
436 -116
-560 -325
714 -146
-1327 1338
-1461 234
893 -255
568 -297
-359 -831
-38 -102
-951 -1145
-1005 -528
730 -386
-1091 -245
-1319 393
-285 159
-1483 -1219
-181 508
22 -910
-1487 438
-869 -788
595 -274
-547 -91
-374 80
506 -373
-1187 596
-934 247
-657 403
228 -148
-449 419
-373 664
-520 -153
-1218 -316
-499 -437
100 -308
151 -1243
490 259
-377 806
7 -100
-969 96
-744 -916
-584 -133
-390 -65
694 32
-290 -204
-653 843
-662 -383
527 -20
-95 -48
-1062 -469
-14 -111
-1013 -932
-870 -583
-487 -870
-973 442
-400 648
-613 94
719 -364
-1475 -146
419 -213
-593 -412
-724 -101
-966 -388
402 -203
-1098 -940
-638 704
1 1187
-909 616
-960 229
-1130 541
-713 -16
-351 -90
-441 32
-22 -393
-148 -1853
-972 -631
-892 -341
-473 45
-618 224
-877 -328
-613 1184
-662 19
-570 -774
-617 -507
-808 -320
-113 -661
83 908
-333 1367
-1565 -245
115 13
369 837
679 186
-958 -732
876 -187
-274 97
-237 -105
-999 -790
-901 485
-1 -728
355 -631
724 1148
-898 -882
710 -217
611 -294
-1101 83
838 -701
-595 234
-352 -148
-42 -614
-1633 250
-365 -711
-611 -553
-138 -542
7 543
114 -21
-227 -42
-343 405
-561 -75
-915 -216
-29 -556
34 760
-895 81
-508 -458
495 41
-413 487
-1300 -1255
-644 134
263 -267
-347 -636
522 -1547
-341 -525
-260 676
-11 -61
-649 -1043
12 -1514
-103 214
-269 6
-1400 -501
963 -818
-1832 -98
-468 350
-94 -857
-724 -570
535 -763
62 214
-673 -419
-763 -3
-569 201
223 -162
-306 -390
-991 -457
-275 213
-391 45
-1087 512
-1212 -1
-345 -85
-168 800
-434 1183
-366 350
-521 513
553 -639
-13 69
-535 1123
-905 -50
-1249 -1137
342 -839
-1241 -1545
-272 -901
-360 -580
-28 -646
-1586 -32
-514 -425
176 195
-170 -429
-311 -582
-733 -223
665 619
-207 -57
322 -451
-1412 -736
-433 -393
146 388
1 210
-202 654
869 -436
-811 -313
-270 -448
-541 -783
524 518
215 86
-1395 -458
-994 -381
-449 -466
-918 681
-330 -199
-467 168
-252 767
-914 -597
-628 -796
-105 -632
-883 -1312
-1206 -1075
-139 77
-431 -1001
-287 -538
-1127 -153
-40 -255
-100 353
822 114
1231 48
8 710
463 410
-547 251
-355 -181
-113 262
-972 418
-1109 1024
-931 994
-738 -861
-580 -888
-584 0
31 938
-1165 -121
732 1119
-167 599
-522 896
948 718
217 -513
-1588 375
-462 -488
-330 438
-783 604
-66 -570
-706 149
-79 1143
116 57
-1352 -197
-132 -338
-402 -163
-773 -535
733 -762
-221 -445
-433 -252
667 -1241
-493 -1020
-577 797
267 656
-998 -965
-676 -345
-365 -317
-1147 -37
399 397
-611 334
67 -1256
-1199 -193
149 132
-1301 -717
3 -1036
172 -487
-763 -69
-15 17
-740 -37
-1967 63
-500 -388
-512 134
-614 225
-915 -372
-477 -867
103 322
-1181 185
-619 696
-858 799
-958 -142
130 -603
-189 -404
-270 457
-139 -711
-751 448
-1301 1094
297 -727
-211 -321
-788 -1179
-1137 80
-248 1033
-772 131
-1556 -846
-697 -367
606 380
526 142
222 554
-641 881
372 -127
-592 265
-738 -283
259 64
-355 -98
-1214 -591
-617 -164
-759 -890
-1477 -489
-614 252
-479 513
-563 670
222 -437
-878 -1259
548 -1329
-660 -70
200 473
-1008 213
884 -705
-340 -123
-1258 1193
-794 -315
-1353 -547
-401 -172
-1026 72
-333 173
-814 -1234
-133 -57
-517 -77
-177 -201
-132 510
526 371
-422 -857
-401 -420
443 -58
-349 -212
-322 -265
-243 997
-799 -198
-1058 307
-238 1061
-1102 -183
469 -911
-156 -312
-270 -227
-196 829
-207 538
-789 865
270 -982
-854 -276
-263 -19
-508 -40
-741 -633
-559 895
-207 130
-508 3
-171 -428
-374 -66
-438 -502
-669 31
-417 -806
-416 281
-722 365
-879 -454
-549 375
-169 -338
-388 -902
-417 350
-814 132
-207 -109
-319 -465
-1135 -728
-110 437
-855 191
-148 -363
-248 269
-549 341
-1174 -1048
-603 -221
-812 -784
318 -189
-993 109
-1311 -835
-549 313
-828 54
181 -603
694 -716
-313 925
-24 -1608
-60 -962
190 419
-756 -1334
-1439 386
-872 41
-765 203
32 411
-183 -396
206 -843
-1044 -169
-778 -748
-312 -167
-1200 -409
-563 -393
-1879 -798
-187 -285
210 -1173
239 -604
-1120 216
-630 -1629
-534 -119
-606 30
-275 -633
112 -724
-825 -325
-653 -263
-432 -390
135 451
-827 56
412 -253
-2068 644
-200 129
-673 -272
-1204 -151
-404 -452
-711 762
-337 -1028
-629 -530
-480 40
-604 -1025
-700 445
-513 63
901 -509
-96 211
868 -659
147 247
-1194 -786
-1623 59
-705 -10
-228 -796
-769 -728
-227 415
-215 -297
-198 -879
-573 398
-674 -1268
-539 37
210 -616
-31 -658
-690 -872
-1204 -73
-24 536
-445 -44
123 -463
-139 -424
-798 309
625 -78
-894 -70
313 -615
365 578
-97 -723
-339 177
737 272
-2362 107
-669 -520
-28 -695
512 220
-285 -1098
-459 690
169 -16
-452 -53
116 -69
693 95
-346 -990
-510 371
-1049 590
-62 525
-714 -437
-9 4
1096 293
930 163
228 -23
-798 244
-131 -1375
-1105 675
-1307 -161
-686 343
353 -1016
389 406
-1411 -243
-461 638
-1026 -254
296 -817
-1193 149
-174 -19
-1168 33
-1671 -427
58 -20
-651 480
-147 -1225
-1243 45
-568 -561
-41 -199
601 448
-378 -126
-1013 -142
-130 1425
-480 -160
-2062 829
-1989 -198
-1 -195
-297 143
-195 -75
-902 452
370 -663
-329 350
136 -983
84 53
921 419
1049 -491
216 -381
-928 -406
-431 -132
160 -594
-1202 -457
727 -183
-49 -1133
375 -509
-94 -135
529 -439
-142 -979
-647 478
-731 -575
-1466 -115
-384 -799
-417 303
-1109 414
375 293
-412 -324
-323 -433
-179 -398
525 -812
118 -209
389 1105
-730 -1282
-582 -231
-841 -743
-686 1115
-1056 324
-482 123
789 224
-499 -614
-80 792
369 -307
258 267
-800 402
-604 -336
186 439
-334 236
-501 588
-809 -181
382 -955
-1053 -298
-274 -903
-1090 -319
-1442 -857
-1037 206
-513 1422
-238 344
-215 714
-231 -59
28 -1229
-508 -194
-121 120
-1018 225
1044 129
-567 575
39 332
-471 -286
-1065 972
-995 -362
-318 -262
197 -916
-124 -1103
-494 373
624 62
-345 1258
-1316 219
-984 165
303 134
158 -266
-527 -672
-317 -1070
-801 988
652 -216
-942 433
-520 -377
-973 -337
-1035 -420
-1376 536
-488 -784
-988 87
-531 119
89 -6
-715 -211
370 -1929
-975 -241
-552 -856
474 -769
125 187
412 -780
-325 -690
-47 379
-495 -610
-630 -1458
-588 563
-191 -130
-140 907
-608 -903
108 -477
-987 242
202 -593
-104 180
-328 260
-793 184
-505 -780
225 -405
-365 -228
62 -951
333 234
-90 -366
-311 -665
-93 -280
-317 -1054
59 -4
-553 -529
-15 127
-1091 44
641 -413
-113 -1459
-1095 811
-800 516
-946 165
9 -386
35 -816
-732 565
-833 -290
479 917
-664 151
678 -487
-823 -286
-318 247
-460 -76
-308 -243
-1098 -236
238 -1435
-72 189
-438 -458
320 136
415 17
-527 -434
-156 -834
-434 698
-307 1026
-567 481
-670 262
-851 -1647
-467 409
-1324 181
-818 139
-737 -369
-1249 -1487
-878 105
-39 -72
-1333 -883
-276 -91
-1072 576
25 -1178
-76 -205
-519 -196
-581 -446
-971 -117
-77 -16
-534 -163
-1631 -598
519 5
-545 -1172
295 -1274
142 426
640 -18
-566 -314
-364 633
1302 -15
-764 -178
-1009 741
-290 777
-253 -575
577 -406
475 968
-569 185
-380 1633
-553 255
-794 -536
-1197 -392
318 523
-1845 -403
86 210
-241 -239
-621 405
-17 -381
-851 45
-579 -506
-873 -619
-268 -56
15 -173
-60 -245
-405 566
-258 685
263 613
-435 45
-916 -8
-296 -217
-461 -396
-715 -413
590 -446
-29 -501
-231 -523
-1220 61
-497 -513
-252 -324
-449 -1219
-1651 374
42 546
-1132 -899
-369 -807
-659 476
-493 -16
112 -338
923 -40
-1220 -968
-456 698
-144 -1047
290 -41
-273 -232
-456 904
-219 -62
-619 94
383 387
-905 -199
273 -307
469 147
-550 18
-829 -73
-140 -356
-561 -697
-592 923
117 388
-1364 102
-1277 -56
-1063 656
-1765 512
3 -81
-1178 -581
-1099 834
-72 -150
563 -612
-1055 -510
-705 423
-376 -201
-1175 159
-1043 -538
-948 303
-587 -1152
-1338 -486
61 -8
-932 1200
-1406 241
-910 42
746 244
43 -362
-406 -379
-1034 -839
797 119
-196 -507
11 -384
-151 608
-555 69
-808 619
-424 -21
-484 186
-589 -524
-531 -239
-560 669
-472 -161
408 -1062
-272 299
-958 -497
-116 -462
646 580
-102 -87
15 374
-946 -445
285 -60
-780 -439
-1123 427
-1417 44
-817 -61
-382 -766
-462 94
-589 -620
-1376 582
-394 258
-841 -291
-2005 -241
-436 -489
72 -550
404 422
-744 1431
1144 98
108 145
-1403 -408
-1298 70
230 -894
-385 399
-926 151
-428 223
-1100 -174
200 -957
-255 19
-469 -1122
352 -556
-1210 -477
-792 -370
-478 445
-1401 -568
681 1003
121 592
-489 -647
-823 346
-262 -587
-352 913
1172 -407
-949 -461
54 -233
-176 762
550 629
-1024 941
-1739 257
576 -735
-421 390
-752 -547
-709 593
289 -457
159 -91
-748 -384
50 15
-945 1360
48 -1222
-434 -521
-846 1507
-1315 283
276 -877
-392 1078
-484 610
-126 -202
411 -135
-575 -71
-774 -220
-593 502
-977 -567
-536 -568
-381 -23
-142 -75
553 -555
-613 -371
-908 -1138
-1035 736
27 951
-287 1382
-612 32
-395 245
-863 213
-4 -383
-963 34
-751 358
-26 -405
-775 -761
479 -427
-318 -80
200 -6
605 -885
-1092 389
-255 -393
441 -375
-1395 1185
-107 769
-460 415
-211 508
-1288 -192
-992 270
138 -1874
-1437 -470
285 309
140 -100
-374 699
-201 762
-740 -184
156 411
-780 485
-727 -277
-137 -422
-769 -1182
-92 718
-225 804
-1271 -44
-73 -1667
413 372
-619 -350
433 131
-265 -186
-731 61
-1418 -64
952 382
-246 -164
-197 -563
-852 350
-320 -363
-469 -41
971 27
-1100 726
-310 -690
-2195 -608
-1044 384
-917 -629
-604 -349
-1077 454
-1426 399
-23 842
-721 928
-617 870
-1049 -115
298 333
-73 -304
-719 -48
-1307 423
268 705
-565 -516
-1372 747
-199 -23
262 -228
-1293 381
549 48
-156 -182
-405 -573
-749 -1074
-527 -792
-1224 9
-884 535
-284 403
-901 486
-23 -1011
330 124
-786 -991
285 -87
-328 -153
-91 20
170 -601
368 638
-131 -1111
-464 -1179
-152 -245
-491 -78
-539 -244
-993 -579
479 -120
532 91
-956 -1436
-1235 -464
-349 170
-196 -8
-1373 -924
-854 48
-798 -1071
182 -738
-230 -1028
666 694
270 449
-854 -243
883 122
-434 -654
-117 66
-135 -1051
-553 213
-59 255
-530 -735
-141 -467
129 261
-1386 -480
-941 -667
-559 -204
154 -549
305 -932
-1193 847
-1023 -29
108 11
1160 258
-41 -291
497 -799
-354 407
-880 26
-1368 269
-1170 84
611 246
78 290
-786 67
-330 638
-313 -544
-1086 -151
-61 -646
303 -35
-1081 -62
-1057 170
-430 -600
-56 -362
-747 -178
362 -94
78 1163
158 256
370 -1187
-508 -309
-680 1046
-1082 -66
-249 623
84 -544
-1339 582
436 -116
-560 -325
714 -146
-1327 1338
-1461 234
893 -255
568 -297
-359 -831
-38 -102
-951 -1145
-1005 -528
730 -386
-1091 -245
-1319 393
-285 159
-1483 -1219
-181 508
22 -910
-1487 438
-869 -788
595 -274
-547 -91
-374 80
506 -373
-1187 596
-934 247
-657 403
228 -148
-449 419
-373 664
-520 -153
-1218 -316
-499 -437
100 -308
151 -1243
490 259
-377 806
7 -100
-969 96
-744 -916
-584 -133
-390 -65
694 32
-290 -204
-653 843
-662 -383
527 -20
-95 -48
-1062 -469
-14 -111
-1013 -932
-870 -583
-487 -870
-973 442
-400 648
-613 94
719 -364
-1475 -146
419 -213
-593 -412
-724 -101
-966 -388
402 -203
-1098 -940
-638 704
1 1187
-909 616
-960 229
-1130 541
-713 -16
-351 -90
-441 32
-22 -393
-148 -1853
-972 -631
-892 -341
-473 45
-618 224
-877 -328
-613 1184
-662 19
-570 -774
-617 -507
-808 -320
-113 -661
83 908
-333 1367
-1565 -245
115 13
369 837
679 186
-958 -732
876 -187
-274 97
-237 -105
-999 -790
-901 485
-1 -728
355 -631
724 1148
-898 -882
710 -217
611 -294
-1101 83
838 -701
-595 234
-352 -148
-42 -614
-1633 250
-365 -711
-611 -553
-138 -542
7 543
114 -21
-227 -42
-343 405
-561 -75
-915 -216
-29 -556
34 760
-895 81
-508 -458
495 41
-413 487
-1300 -1255
-644 134
263 -267
-347 -636
522 -1547
-341 -525
-260 676
-11 -61
-649 -1043
12 -1514
-103 214
-269 6
-1400 -501
963 -818
-1832 -98
-468 350
-94 -857
-724 -570
535 -763
62 214
-673 -419
-763 -3
-569 201
223 -162
-306 -390
-991 -457
-275 213
-391 45
-1087 512
-1212 -1
-345 -85
-168 800
-434 1183
-366 350
-521 513
553 -639
-13 69
-535 1123
-905 -50
-1249 -1137
342 -839
-1241 -1545
-272 -901
-360 -580
-28 -646
-1586 -32
-514 -425
176 195
-170 -429
-311 -582
-733 -223
665 619
-207 -57
322 -451
-1412 -736
-433 -393
146 388
1 210
-202 654
869 -436
-811 -313
-270 -448
-541 -783
524 518
215 86
-1395 -458
-994 -381
-449 -466
-918 681
-330 -199
-467 168
-252 767
-914 -597
-628 -796
-105 -632
-883 -1312
-1206 -1075
-139 77
-431 -1001
-287 -538
-1127 -153
-40 -255
-100 353
822 114
1231 48
8 710
463 410
-547 251
-355 -181
-113 262
-972 418
-1109 1024
-931 994
-738 -861
-580 -888
-584 0
31 938
-1165 -121
732 1119
-167 599
-522 896
948 718
217 -513
-1588 375
-462 -488
-330 438
-783 604
-66 -570
-706 149
-79 1143
116 57
-1352 -197
-132 -338
-402 -163
-773 -535
733 -762
-221 -445
-433 -252
667 -1241
-493 -1020
-577 797
267 656
-998 -965
-676 -345
-365 -317
-1147 -37
399 397
-611 334
67 -1256
-1199 -193
149 132
-1301 -717
3 -1036
172 -487
-763 -69
-15 17
-740 -37
-1967 63
-500 -388
-512 134
-614 225
-915 -372
-477 -867
103 322
-1181 185
-619 696
-858 799
-958 -142
130 -603
-189 -404
-270 457
-139 -711
-751 448
-1301 1094
297 -727
-211 -321
-788 -1179
-1137 80
-248 1033
-772 131
-1556 -846
-697 -367
606 380
526 142
222 554
-641 881
372 -127
-592 265
-738 -283
259 64
-355 -98
-1214 -591
-617 -164
-759 -890
-1477 -489
-614 252
-479 513
-563 670
222 -437
-878 -1259
548 -1329
-660 -70
200 473
-1008 213
884 -705
-340 -123
-1258 1193
-794 -315
-1353 -547
-401 -172
-1026 72
-333 173
-814 -1234
-133 -57
-517 -77
-177 -201
-132 510
526 371
-422 -857
-401 -420
443 -58
-349 -212
-322 -265
-243 997
-799 -198
-1058 307
-238 1061
-1102 -183
469 -911
-156 -312
-270 -227
-196 829
-207 538
-789 865
270 -982
-854 -276
-263 -19
-508 -40
-741 -633
-559 895
-207 130
-508 3
-171 -428
-374 -66
-438 -502
-669 31
-417 -806
-416 281
-722 365
-879 -454
-549 375
-169 -338
-388 -902
-417 350
-814 132
-207 -109
-319 -465
-1135 -728
-110 437
-855 191
-148 -363
-248 269
-549 341
-1174 -1048
-603 -221
-812 -784
318 -189
-993 109
-1311 -835
-549 313
-828 54
181 -603
694 -716
-313 925
-24 -1608
-60 -962
190 419
-756 -1334
-1439 386
-872 41
-765 203
32 411
-183 -396
206 -843
-1044 -169
-778 -748
-312 -167
-1200 -409
-563 -393
-1879 -798
-187 -285
210 -1173
239 -604
-1120 216
-630 -1629
-534 -119
-606 30
-275 -633
112 -724
-825 -325
-653 -263
-432 -390
135 451
-827 56
412 -253
-2068 644
-200 129
-673 -272
-1204 -151
-404 -452
-711 762
-337 -1028
-629 -530
-480 40
-604 -1025
-700 445
-513 63
901 -509
-96 211
868 -659
147 247
-1194 -786
-1623 59
-705 -10
-228 -796
-769 -728
-227 415
-215 -297
-198 -879
-573 398
-674 -1268
-539 37
210 -616
-31 -658
-690 -872
-1204 -73
-24 536
-445 -44
123 -463
-139 -424
-798 309
625 -78
-894 -70
313 -615
365 578
-97 -723
-339 177
737 272
-2362 107
-669 -520
-28 -695
512 220
-285 -1098
-459 690
169 -16
-452 -53
116 -69
693 95
-346 -990
-510 371
-1049 590
-62 525
-714 -437
-9 4
1096 293
930 163
228 -23
-798 244
-131 -1375
-1105 675
-1307 -161
-686 343
353 -1016
389 406
-1411 -243
-461 638
-1026 -254
296 -817
-1193 149
-174 -19
-1168 33
-1671 -427
58 -20
-651 480
-147 -1225
-1243 45
-568 -561
-41 -199
601 448
-378 -126
-1013 -142
-130 1425
-480 -160
-2062 829
-1989 -198
-1 -195
-297 143
-195 -75
-902 452
370 -663
-329 350
136 -983
84 53
921 419
1049 -491
216 -381
-928 -406
-431 -132
160 -594
-1202 -457
727 -183
-49 -1133
375 -509
-94 -135
529 -439
-142 -979
-647 478
-731 -575
-1466 -115
-384 -799
-417 303
-1109 414
375 293
-412 -324
-323 -433
-179 -398
525 -812
118 -209
389 1105
-730 -1282
-582 -231
-841 -743
-686 1115
-1056 324
-482 123
789 224
-499 -614
-80 792
369 -307
258 267
-800 402
-604 -336
186 439
-334 236
-501 588
-809 -181
382 -955
-1053 -298
-274 -903
-1090 -319
-1442 -857
-1037 206
-513 1422
-238 344
-215 714
-231 -59
28 -1229
-508 -194
-121 120
-1018 225
1044 129
-567 575
39 332
-471 -286
-1065 972
-995 -362
-318 -262
197 -916
-124 -1103
-494 373
624 62
-345 1258
-1316 219
-984 165
303 134
158 -266
-527 -672
-317 -1070
-801 988
652 -216
-942 433
-520 -377
-973 -337
-1035 -420
-1376 536
-488 -784
-988 87
-531 119
89 -6
-715 -211
370 -1929
-975 -241
-552 -856
474 -769
125 187
412 -780
-325 -690
-47 379
-495 -610
-630 -1458
-588 563
-191 -130
-140 907
-608 -903
108 -477
-987 242
202 -593
-104 180
-328 260
-793 184
-505 -780
225 -405
-365 -228
62 -951
333 234
-90 -366
-311 -665
-93 -280
-317 -1054
59 -4
-553 -529
-15 127
-1091 44
641 -413
-113 -1459
-1095 811
-800 516
-946 165
9 -386
35 -816
-732 565
-833 -290
479 917
-664 151
678 -487
-823 -286
-318 247
-460 -76
-308 -243
-1098 -236
238 -1435
-72 189
-438 -458
320 136
415 17
-527 -434
-156 -834
-434 698
-307 1026
-567 481
-670 262
-851 -1647
-467 409
-1324 181
-818 139
-737 -369
-1249 -1487
-878 105
-39 -72
-1333 -883
-276 -91
-1072 576
25 -1178
-76 -205
-519 -196
-581 -446
-971 -117
-77 -16
-534 -163
-1631 -598
519 5
-545 -1172
295 -1274
142 426
640 -18
-566 -314
-364 633
1302 -15
-764 -178
-1009 741
-290 777
-253 -575
577 -406
475 968
-569 185
-380 1633
-553 255
-794 -536
-1197 -392
318 523
-1845 -403
86 210
-241 -239
-621 405
-17 -381
-851 45
-579 -506
-873 -619
-268 -56
15 -173
-60 -245
-405 566
-258 685
263 613
-435 45
-916 -8
-296 -217
-461 -396
-715 -413
590 -446
-29 -501
-231 -523
-1220 61
-497 -513
-252 -324
-449 -1219
-1651 374
42 546
-1132 -899
-369 -807
-659 476
-493 -16
112 -338
923 -40
-1220 -968
-456 698
-144 -1047
290 -41
-273 -232
-456 904
-219 -62
-619 94
383 387
-905 -199
273 -307
469 147
-550 18
-829 -73
-140 -356
-561 -697
-592 923
117 388
-1364 102
-1277 -56
-1063 656
-1765 512
3 -81
-1178 -581
-1099 834
-72 -150
563 -612
-1055 -510
-705 423
-376 -201
-1175 159
-1043 -538
-948 303
-587 -1152
-1338 -486
61 -8
-932 1200
-1406 241
-910 42
746 244
43 -362
-406 -379
-1034 -839
797 119
-196 -507
11 -384
-151 608
-555 69
-808 619
-424 -21
-484 186
-589 -524
-531 -239
-560 669
-472 -161
408 -1062
-272 299
-958 -497
-116 -462
646 580
-102 -87
15 374
-946 -445
285 -60
-780 -439
-1123 427
-1417 44
-817 -61
-382 -766
-462 94
-589 -620
-1376 582
-394 258
-841 -291
-2005 -241
-436 -489
72 -550
404 422
-744 1431
1144 98
108 145
-1403 -408
-1298 70
230 -894
-385 399
-926 151
-428 223
-1100 -174
200 -957
-255 19
-469 -1122
352 -556
-1210 -477
-792 -370
-478 445
-1401 -568
681 1003
121 592
-489 -647
-823 346
-262 -587
-352 913
1172 -407
-949 -461
54 -233
-176 762
550 629
-1024 941
-1739 257
576 -735
-421 390
-752 -547
-709 593
289 -457
159 -91
-748 -384
50 15
-945 1360
48 -1222
-434 -521
-846 1507
-1315 283
276 -877
-392 1078
-484 610
-126 -202
411 -135
-575 -71
-774 -220
-593 502
-977 -567
-536 -568
-381 -23
-142 -75
553 -555
-613 -371
-908 -1138
-1035 736
27 951
-287 1382
-612 32
-395 245
-863 213
-4 -383
-963 34
-751 358
-26 -405
-775 -761
479 -427
-318 -80
200 -6
605 -885
-1092 389
-255 -393
441 -375
-1395 1185
-107 769
-460 415
-211 508
-1288 -192
-992 270
138 -1874
-1437 -470
285 309
140 -100
-374 699
-201 762
-740 -184
156 411
-780 485
-727 -277
-137 -422
-769 -1182
-92 718
-225 804
-1271 -44
-73 -1667
413 372
-619 -350
433 131
-265 -186
-731 61
-1418 -64
952 382
-246 -164
-197 -563
-852 350
-320 -363
-469 -41
971 27
-1100 726
-310 -690
-2195 -608
-1044 384
-917 -629
-604 -349
-1077 454
-1426 399
-23 842
-721 928
-617 870
-1049 -115
298 333
-73 -304
-719 -48
-1307 423
268 705
-565 -516
-1372 747
-199 -23
262 -228
-1293 381
549 48
-156 -182
-405 -573
-749 -1074
-527 -792
-1224 9
-884 535
-284 403
-901 486
-23 -1011
330 124
-786 -991
285 -87
-328 -153
-91 20
170 -601
368 638
-131 -1111
-464 -1179
-152 -245
-491 -78
-539 -244
-993 -579
479 -120
532 91
-956 -1436
-1235 -464
-349 170
-196 -8
-1373 -924
-854 48
-798 -1071
182 -738
-230 -1028
666 694
270 449
-854 -243
883 122
-434 -654
-117 66
-135 -1051
-553 213
-59 255
-530 -735
-141 -467
129 261
-1386 -480
-941 -667
-559 -204
154 -549
305 -932
-1193 847
-1023 -29
108 11
1160 258
-41 -291
497 -799
-354 407
-880 26
-1368 269
-1170 84
611 246
78 290
-786 67
-330 638
-313 -544
-1086 -151
-61 -646
303 -35
-1081 -62
-1057 170
-430 -600
-56 -362
-747 -178
362 -94
78 1163
158 256
370 -1187
-508 -309
-680 1046
-1082 -66
-249 623
84 -544
-1339 582
436 -116
-560 -325
714 -146
-1327 1338
-1461 234
893 -255
568 -297
-359 -831
-38 -102
-951 -1145
-1005 -528
730 -386
-1091 -245
-1319 393
-285 159
-1483 -1219
-181 508
22 -910
-1487 438
-869 -788
595 -274
-547 -91
-374 80
506 -373
-1187 596
-934 247
-657 403
228 -148
-449 419
-373 664
-520 -153
-1218 -316
-499 -437
100 -308
151 -1243
490 259
-377 806
7 -100
-969 96
-744 -916
