-584 -133
-390 -65
0 0
0 0
0 0
0 0
0 0
-95 -48
0 0
0 0
0 0
0 0
0 0
0 0
0 0
-613 94
0 0
0 0
0 0
0 0
0 0
0 0
0 0
0 0
0 0
0 0
0 0
0 0
0 0
0 0
-351 -90
-441 32
-22 -393
0 0
0 0
0 0
-473 45
-618 224
0 0
0 0
0 0
0 0
0 0
0 0
0 0
0 0
0 0
0 0
0 0
0 0
0 0
0 0
0 0
0 0
-237 -105
0 0
0 0
0 0
0 0
0 0
0 0
0 0
0 0
0 0
0 0
0 0
-352 -148
-42 -614
0 0
0 0
0 0
-138 -542
0 0
114 -21
-227 -42
-343 405
-561 -75
0 0
0 0
0 0
0 0
0 0
0 0
0 0
0 0
0 0
0 0
0 0
0 0
0 0
0 0
0 0
0 0
0 0
0 0
-269 6
0 0
0 0
0 0
0 0
0 0
0 0
0 0
0 0
0 0
0 0
-569 201
0 0
-306 -390
0 0
0 0
-391 45
0 0
0 0
0 0
0 0
0 0
0 0
0 0
0 0
0 0
0 0
0 0
0 0
0 0
0 0
0 0
0 0
-28 -646
0 0
0 0
0 0
0 0
0 0
0 0
0 0
0 0
0 0
0 0
0 0
0 0
1 210
0 0
0 0
0 0
-270 -448
0 0
0 0
215 86
0 0
0 0
-449 -466
0 0
0 0
-467 168
0 0
0 0
0 0
-105 -632
0 0
0 0
0 0
0 0
-287 -538
0 0
0 0
-100 353
0 0
0 0
0 0
463 410
0 0
-355 -181
-113 262
0 0
0 0
0 0
0 0
0 0
0 0
0 0
0 0
0 0
0 0
0 0
0 0
0 0
0 0
0 0
0 0
0 0
0 0
0 0
0 0
0 0
0 0
0 0
-402 -163
0 0
0 0
0 0
-433 -252
0 0
0 0
0 0
0 0
0 0
0 0
-365 -317
0 0
0 0
0 0
0 0
0 0
0 0
0 0
0 0
172 -487
0 0
0 0
0 0
0 0
0 0
-512 134
-614 225
0 0
0 0
0 0
0 0
0 0
0 0
0 0
0 0
-189 -404
0 0
0 0
0 0
0 0
0 0
-211 -321
0 0
0 0
0 0
0 0
0 0
0 0
0 0
526 142
222 554
0 0
0 0
0 0
0 0
0 0
-355 -98
0 0
0 0
0 0
0 0
0 0
0 0
0 0
0 0
0 0
0 0
0 0
0 0
0 0
0 0
0 0
0 0
0 0
0 0
0 0
0 0
0 0
0 0
0 0
-517 -77
-177 -201
0 0
0 0
0 0
-401 -420
0 0
0 0
-322 -265
0 0
0 0
0 0
0 0
0 0
0 0
0 0
-270 -227
0 0
-207 538
0 0
0 0
0 0
-263 -19
-508 -40
0 0
0 0
0 0
-508 3
-171 -428
-374 -66
0 0
0 0
0 0
0 0
0 0
0 0
0 0
0 0
0 0
0 0
0 0
-207 -109
-319 -465
0 0
0 0
0 0
0 0
-248 269
-549 341
0 0
0 0
0 0
0 0
0 0
0 0
0 0
0 0
0 0
0 0
0 0
0 0
0 0
0 0
0 0
0 0
0 0
0 0
0 0
0 0
0 0
0 0
0 0
0 0
0 0
0 0
0 0
0 0
0 0
239 -604
0 0
0 0
0 0
-606 30
0 0
0 0
0 0
0 0
-432 -390
0 0
0 0
0 0
0 0
0 0
0 0
0 0
0 0
0 0
0 0
0 0
-480 40
0 0
0 0
-513 63
0 0
0 0
0 0
0 0
0 0
0 0
0 0
0 0
0 0
0 0
0 0
0 0
0 0
0 0
0 0
0 0
0 0
0 0
0 0
0 0
0 0
0 0
-139 -424
0 0
0 0
0 0
0 0
0 0
0 0
0 0
0 0
0 0
0 0
0 0
0 0
0 0
0 0
0 0
-452 -53
116 -69
0 0
0 0
0 0
0 0
0 0
0 0
0 0
0 0
0 0
0 0
0 0
0 0
0 0
0 0
0 0
0 0
0 0
0 0
0 0
0 0
0 0
0 0
0 0
0 0
0 0
0 0
0 0
0 0
0 0
0 0
-41 -199
0 0
0 0
0 0
0 0
0 0
0 0
0 0
0 0
-297 143
-195 -75
0 0
0 0
0 0
0 0
0 0
0 0
0 0
0 0
0 0
-431 -132
0 0
0 0
0 0
0 0
0 0
-94 -135
0 0
0 0
0 0
0 0
0 0
0 0
0 0
0 0
0 0
0 0
-323 -433
-179 -398
0 0
0 0
0 0
0 0
0 0
0 0
0 0
0 0
-482 123
0 0
0 0
0 0
0 0
258 267
0 0
0 0
0 0
-334 236
0 0
0 0
0 0
0 0
0 0
0 0
0 0
0 0
0 0
0 0
0 0
0 0
0 0
0 0
-121 120
0 0
0 0
0 0
39 332
0 0
0 0
0 0
0 0
0 0
0 0
0 0
0 0
0 0
0 0
0 0
0 0
158 -266
0 0
0 0
0 0
0 0
0 0
0 0
0 0
0 0
0 0
0 0
0 0
-531 119
89 -6
0 0
0 0
0 0
0 0
0 0
0 0
0 0
0 0
0 0
0 0
0 0
0 0
0 0
0 0
0 0
0 0
0 0
0 0
0 0
-328 260
0 0
0 0
0 0
-365 -228
0 0
0 0
0 0
0 0
-93 -280
0 0
0 0
0 0
0 0
0 0
0 0
0 0
0 0
0 0
0 0
0 0
0 0
0 0
0 0
0 0
0 0
0 0
0 0
0 0
-460 -76
-308 -243
0 0
0 0
0 0
0 0
0 0
415 17
0 0
0 0
0 0
0 0
0 0
0 0
0 0
0 0
0 0
0 0
0 0
0 0
0 0
0 0
0 0
0 0
0 0
0 0
0 0
-519 -196
0 0
0 0
0 0
-534 -163
0 0
0 0
0 0
0 0
0 0
0 0
0 0
0 0
0 0
0 0
0 0
0 0
0 0
0 0
0 0
0 0
0 0
0 0
0 0
0 0
0 0
0 0
0 0
-241 -239
0 0
0 0
0 0
0 0
0 0
0 0
15 -173
-60 -245
0 0
0 0
0 0
0 0
0 0
-296 -217
-461 -396
0 0
0 0
-29 -501
-231 -523
0 0
0 0
-252 -324
0 0
0 0
0 0
0 0
0 0
0 0
-493 -16
0 0
0 0
0 0
0 0
0 0
0 0
-273 -232
0 0
0 0
-619 94
0 0
0 0
0 0
469 147
0 0
0 0
0 0
0 0
0 0
0 0
0 0
0 0
0 0
0 0
0 0
0 0
0 0
0 0
0 0
0 0
0 0
0 0
0 0
0 0
0 0
0 0
0 0
0 0
0 0
0 0
0 0
0 0
0 0
-406 -379
0 0
0 0
0 0
11 -384
0 0
0 0
0 0
0 0
-484 186
0 0
-531 -239
0 0
0 0
0 0
0 0
0 0
0 0
0 0
0 0
15 374
0 0
0 0
0 0
0 0
0 0
0 0
0 0
0 0
0 0
0 0
0 0
0 0
0 0
0 0
72 -550
0 0
0 0
0 0
0 0
0 0
0 0
0 0
0 0
0 0
-428 223
0 0
0 0
0 0
0 0
0 0
0 0
0 0
0 0
0 0
0 0
0 0
0 0
0 0
0 0
0 0
0 0
0 0
0 0
0 0
0 0
0 0
0 0
0 0
0 0
0 0
0 0
0 0
159 -91
0 0
0 0
0 0
0 0
0 0
0 0
0 0
0 0
0 0
0 0
0 0
411 -135
0 0
0 0
0 0
0 0
0 0
-381 -23
-142 -75
0 0
0 0
0 0
0 0
0 0
0 0
0 0
-395 245
0 0
0 0
0 0
0 0
0 0
0 0
0 0
0 0
200 -6
0 0
0 0
0 0
0 0
0 0
0 0
-460 415
-211 508
0 0
0 0
0 0
0 0
0 0
140 -100
0 0
0 0
0 0
0 0
0 0
0 0
-137 -422
0 0
0 0
0 0
0 0
0 0
0 0
0 0
0 0
0 0
0 0
0 0
0 0
0 0
-197 -563
0 0
0 0
-469 -41
0 0
0 0
0 0
0 0
0 0
0 0
0 0
0 0
0 0
0 0
0 0
0 0
0 0
0 0
0 0
0 0
0 0
0 0
0 0
0 0
0 0
262 -228
0 0
0 0
0 0
0 0
0 0
0 0
0 0
0 0
-284 403
0 0
0 0
0 0
0 0
0 0
-328 -153
-91 20
0 0
0 0
0 0
0 0
0 0
-491 -78
-539 -244
0 0
0 0
532 91
0 0
0 0
0 0
-196 -8
0 0
0 0
0 0
0 0
0 0
0 0
270 449
0 0
0 0
0 0
0 0
0 0
0 0
-59 255
0 0
-141 -467
0 0
0 0
0 0
-559 -204
0 0
0 0
0 0
0 0
0 0
0 0
0 0
0 0
0 0
0 0
0 0
0 0
0 0
78 290
0 0
0 0
0 0
0 0
0 0
0 0
0 0
0 0
0 0
-56 -362
0 0
0 0
0 0
0 0
0 0
0 0
0 0
0 0
0 0
0 0
0 0
0 0
0 0
0 0
0 0
0 0
0 0
568 -297
0 0
0 0
0 0
0 0
0 0
0 0
0 0
0 0
0 0
0 0
0 0
0 0
0 0
0 0
0 0
-374 80
0 0
0 0
0 0
0 0
0 0
0 0
0 0
0 0
0 0
0 0
100 -308
0 0
0 0
0 0
0 0
0 0
0 0
0 0
-390 -65
0 0
0 0
0 0
0 0
0 0
-95 -48
0 0
0 0
0 0
0 0
0 0
0 0
0 0
-613 94
0 0
0 0
0 0
0 0
0 0
0 0
0 0
0 0
0 0
0 0
0 0
0 0
0 0
0 0
-351 -90
-441 32
-22 -393
0 0
0 0
0 0
-473 45
-618 224
0 0
0 0
0 0
0 0
0 0
0 0
0 0
0 0
0 0
0 0
0 0
0 0
0 0
0 0
0 0
0 0
-237 -105
0 0
0 0
0 0
0 0
0 0
0 0
0 0
0 0
0 0
0 0
0 0
-352 -148
-42 -614
0 0
0 0
0 0
-138 -542
0 0
114 -21
-227 -42
-343 405
-561 -75
0 0
0 0
0 0
0 0
0 0
0 0
0 0
0 0
0 0
0 0
0 0
0 0
0 0
0 0
0 0
0 0
0 0
0 0
-269 6
0 0
0 0
0 0
0 0
0 0
0 0
0 0
0 0
0 0
0 0
-569 201
0 0
-306 -390
0 0
0 0
-391 45
0 0
0 0
0 0
0 0
0 0
0 0
0 0
0 0
0 0
0 0
0 0
0 0
0 0
0 0
0 0
0 0
-28 -646
0 0
0 0
0 0
0 0
0 0
0 0
0 0
0 0
0 0
0 0
0 0
0 0
1 210
0 0
0 0
0 0
-270 -448
0 0
0 0
215 86
0 0
0 0
-449 -466
0 0
0 0
-467 168
0 0
0 0
0 0
-105 -632
0 0
0 0
0 0
0 0
-287 -538
0 0
0 0
-100 353
0 0
0 0
0 0
463 410
0 0
-355 -181
-113 262
0 0
0 0
0 0
0 0
0 0
0 0
0 0
0 0
0 0
0 0
0 0
0 0
0 0
0 0
0 0
0 0
0 0
0 0
0 0
0 0
0 0
0 0
0 0
-402 -163
0 0
0 0
0 0
-433 -252
0 0
0 0
0 0
0 0
0 0
0 0
-365 -317
0 0
0 0
0 0
0 0
0 0
0 0
0 0
0 0
172 -487
0 0
0 0
0 0
0 0
0 0
-512 134
-614 225
0 0
0 0
0 0
0 0
0 0
0 0
0 0
0 0
-189 -404
0 0
0 0
0 0
0 0
0 0
-211 -321
0 0
0 0
0 0
0 0
0 0
0 0
0 0
526 142
222 554
0 0
0 0
0 0
0 0
0 0
-355 -98
0 0
0 0
0 0
0 0
0 0
0 0
0 0
0 0
0 0
0 0
0 0
0 0
0 0
0 0
0 0
0 0
0 0
0 0
0 0
0 0
0 0
0 0
0 0
-517 -77
-177 -201
0 0
0 0
0 0
-401 -420
0 0
0 0
-322 -265
0 0
0 0
0 0
0 0
0 0
0 0
0 0
-270 -227
0 0
-207 538
0 0
0 0
0 0
-263 -19
-508 -40
0 0
0 0
0 0
-508 3
-171 -428
-374 -66
0 0
0 0
0 0
0 0
0 0
0 0
0 0
0 0
0 0
0 0
0 0
-207 -109
-319 -465
0 0
0 0
0 0
0 0
-248 269
-549 341
0 0
0 0
0 0
0 0
0 0
0 0
0 0
0 0
0 0
0 0
0 0
0 0
0 0
0 0
0 0
0 0
0 0
0 0
0 0
0 0
0 0
0 0
0 0
0 0
0 0
0 0
0 0
0 0
0 0
239 -604
0 0
0 0
0 0
-606 30
0 0
0 0
0 0
0 0
-432 -390
0 0
0 0
0 0
0 0
0 0
0 0
0 0
0 0
0 0
0 0
0 0
-480 40
0 0
0 0
-513 63
0 0
0 0
0 0
0 0
0 0
0 0
0 0
0 0
0 0
0 0
0 0
0 0
0 0
0 0
0 0
0 0
0 0
0 0
0 0
0 0
0 0
0 0
-139 -424
0 0
0 0
0 0
0 0
0 0
0 0
0 0
0 0
0 0
0 0
0 0
0 0
0 0
0 0
0 0
-452 -53
116 -69
0 0
0 0
0 0
0 0
0 0
0 0
0 0
0 0
0 0
0 0
0 0
0 0
0 0
0 0
0 0
0 0
0 0
0 0
0 0
0 0
0 0
0 0
0 0
0 0
0 0
0 0
0 0
0 0
0 0
0 0
-41 -199
0 0
0 0
0 0
0 0
0 0
0 0
0 0
0 0
-297 143
-195 -75
0 0
0 0
0 0
0 0
0 0
0 0
0 0
0 0
0 0
-431 -132
0 0
0 0
0 0
0 0
0 0
-94 -135
0 0
0 0
0 0
0 0
0 0
0 0
0 0
0 0
0 0
0 0
-323 -433
-179 -398
0 0
0 0
0 0
0 0
0 0
0 0
0 0
0 0
-482 123
0 0
0 0
0 0
0 0
258 267
0 0
0 0
0 0
-334 236
0 0
0 0
0 0
0 0
0 0
0 0
0 0
0 0
0 0
0 0
0 0
0 0
0 0
0 0
-121 120
0 0
0 0
0 0
39 332
0 0
0 0
0 0
0 0
0 0
0 0
0 0
0 0
0 0
0 0
0 0
0 0
158 -266
0 0
0 0
0 0
0 0
0 0
0 0
0 0
0 0
0 0
0 0
0 0
-531 119
89 -6
0 0
0 0
0 0
0 0
0 0
0 0
0 0
0 0
0 0
0 0
0 0
0 0
0 0
0 0
0 0
0 0
0 0
0 0
0 0
-328 260
0 0
0 0
0 0
-365 -228
0 0
0 0
0 0
0 0
-93 -280
0 0
0 0
0 0
0 0
0 0
0 0
0 0
0 0
0 0
0 0
0 0
0 0
0 0
0 0
0 0
0 0
0 0
0 0
0 0
-460 -76
-308 -243
0 0
0 0
0 0
0 0
0 0
415 17
0 0
0 0
0 0
0 0
0 0
0 0
0 0
0 0
0 0
0 0
0 0
0 0
0 0
0 0
0 0
0 0
0 0
0 0
0 0
-519 -196
0 0
0 0
0 0
-534 -163
0 0
0 0
0 0
0 0
0 0
0 0
0 0
0 0
0 0
0 0
0 0
0 0
0 0
0 0
0 0
0 0
0 0
0 0
0 0
0 0
0 0
0 0
0 0
-241 -239
0 0
0 0
0 0
0 0
0 0
0 0
15 -173
-60 -245
0 0
0 0
0 0
0 0
0 0
-296 -217
-461 -396
0 0
0 0
-29 -501
-231 -523
0 0
0 0
-252 -324
0 0
0 0
0 0
0 0
0 0
0 0
-493 -16
0 0
0 0
0 0
0 0
0 0
0 0
-273 -232
0 0
0 0
-619 94
0 0
0 0
0 0
469 147
0 0
0 0
0 0
0 0
0 0
0 0
0 0
0 0
0 0
0 0
0 0
0 0
0 0
0 0
0 0
0 0
0 0
0 0
0 0
0 0
0 0
0 0
0 0
0 0
0 0
0 0
0 0
0 0
0 0
-406 -379
0 0
0 0
0 0
11 -384
0 0
0 0
0 0
0 0
-484 186
0 0
-531 -239
0 0
0 0
0 0
0 0
0 0
0 0
0 0
0 0
15 374
0 0
0 0
0 0
0 0
0 0
0 0
0 0
0 0
0 0
0 0
0 0
0 0
0 0
0 0
72 -550
0 0
0 0
0 0
0 0
0 0
0 0
0 0
0 0
0 0
-428 223
0 0
0 0
0 0
0 0
0 0
0 0
0 0
0 0
0 0
0 0
0 0
0 0
0 0
0 0
0 0
0 0
0 0
0 0
0 0
0 0
0 0
0 0
0 0
0 0
0 0
0 0
0 0
159 -91
0 0
0 0
0 0
0 0
0 0
0 0
0 0
0 0
0 0
0 0
0 0
411 -135
0 0
0 0
0 0
0 0
0 0
-381 -23
-142 -75
0 0
0 0
0 0
0 0
0 0
0 0
0 0
-395 245
0 0
0 0
0 0
0 0
0 0
0 0
0 0
0 0
200 -6
0 0
0 0
0 0
0 0
0 0
0 0
-460 415
-211 508
0 0
0 0
0 0
0 0
0 0
140 -100
0 0
0 0
0 0
0 0
0 0
0 0
-137 -422
0 0
0 0
0 0
0 0
0 0
0 0
0 0
0 0
0 0
0 0
0 0
0 0
0 0
-197 -563
0 0
0 0
-469 -41
0 0
0 0
0 0
0 0
0 0
0 0
0 0
0 0
0 0
0 0
0 0
0 0
0 0
0 0
0 0
0 0
0 0
0 0
0 0
0 0
0 0
262 -228
0 0
0 0
0 0
0 0
0 0
0 0
0 0
0 0
-284 403
0 0
0 0
0 0
0 0
0 0
-328 -153
-91 20
0 0
0 0
0 0
0 0
0 0
-491 -78
-539 -244
0 0
0 0
532 91
0 0
0 0
0 0
-196 -8
0 0
0 0
0 0
0 0
0 0
0 0
270 449
0 0
0 0
0 0
0 0
0 0
0 0
-59 255
0 0
-141 -467
0 0
0 0
0 0
-559 -204
0 0
0 0
0 0
0 0
0 0
0 0
0 0
0 0
0 0
0 0
0 0
0 0
0 0
78 290
0 0
0 0
0 0
0 0
0 0
0 0
0 0
0 0
0 0
-56 -362
0 0
0 0
0 0
0 0
0 0
0 0
0 0
0 0
0 0
0 0
0 0
0 0
0 0
0 0
0 0
0 0
0 0
568 -297
0 0
0 0
0 0
0 0
0 0
0 0
0 0
0 0
0 0
0 0
0 0
0 0
0 0
0 0
0 0
-374 80
0 0
0 0
0 0
0 0
0 0
0 0
0 0
0 0
0 0
0 0
100 -308
0 0
0 0
0 0
0 0
0 0
0 0
0 0
-390 -65
0 0
0 0
0 0
0 0
0 0
-95 -48
0 0
0 0
0 0
0 0
0 0
0 0
0 0
-613 94
0 0
0 0
0 0
0 0
0 0
0 0
0 0
0 0
0 0
0 0
0 0
0 0
0 0
0 0
-351 -90
-441 32
-22 -393
0 0
0 0
0 0
-473 45
-618 224
0 0
0 0
0 0
0 0
0 0
0 0
0 0
0 0
0 0
0 0
0 0
0 0
0 0
0 0
0 0
0 0
-237 -105
0 0
0 0
0 0
0 0
0 0
0 0
0 0
0 0
0 0
0 0
0 0
-352 -148
-42 -614
0 0
0 0
0 0
-138 -542
0 0
114 -21
-227 -42
-343 405
-561 -75
0 0
0 0
0 0
0 0
0 0
0 0
0 0
0 0
0 0
0 0
0 0
0 0
0 0
0 0
0 0
0 0
0 0
0 0
-269 6
0 0
0 0
0 0
0 0
0 0
0 0
0 0
0 0
0 0
0 0
-569 201
0 0
-306 -390
0 0
0 0
-391 45
0 0
0 0
0 0
0 0
0 0
0 0
0 0
0 0
0 0
0 0
0 0
0 0
0 0
0 0
0 0
0 0
-28 -646
0 0
0 0
0 0
0 0
0 0
0 0
0 0
0 0
0 0
0 0
0 0
0 0
1 210
0 0
0 0
0 0
-270 -448
0 0
0 0
215 86
0 0
0 0
-449 -466
0 0
0 0
-467 168
0 0
0 0
0 0
-105 -632
0 0
0 0
0 0
0 0
-287 -538
0 0
0 0
-100 353
0 0
0 0
0 0
463 410
0 0
-355 -181
-113 262
0 0
0 0
0 0
0 0
0 0
0 0
0 0
0 0
0 0
0 0
0 0
0 0
0 0
0 0
0 0
0 0
0 0
0 0
0 0
0 0
0 0
0 0
0 0
-402 -163
0 0
0 0
0 0
-433 -252
0 0
0 0
0 0
0 0
0 0
0 0
-365 -317
0 0
0 0
0 0
0 0
0 0
0 0
0 0
0 0
172 -487
0 0
0 0
0 0
0 0
0 0
-512 134
-614 225
0 0
0 0
0 0
0 0
0 0
0 0
0 0
0 0
-189 -404
0 0
0 0
0 0
0 0
0 0
-211 -321
0 0
0 0
0 0
0 0
0 0
0 0
0 0
526 142
222 554
0 0
0 0
0 0
0 0
0 0
-355 -98
0 0
0 0
0 0
0 0
0 0
0 0
0 0
0 0
0 0
0 0
0 0
0 0
0 0
0 0
0 0
0 0
0 0
0 0
0 0
0 0
0 0
0 0
0 0
-517 -77
-177 -201
0 0
0 0
0 0
-401 -420
0 0
0 0
-322 -265
0 0
0 0
0 0
0 0
0 0
0 0
0 0
-270 -227
0 0
-207 538
0 0
0 0
0 0
-263 -19
-508 -40
0 0
0 0
0 0
-508 3
-171 -428
-374 -66
0 0
0 0
0 0
0 0
0 0
0 0
0 0
0 0
0 0
0 0
0 0
-207 -109
-319 -465
0 0
0 0
0 0
0 0
-248 269
-549 341
0 0
0 0
0 0
0 0
0 0
0 0
0 0
0 0
0 0
0 0
0 0
0 0
0 0
0 0
0 0
0 0
0 0
0 0
0 0
0 0
0 0
0 0
0 0
0 0
0 0
0 0
0 0
0 0
0 0
239 -604
0 0
0 0
0 0
-606 30
0 0
0 0
0 0
0 0
-432 -390
0 0
0 0
0 0
0 0
0 0
0 0
0 0
0 0
0 0
0 0
0 0
-480 40
0 0
0 0
-513 63
0 0
0 0
0 0
0 0
0 0
0 0
0 0
0 0
0 0
0 0
0 0
0 0
0 0
0 0
0 0
0 0
0 0
0 0
0 0
0 0
0 0
0 0
-139 -424
0 0
0 0
0 0
0 0
0 0
0 0
0 0
0 0
0 0
0 0
0 0
0 0
0 0
0 0
0 0
-452 -53
116 -69
0 0
0 0
0 0
0 0
0 0
0 0
0 0
0 0
0 0
0 0
0 0
0 0
0 0
0 0
0 0
0 0
0 0
0 0
0 0
0 0
0 0
0 0
0 0
0 0
0 0
0 0
0 0
0 0
0 0
0 0
-41 -199
0 0
0 0
0 0
0 0
0 0
0 0
0 0
0 0
-297 143
-195 -75
0 0
0 0
0 0
0 0
0 0
0 0
0 0
0 0
0 0
-431 -132
0 0
0 0
0 0
0 0
0 0
-94 -135
0 0
0 0
0 0
0 0
0 0
0 0
0 0
0 0
0 0
0 0
-323 -433
-179 -398
0 0
0 0
0 0
0 0
0 0
0 0
0 0
0 0
-482 123
0 0
0 0
0 0
0 0
258 267
0 0
0 0
0 0
-334 236
0 0
0 0
0 0
0 0
0 0
0 0
0 0
0 0
0 0
0 0
0 0
0 0
0 0
0 0
-121 120
0 0
0 0
0 0
39 332
0 0
0 0
0 0
0 0
0 0
0 0
0 0
0 0
0 0
0 0
0 0
0 0
158 -266
0 0
0 0
0 0
0 0
0 0
0 0
0 0
0 0
0 0
0 0
0 0
-531 119
89 -6
0 0
0 0
0 0
0 0
0 0
0 0
0 0
0 0
0 0
0 0
0 0
0 0
0 0
0 0
0 0
0 0
0 0
0 0
0 0
-328 260
0 0
0 0
0 0
-365 -228
0 0
0 0
0 0
0 0
-93 -280
0 0
0 0
0 0
0 0
0 0
0 0
0 0
0 0
0 0
0 0
0 0
0 0
0 0
0 0
0 0
0 0
0 0
0 0
0 0
-460 -76
-308 -243
0 0
0 0
0 0
0 0
0 0
415 17
0 0
0 0
0 0
0 0
0 0
0 0
0 0
0 0
0 0
0 0
0 0
0 0
0 0
0 0
0 0
0 0
0 0
0 0
0 0
-519 -196
0 0
0 0
0 0
-534 -163
0 0
0 0
0 0
0 0
0 0
0 0
0 0
0 0
0 0
0 0
0 0
0 0
0 0
0 0
0 0
0 0
0 0
0 0
0 0
0 0
0 0
0 0
0 0
-241 -239
0 0
0 0
0 0
0 0
0 0
0 0
15 -173
-60 -245
0 0
0 0
0 0
0 0
0 0
-296 -217
-461 -396
0 0
0 0
-29 -501
-231 -523
0 0
0 0
-252 -324
0 0
0 0
0 0
0 0
0 0
0 0
-493 -16
0 0
0 0
0 0
0 0
0 0
0 0
-273 -232
0 0
0 0
-619 94
0 0
0 0
0 0
469 147
0 0
0 0
0 0
0 0
0 0
0 0
0 0
0 0
0 0
0 0
0 0
0 0
0 0
0 0
0 0
0 0
0 0
0 0
0 0
0 0
0 0
0 0
0 0
0 0
0 0
0 0
0 0
0 0
0 0
-406 -379
0 0
0 0
0 0
11 -384
0 0
0 0
0 0
0 0
-484 186
0 0
-531 -239
0 0
0 0
0 0
0 0
0 0
0 0
0 0
0 0
15 374
0 0
0 0
0 0
0 0
0 0
0 0
0 0
0 0
0 0
0 0
0 0
0 0
0 0
0 0
72 -550
0 0
0 0
0 0
0 0
0 0
0 0
0 0
0 0
0 0
-428 223
0 0
0 0
0 0
0 0
0 0
0 0
0 0
0 0
0 0
0 0
0 0
0 0
0 0
0 0
0 0
0 0
0 0
0 0
0 0
0 0
0 0
0 0
0 0
0 0
0 0
0 0
0 0
159 -91
0 0
0 0
0 0
0 0
0 0
0 0
0 0
0 0
0 0
0 0
0 0
411 -135
0 0
0 0
0 0
0 0
0 0
-381 -23
-142 -75
0 0
0 0
0 0
0 0
0 0
0 0
0 0
-395 245
0 0
0 0
0 0
0 0
0 0
0 0
0 0
0 0
200 -6
0 0
0 0
0 0
0 0
0 0
0 0
-460 415
-211 508
0 0
0 0
0 0
0 0
0 0
140 -100
0 0
0 0
0 0
0 0
0 0
0 0
-137 -422
0 0
0 0
0 0
0 0
0 0
0 0
0 0
0 0
0 0
0 0
0 0
0 0
0 0
-197 -563
0 0
0 0
-469 -41
0 0
0 0
0 0
0 0
0 0
0 0
0 0
0 0
0 0
0 0
0 0
0 0
0 0
0 0
0 0
0 0
0 0
0 0
0 0
0 0
0 0
262 -228
0 0
0 0
0 0
0 0
0 0
0 0
0 0
0 0
-284 403
0 0
0 0
0 0
0 0
0 0
-328 -153
-91 20
0 0
0 0
0 0
0 0
0 0
-491 -78
-539 -244
0 0
0 0
532 91
0 0
0 0
0 0
-196 -8
0 0
0 0
0 0
0 0
0 0
0 0
270 449
0 0
0 0
0 0
0 0
0 0
0 0
-59 255
0 0
-141 -467
0 0
0 0
0 0
-559 -204
0 0
0 0
0 0
0 0
0 0
0 0
0 0
0 0
0 0
0 0
0 0
0 0
0 0
78 290
0 0
0 0
0 0
0 0
0 0
0 0
0 0
0 0
0 0
-56 -362
0 0
0 0
0 0
0 0
0 0
0 0
0 0
0 0
0 0
0 0
0 0
0 0
0 0
0 0
0 0
0 0
0 0
568 -297
0 0
0 0
0 0
0 0
0 0
0 0
0 0
0 0
0 0
0 0
0 0
0 0
0 0
0 0
0 0
-374 80
0 0
0 0
0 0
0 0
0 0
0 0
0 0
0 0
0 0
0 0
100 -308
0 0
0 0
0 0
0 0
0 0
0 0
0 0
-390 -65
0 0
0 0
0 0
0 0
0 0
-95 -48
0 0
0 0
0 0
0 0
0 0
0 0
0 0
-613 94
0 0
0 0
0 0
0 0
0 0
0 0
0 0
0 0
0 0
0 0
0 0
0 0
0 0
0 0
-351 -90
-441 32
-22 -393
0 0
0 0
0 0
-473 45
-618 224
0 0
0 0
0 0
0 0
0 0
0 0
0 0
0 0
0 0
0 0
0 0
0 0
0 0
0 0
0 0
0 0
-237 -105
0 0
0 0
0 0
0 0
0 0
0 0
0 0
0 0
0 0
0 0
0 0
-352 -148
-42 -614
0 0
0 0
0 0
-138 -542
0 0
114 -21
-227 -42
-343 405
-561 -75
0 0
0 0
0 0
0 0
0 0
0 0
0 0
0 0
0 0
0 0
0 0
0 0
0 0
0 0
0 0
0 0
0 0
0 0
-269 6
0 0
0 0
0 0
0 0
0 0
0 0
0 0
0 0
0 0
0 0
-569 201
0 0
-306 -390
0 0
0 0
-391 45
0 0
0 0
0 0
0 0
0 0
0 0
0 0
0 0
0 0
0 0
0 0
0 0
0 0
0 0
0 0
0 0
-28 -646
0 0
0 0
0 0
0 0
0 0
0 0
0 0
0 0
0 0
0 0
0 0
0 0
1 210
0 0
0 0
0 0
-270 -448
0 0
0 0
215 86
0 0
0 0
-449 -466
0 0
0 0
-467 168
0 0
0 0
0 0
-105 -632
0 0
0 0
0 0
0 0
-287 -538
0 0
0 0
-100 353
0 0
0 0
0 0
463 410
0 0
-355 -181
-113 262
0 0
0 0
0 0
0 0
0 0
0 0
0 0
0 0
0 0
0 0
0 0
0 0
0 0
0 0
0 0
0 0
0 0
0 0
0 0
0 0
0 0
0 0
0 0
-402 -163
0 0
0 0
0 0
-433 -252
0 0
0 0
0 0
0 0
0 0
0 0
-365 -317
0 0
0 0
0 0
0 0
0 0
0 0
0 0
0 0
172 -487
0 0
0 0
0 0
0 0
0 0
-512 134
-614 225
0 0
0 0
0 0
0 0
0 0
0 0
0 0
0 0
-189 -404
0 0
0 0
0 0
0 0
0 0
-211 -321
0 0
0 0
0 0
0 0
0 0
0 0
0 0
526 142
222 554
0 0
0 0
0 0
0 0
0 0
-355 -98
0 0
0 0
0 0
0 0
0 0
0 0
0 0
0 0
0 0
0 0
0 0
0 0
0 0
0 0
0 0
0 0
0 0
0 0
0 0
0 0
0 0
0 0
0 0
-517 -77
-177 -201
0 0
0 0
0 0
-401 -420
0 0
0 0
-322 -265
0 0
0 0
0 0
0 0
0 0
0 0
0 0
-270 -227
0 0
-207 538
0 0
0 0
0 0
-263 -19
-508 -40
0 0
0 0
0 0
-508 3
-171 -428
-374 -66
0 0
0 0
0 0
0 0
0 0
0 0
0 0
0 0
0 0
0 0
0 0
-207 -109
-319 -465
0 0
0 0
0 0
0 0
-248 269
-549 341
0 0
0 0
0 0
0 0
0 0
0 0
0 0
0 0
0 0
0 0
0 0
0 0
0 0
0 0
0 0
0 0
0 0
0 0
0 0
0 0
0 0
0 0
0 0
0 0
0 0
0 0
0 0
0 0
0 0
239 -604
0 0
0 0
0 0
-606 30
0 0
0 0
0 0
0 0
-432 -390
0 0
0 0
0 0
0 0
0 0
0 0
0 0
0 0
0 0
0 0
0 0
-480 40
0 0
0 0
-513 63
0 0
0 0
0 0
0 0
0 0
0 0
0 0
0 0
0 0
0 0
0 0
0 0
0 0
0 0
0 0
0 0
0 0
0 0
0 0
0 0
0 0
0 0
-139 -424
0 0
0 0
0 0
0 0
0 0
0 0
0 0
0 0
0 0
0 0
0 0
0 0
0 0
0 0
0 0
-452 -53
116 -69
0 0
0 0
0 0
0 0
0 0
0 0
0 0
0 0
0 0
0 0
0 0
0 0
0 0
0 0
0 0
0 0
0 0
0 0
0 0
0 0
0 0
0 0
0 0
0 0
0 0
0 0
0 0
0 0
0 0
0 0
-41 -199
0 0
0 0
0 0
0 0
0 0
0 0
0 0
0 0
-297 143
-195 -75
0 0
0 0
0 0
0 0
0 0
0 0
0 0
0 0
0 0
-431 -132
0 0
0 0
0 0
0 0
0 0
-94 -135
0 0
0 0
0 0
0 0
0 0
0 0
0 0
0 0
0 0
0 0
-323 -433
-179 -398
0 0
0 0
0 0
0 0
0 0
0 0
0 0
0 0
-482 123
0 0
0 0
0 0
0 0
258 267
0 0
0 0
0 0
-334 236
0 0
0 0
0 0
0 0
0 0
0 0
0 0
0 0
0 0
0 0
0 0
0 0
0 0
0 0
-121 120
0 0
0 0
0 0
39 332
0 0
0 0
0 0
0 0
0 0
0 0
0 0
0 0
0 0
0 0
0 0
0 0
158 -266
0 0
0 0
0 0
0 0
0 0
0 0
0 0
0 0
0 0
0 0
0 0
-531 119
89 -6
0 0
0 0
0 0
0 0
0 0
0 0
0 0
0 0
0 0
0 0
0 0
0 0
0 0
0 0
0 0
0 0
0 0
0 0
0 0
-328 260
0 0
0 0
0 0
-365 -228
0 0
0 0
0 0
0 0
-93 -280
0 0
0 0
0 0
0 0
0 0
0 0
0 0
0 0
0 0
0 0
0 0
0 0
0 0
0 0
0 0
0 0
0 0
0 0
0 0
-460 -76
-308 -243
0 0
0 0
0 0
0 0
0 0
415 17
0 0
0 0
0 0
0 0
0 0
0 0
0 0
0 0
0 0
0 0
0 0
0 0
0 0
0 0
0 0
0 0
0 0
0 0
0 0
-519 -196
0 0
0 0
0 0
-534 -163
0 0
0 0
0 0
0 0
0 0
0 0
0 0
0 0
0 0
0 0
0 0
0 0
0 0
0 0
0 0
0 0
0 0
0 0
0 0
0 0
0 0
0 0
0 0
-241 -239
0 0
0 0
0 0
0 0
0 0
0 0
15 -173
-60 -245
0 0
0 0
0 0
0 0
0 0
-296 -217
-461 -396
0 0
0 0
-29 -501
-231 -523
0 0
0 0
-252 -324
0 0
0 0
0 0
0 0
0 0
0 0
-493 -16
0 0
0 0
0 0
0 0
0 0
0 0
-273 -232
0 0
0 0
-619 94
0 0
0 0
0 0
469 147
0 0
0 0
0 0
0 0
0 0
0 0
0 0
0 0
0 0
0 0
0 0
0 0
0 0
0 0
0 0
0 0
0 0
0 0
0 0
0 0
0 0
0 0
0 0
0 0
0 0
0 0
0 0
0 0
0 0
-406 -379
0 0
0 0
0 0
11 -384
0 0
0 0
0 0
0 0
-484 186
0 0
-531 -239
0 0
0 0
0 0
0 0
0 0
0 0
0 0
0 0
15 374
0 0
0 0
0 0
0 0
0 0
0 0
0 0
0 0
0 0
0 0
0 0
0 0
0 0
0 0
72 -550
0 0
0 0
0 0
0 0
0 0
0 0
0 0
0 0
0 0
-428 223
0 0
0 0
0 0
0 0
0 0
0 0
0 0
0 0
0 0
0 0
0 0
0 0
0 0
0 0
0 0
0 0
0 0
0 0
0 0
0 0
0 0
0 0
0 0
0 0
0 0
0 0
0 0
159 -91
0 0
0 0
0 0
0 0
0 0
0 0
0 0
0 0
0 0
0 0
0 0
411 -135
0 0
0 0
0 0
0 0
0 0
-381 -23
-142 -75
0 0
0 0
0 0
0 0
0 0
0 0
0 0
-395 245
0 0
0 0
0 0
0 0
0 0
0 0
0 0
0 0
200 -6
0 0
0 0
0 0
0 0
0 0
0 0
-460 415
-211 508
0 0
0 0
0 0
0 0
0 0
140 -100
0 0
0 0
0 0
0 0
0 0
0 0
-137 -422
0 0
0 0
0 0
0 0
0 0
0 0
0 0
0 0
0 0
0 0
0 0
0 0
0 0
-197 -563
0 0
0 0
-469 -41
0 0
0 0
0 0
0 0
0 0
0 0
0 0
0 0
0 0
0 0
0 0
0 0
0 0
0 0
0 0
0 0
0 0
0 0
0 0
0 0
0 0
262 -228
0 0
0 0
0 0
0 0
0 0
0 0
0 0
0 0
-284 403
0 0
0 0
0 0
0 0
0 0
-328 -153
-91 20
0 0
0 0
0 0
0 0
0 0
-491 -78
-539 -244
0 0
0 0
532 91
0 0
0 0
0 0
-196 -8
0 0
0 0
0 0
0 0
0 0
0 0
270 449
0 0
0 0
0 0
0 0
0 0
0 0
-59 255
0 0
-141 -467
0 0
0 0
0 0
-559 -204
0 0
0 0
0 0
0 0
0 0
0 0
0 0
0 0
0 0
0 0
0 0
0 0
0 0
78 290
0 0
0 0
0 0
0 0
0 0
0 0
0 0
0 0
0 0
-56 -362
0 0
0 0
0 0
0 0
0 0
0 0
0 0
0 0
0 0
0 0
0 0
0 0
0 0
0 0
0 0
0 0
0 0
568 -297
0 0
0 0
0 0
0 0
0 0
0 0
0 0
0 0
0 0
0 0
0 0
0 0
0 0
0 0
0 0
-374 80
0 0
0 0
0 0
0 0
0 0
0 0
0 0
0 0
0 0
0 0
100 -308
0 0
0 0
0 0
0 0
0 0
0 0
