194 68
194 68
1084 97
-984 -236
-363 1047
-9 -1226
1189 363
-622 -28
-967 -421
1048 358
-999 -821
143 349
383 -287
-486 1312
573 206
-213 -554
1332 -458
-2194 218
1894 -67
-1012 -199
-131 311
-242 -287
1368 185
-1500 -737
460 1644
639 483
-910 -571
-51 -387
-170 312
417 -557
362 -74
-90 122
419 -425
-126 -1460
-824 1222
80 290
419 386
-145 179
-259 -552
264 1512
-49 -1165
92 -793
-47 267
-191 187
695 -341
196 1569
-416 459
-1232 -1612
1680 258
254 824
310 -651
-1637 -918
1834 545
-1150 284
37 -202
-762 -685
98 1275
900 -1213
356 97
369 1779
-1622 -2030
1608 665
-99 -77
-1712 377
1939 -784
-1433 935
243 -382
310 -466
-1591 864
1268 -961
-246 158
473 11
145 1085
107 -564
-341 -21
-116 447
-218 -480
-354 -141
886 -340
63 1316
-929 -679
387 -539
1003 499
-908 446
-887 -1742
656 1389
907 -401
-610 -369
869 -911
-863 1022
81 1201
249 -737
-638 -982
661 -471
-115 1728
-166 -208
-1131 -507
2363 -317
-2795 720
1364 448
374 -1207
-630 287
1259 -193
-473 977
-735 -633
-90 416
194 204
792 -363
-529 -228
-685 -67
716 670
-116 -168
-696 467
-125 -513
867 -84
177 885
-266 383
68 -833
-155 163
1074 -1152
-566 708
-522 1054
-370 -1173
-344 -1087
1591 298
-1583 -706
969 644
-88 321
332 -66
-1558 614
1072 -393
690 620
-346 -624
-141 -153
-422 359
1398 842
-872 -676
529 -394
-1734 -285
979 343
579 781
-145 -178
-203 444
1071 -1090
-1680 123
541 -135
-271 -335
1065 1301
-309 -432
-1610 -544
401 77
545 -85
-469 1147
588 -880
-137 367
215 599
-662 -1364
286 -199
523 164
-778 -680
-323 237
1067 1152
-292 -1078
144 463
-840 385
1087 -102
-60 608
922 -239
409 -66
-1223 662
455 -300
-1010 -159
192 -432
242 443
-859 156
-137 606
178 -30
193 -1855
158 -27
-4 888
615 938
-1196 -1059
1897 1240
-899 -520
-355 297
1470 -178
-731 -1231
-1805 888
1126 -863
132 926
-453 166
717 -1174
-640 719
627 994
195 -1086
-1468 -254
1220 -141
-270 175
-371 -372
1506 -227
-954 317
-212 193
1100 -989
-1160 221
-84 1817
844 -141
-1265 -1621
322 620
311 28
-782 280
1546 434
-1010 -63
678 -1590
-1266 1063
1348 325
-1450 -849
1304 -319
169 549
-935 418
748 86
-725 -54
-1227 100
1467 -451
-12 522
-102 91
-301 -597
438 -495
580 1189
-1284 -137
562 511
-239 103
-100 -941
1088 -461
-319 199
-81 861
131 -1168
-612 1159
-550 646
1598 -1821
-508 406
-577 -858
-349 1259
889 953
-524 -902
-784 -977
859 479
1303 747
-80 -238
-304 412
-863 327
1013 -1008
-964 392
-146 -548
997 347
-614 -162
-859 -493
597 427
-142 -726
-718 401
863 741
135 261
-84 157
785 -1107
-1100 -822
1426 -70
-1208 1259
860 543
-1208 -260
1892 -918
-1224 582
-918 1316
464 -1508
-559 -232
952 375
-625 244
693 101
-481 -1407
681 1177
-384 -20
340 -124
45 711
658 -139
-948 -1228
21 437
844 362
-792 -154
27 -53
79 1262
-556 -1195
-259 505
820 754
-864 -1244
1571 -728
-625 599
-114 85
74 1056
-11 -291
-582 327
1059 -1847
-1124 706
591 257
-245 -21
-233 -593
182 1528
352 -765
-301 -127
337 -431
-203 362
-64 -436
-231 533
252 -837
1 1087
-306 84
-157 -819
330 829
380 -713
-219 -564
-29 1252
-397 -218
607 -241
-112 -356
-816 -263
1025 1165
-745 -246
707 -554
-100 632
-301 72
-625 -1389
571 827
-209 -563
1130 595
-1311 298
-318 -944
762 1148
-279 -259
1009 -657
513 -113
-1007 1641
289 -2533
-36 646
250 1381
-946 -1753
-683 1720
567 -345
107 162
797 208
-215 -807
389 -447
-1250 674
266 -579
466 581
-888 -242
637 16
-1316 -405
1692 513
397 -888
29 569
-1359 820
490 -1845
96 1510
-72 149
331 -663
387 -91
-937 399
172 62
221 -127
567 841
-962 -395
1239 -309
-2480 897
1868 -515
-473 -401
-531 121
800 -301
-307 1214
374 -1790
-292 498
149 570
-124 -1065
-96 1470
187 -382
1414 -572
-997 720
964 -870
-721 906
-1341 -1033
-429 845
918 -69
477 -786
-541 68
542 1143
12 -712
17 -582
-375 1277
-101 -1666
135 1305
749 -653
-241 -42
-659 -214
-514 799
1180 609
-421 -580
568 -419
-262 39
-659 733
1423 -387
-1519 8
1207 -545
52 1193
-462 -1301
-242 900
1076 95
-3099 -165
1693 -627
641 -175
540 915
-797 -1318
-174 1788
628 -706
-621 -37
568 -16
577 164
-1039 -1085
-164 1361
-539 219
987 -65
-652 -962
705 441
1105 289
-166 -130
-702 -186
-1026 267
667 -1619
-974 2050
-202 -836
621 504
1039 -1359
36 1422
-1800 -649
950 881
-565 -892
1322 -563
-1489 966
1019 -168
-994 52
-503 -460
1729 407
-709 500
504 -1705
-1096 1270
675 -606
527 362
642 647
-979 -574
-635 -16
883 1567
-350 -1585
-1582 989
73 -1027
1988 3
-296 338
102 -218
-707 527
1272 -1115
-699 1013
465 -1333
-52 1036
837 366
128 -910
-833 110
-1144 -25
497 274
591 -462
-1362 137
1929 274
-776 -950
424 624
-469 374
623 -304
-671 -540
-505 1457
-84 -1053
-735 460
1082 -684
-33 1102
-692 111
1484 -121
-787 -617
89 -109
144 35
704 -414
-407 603
271 1314
-1119 -2387
148 1051
-259 -512
155 1858
-370 -791
574 -201
1271 101
-1288 -838
419 1406
449 -1099
-111 574
-1058 135
196 -738
790 775
-520 -203
-167 352
-308 -769
1191 -774
-1435 657
779 -605
-816 584
-352 -538
405 1063
524 1216
275 -1078
23 370
-16 -773
259 -1170
-536 1035
387 314
-897 105
2062 -96
-1611 446
606 -243
-510 -618
-594 1258
70 -1334
677 100
515 -654
-321 -187
-370 1476
1118 -311
-969 1196
-971 -1039
332 -54
1287 -31
-145 -400
-685 -406
210 -398
-484 2058
1453 -1204
-1594 649
422 -810
-453 40
-62 -83
-341 956
888 -1320
-500 871
457 32
620 -125
-804 -205
1085 -1718
-1345 1688
423 -615
1026 87
-349 956
287 -967
-737 90
278 1069
-448 -989
-135 -848
42 2021
397 -693
51 1037
-468 -1810
716 426
-1095 719
1189 -835
-306 773
-224 80
-465 -76
288 -964
730 375
-590 177
427 -723
271 1185
-423 -600
-221 -299
218 385
-224 -774
376 1050
-612 -525
538 656
-1076 -83
1732 -457
-754 -1046
-982 2270
295 -295
-146 -351
955 -551
26 -430
-767 1381
-101 -855
1312 1207
-1143 -766
1342 -638
-1501 201
505 533
-142 -323
152 -167
-790 7
1336 -1199
-310 1624
-366 -647
758 594
95 -119
-942 -451
371 -400
-278 1532
127 328
-260 -545
-103 -219
-181 -1909
384 2056
-857 -228
506 -42
81 -508
-512 -1118
371 1592
839 -177
-1294 -811
1057 792
-796 667
1097 -1754
-101 973
-443 9
-62 -250
-390 329
894 101
-457 -147
-1097 -435
2150 603
-1064 -1177
840 -102
-153 1700
498 -444
-1206 -296
202 947
1666 -648
-2066 -163
-245 919
719 36
37 -1352
830 169
-102 1374
-1044 -783
189 1448
-173 -1378
-241 -791
-403 144
1515 915
-2163 -926
1931 613
-327 -449
-380 644
604 -786
-834 426
272 -551
-294 -113
605 563
283 -117
-75 -72
-345 811
147 119
521 -72
-698 -568
-481 -53
620 -209
-165 -179
-254 -17
1305 -33
-619 -55
-202 -22
-989 584
723 -574
245 189
-197 -895
-1202 1593
1693 172
-1174 -1445
763 92
-290 1283
166 -492
605 -322
811 298
-2143 -928
764 1666
312 -1745
434 1006
-563 -191
-183 1136
237 -966
-400 156
1002 293
-1288 -586
1178 -108
196 454
-1019 -129
-279 -91
689 -283
-421 -341
-31 1620
709 -535
-1481 -286
87 -158
214 712
-702 -144
1768 -593
-1181 -500
79 1415
1027 -984
635 -462
-1618 102
350 933
329 -624
-799 360
132 -697
95 841
361 -1455
-751 666
1399 478
-993 1208
-474 -959
496 -199
1656 202
-703 -606
-449 -17
-628 -460
1831 958
-993 -626
207 123
-162 992
-404 -539
-253 550
384 -640
-60 207
-105 -710
58 285
-29 908
88 -830
880 -901
-680 1361
-686 -796
842 35
762 1042
-748 -667
117 461
-961 -819
1231 385
-1065 -379
-343 866
-294 -383
600 -105
435 -705
-80 860
-127 -714
-787 1202
982 -324
-447 -549
-1164 50
1569 -248
508 -61
332 972
-1148 1009
1888 -1333
-1036 47
-1511 -553
105 478
1528 -964
-615 1293
-541 -248
498 72
-672 -397
1300 -783
-455 976
-214 -1141
821 566
-1562 79
418 107
314 815
-923 -1013
2082 1571
-560 -411
-610 -1239
-334 993
561 -933
-90 1500
1524 -1320
-2121 -54
1003 228
-230 995
726 -133
-1574 312
-715 -684
2315 -992
-997 1125
-331 -937
43 1140
998 -1050
-130 366
-907 -293
798 399
-995 1345
993 -2582
-482 701
-412 2028
-469 -1224
1591 -1160
-668 1955
-92 -468
358 -812
537 67
-986 64
-199 -149
181 722
-384 -1069
441 -1
155 545
239 -52
695 -480
-1166 184
-295 -767
-127 1874
1062 215
-314 431
-325 -1350
217 213
-468 -32
859 -596
-959 417
212 324
725 -763
-749 -356
1254 334
-797 347
518 74
405 -879
-1697 1274
837 -782
696 18
-1836 1560
1288 -416
-353 -354
249 93
-1077 -700
296 462
1130 -2144
-1575 1404
1722 779
-145 -409
-514 799
173 63
-539 -946
896 595
-936 74
53 -762
590 -145
-632 -760
677 1900
-133 86
-1046 -848
1198 -1623
486 2039
-1032 -722
1052 481
-698 -317
-466 247
-687 -125
2370 446
-1198 -546
49 -399
-655 913
532 -713
-149 322
1440 68
-2071 699
790 -1416
-1885 82
1151 992
127 -1013
313 280
-473 803
-349 -55
1403 443
-698 86
104 -58
-432 -985
1347 448
-371 -637
-646 256
-588 471
1575 282
-833 -1221
-807 1263
1173 -770
461 -205
-1555 609
1842 -333
-705 -230
-249 -391
-344 -501
222 282
-697 801
340 526
600 -132
-617 83
878 -1497
353 1135
-1116 -1115
1071 904
-613 -66
237 173
261 -621
198 1239
-499 -1749
-333 -68
312 934
-339 167
-48 -166
-454 -335
1472 459
53 211
-1488 -1527
-279 972
886 634
153 -178
-1177 -916
519 972
56 -1119
980 333
-412 -290
896 1722
-396 -245
-1124 -692
1737 365
-1317 -776
317 720
-18 -1117
-418 1264
494 42
-471 -990
389 268
270 728
-1515 -741
445 -187
382 463
713 -345
151 -383
-1498 1779
170 -876
1131 40
1052 247
-1201 -549
538 -508
-851 1206
-526 -381
-488 243
198 -185
1781 162
-533 44
-864 -223
456 571
17 -1182
-773 393
1025 -495
364 611
-1384 -27
24 232
627 -770
374 238
-691 184
1109 84
-284 1257
80 -907
212 -1443
-878 878
-172 1355
-402 -1112
833 689
333 -1167
-1423 1126
1775 -698
-996 -209
1274 179
-2041 1484
-134 -1104
2354 -489
-325 -42
-927 -534
321 729
-913 -1043
-54 617
1735 142
-1821 141
-228 638
1034 -234
-1198 -1378
1302 1727
203 -1418
-1509 1348
618 -1226
1464 514
-1142 183
173 171
880 -453
-1693 969
253 -349
277 156
885 -551
-677 567
76 245
-147 -817
-698 -163
719 -121
599 129
51 -935
339 1502
-867 547
384 -906
-976 196
225 -1012
160 783
194 68
1084 97
-984 -236
-363 1047
-9 -1226
1189 363
-622 -28
-967 -421
1048 358
-999 -821
143 349
383 -287
-486 1312
573 206
-213 -554
1332 -458
-2194 218
1894 -67
-1012 -199
-131 311
-242 -287
1368 185
-1500 -737
460 1644
639 483
-910 -571
-51 -387
-170 312
417 -557
362 -74
-90 122
419 -425
-126 -1460
-824 1222
80 290
419 386
-145 179
-259 -552
264 1512
-49 -1165
92 -793
-47 267
-191 187
695 -341
196 1569
-416 459
-1232 -1612
1680 258
254 824
310 -651
-1637 -918
1834 545
-1150 284
37 -202
-762 -685
98 1275
900 -1213
356 97
369 1779
-1622 -2030
1608 665
-99 -77
-1712 377
1939 -784
-1433 935
243 -382
310 -466
-1591 864
1268 -961
-246 158
473 11
145 1085
107 -564
-341 -21
-116 447
-218 -480
-354 -141
886 -340
63 1316
-929 -679
387 -539
1003 499
-908 446
-887 -1742
656 1389
907 -401
-610 -369
869 -911
-863 1022
81 1201
249 -737
-638 -982
661 -471
-115 1728
-166 -208
-1131 -507
2363 -317
-2795 720
1364 448
374 -1207
-630 287
1259 -193
-473 977
-735 -633
-90 416
194 204
792 -363
-529 -228
-685 -67
716 670
-116 -168
-696 467
-125 -513
867 -84
177 885
-266 383
68 -833
-155 163
1074 -1152
-566 708
-522 1054
-370 -1173
-344 -1087
1591 298
-1583 -706
969 644
-88 321
332 -66
-1558 614
1072 -393
690 620
-346 -624
-141 -153
-422 359
1398 842
-872 -676
529 -394
-1734 -285
979 343
579 781
-145 -178
-203 444
1071 -1090
-1680 123
541 -135
-271 -335
1065 1301
-309 -432
-1610 -544
401 77
545 -85
-469 1147
588 -880
-137 367
215 599
-662 -1364
286 -199
523 164
-778 -680
-323 237
1067 1152
-292 -1078
144 463
-840 385
1087 -102
-60 608
922 -239
409 -66
-1223 662
455 -300
-1010 -159
192 -432
242 443
-859 156
-137 606
178 -30
193 -1855
158 -27
-4 888
615 938
-1196 -1059
1897 1240
-899 -520
-355 297
1470 -178
-731 -1231
-1805 888
1126 -863
132 926
-453 166
717 -1174
-640 719
627 994
195 -1086
-1468 -254
1220 -141
-270 175
-371 -372
1506 -227
-954 317
-212 193
1100 -989
-1160 221
-84 1817
844 -141
-1265 -1621
322 620
311 28
-782 280
1546 434
-1010 -63
678 -1590
-1266 1063
1348 325
-1450 -849
1304 -319
169 549
-935 418
748 86
-725 -54
-1227 100
1467 -451
-12 522
-102 91
-301 -597
438 -495
580 1189
-1284 -137
562 511
-239 103
-100 -941
1088 -461
-319 199
-81 861
131 -1168
-612 1159
-550 646
1598 -1821
-508 406
-577 -858
-349 1259
889 953
-524 -902
-784 -977
859 479
1303 747
-80 -238
-304 412
-863 327
1013 -1008
-964 392
-146 -548
997 347
-614 -162
-859 -493
597 427
-142 -726
-718 401
863 741
135 261
-84 157
785 -1107
-1100 -822
1426 -70
-1208 1259
860 543
-1208 -260
1892 -918
-1224 582
-918 1316
464 -1508
-559 -232
952 375
-625 244
693 101
-481 -1407
681 1177
-384 -20
340 -124
45 711
658 -139
-948 -1228
21 437
844 362
-792 -154
27 -53
79 1262
-556 -1195
-259 505
820 754
-864 -1244
1571 -728
-625 599
-114 85
74 1056
-11 -291
-582 327
1059 -1847
-1124 706
591 257
-245 -21
-233 -593
182 1528
352 -765
-301 -127
337 -431
-203 362
-64 -436
-231 533
252 -837
1 1087
-306 84
-157 -819
330 829
380 -713
-219 -564
-29 1252
-397 -218
607 -241
-112 -356
-816 -263
1025 1165
-745 -246
707 -554
-100 632
-301 72
-625 -1389
571 827
-209 -563
1130 595
-1311 298
-318 -944
762 1148
-279 -259
1009 -657
513 -113
-1007 1641
289 -2533
-36 646
250 1381
-946 -1753
-683 1720
567 -345
107 162
797 208
-215 -807
389 -447
-1250 674
266 -579
466 581
-888 -242
637 16
-1316 -405
1692 513
397 -888
29 569
-1359 820
490 -1845
96 1510
-72 149
331 -663
387 -91
-937 399
172 62
221 -127
567 841
-962 -395
1239 -309
-2480 897
1868 -515
-473 -401
-531 121
800 -301
-307 1214
374 -1790
-292 498
149 570
-124 -1065
-96 1470
187 -382
1414 -572
-997 720
964 -870
-721 906
-1341 -1033
-429 845
918 -69
477 -786
-541 68
542 1143
12 -712
17 -582
-375 1277
-101 -1666
135 1305
749 -653
-241 -42
-659 -214
-514 799
1180 609
-421 -580
568 -419
-262 39
-659 733
1423 -387
-1519 8
1207 -545
52 1193
-462 -1301
-242 900
1076 95
-3099 -165
1693 -627
641 -175
540 915
-797 -1318
-174 1788
628 -706
-621 -37
568 -16
577 164
-1039 -1085
-164 1361
-539 219
987 -65
-652 -962
705 441
1105 289
-166 -130
-702 -186
-1026 267
667 -1619
-974 2050
-202 -836
621 504
1039 -1359
36 1422
-1800 -649
950 881
-565 -892
1322 -563
-1489 966
1019 -168
-994 52
-503 -460
1729 407
-709 500
504 -1705
-1096 1270
675 -606
527 362
642 647
-979 -574
-635 -16
883 1567
-350 -1585
-1582 989
73 -1027
1988 3
-296 338
102 -218
-707 527
1272 -1115
-699 1013
465 -1333
-52 1036
837 366
128 -910
-833 110
-1144 -25
497 274
591 -462
-1362 137
1929 274
-776 -950
424 624
-469 374
623 -304
-671 -540
-505 1457
-84 -1053
-735 460
1082 -684
-33 1102
-692 111
1484 -121
-787 -617
89 -109
144 35
704 -414
-407 603
271 1314
-1119 -2387
148 1051
-259 -512
155 1858
-370 -791
574 -201
1271 101
-1288 -838
419 1406
449 -1099
-111 574
-1058 135
196 -738
790 775
-520 -203
-167 352
-308 -769
1191 -774
-1435 657
779 -605
-816 584
-352 -538
405 1063
524 1216
275 -1078
23 370
-16 -773
259 -1170
-536 1035
387 314
-897 105
2062 -96
-1611 446
606 -243
-510 -618
-594 1258
70 -1334
677 100
515 -654
-321 -187
-370 1476
1118 -311
-969 1196
-971 -1039
332 -54
1287 -31
-145 -400
-685 -406
210 -398
-484 2058
1453 -1204
-1594 649
422 -810
-453 40
-62 -83
-341 956
888 -1320
-500 871
457 32
620 -125
-804 -205
1085 -1718
-1345 1688
423 -615
1026 87
-349 956
287 -967
-737 90
278 1069
-448 -989
-135 -848
42 2021
397 -693
51 1037
-468 -1810
716 426
-1095 719
1189 -835
-306 773
-224 80
-465 -76
288 -964
730 375
-590 177
427 -723
271 1185
-423 -600
-221 -299
218 385
-224 -774
376 1050
-612 -525
538 656
-1076 -83
1732 -457
-754 -1046
-982 2270
295 -295
-146 -351
955 -551
26 -430
-767 1381
-101 -855
1312 1207
-1143 -766
1342 -638
-1501 201
505 533
-142 -323
152 -167
-790 7
1336 -1199
-310 1624
-366 -647
758 594
95 -119
-942 -451
371 -400
-278 1532
127 328
-260 -545
-103 -219
-181 -1909
384 2056
-857 -228
506 -42
81 -508
-512 -1118
371 1592
839 -177
-1294 -811
1057 792
-796 667
1097 -1754
-101 973
-443 9
-62 -250
-390 329
894 101
-457 -147
-1097 -435
2150 603
-1064 -1177
840 -102
-153 1700
498 -444
-1206 -296
202 947
1666 -648
-2066 -163
-245 919
719 36
37 -1352
830 169
-102 1374
-1044 -783
189 1448
-173 -1378
-241 -791
-403 144
1515 915
-2163 -926
1931 613
-327 -449
-380 644
604 -786
-834 426
272 -551
-294 -113
605 563
283 -117
-75 -72
-345 811
147 119
521 -72
-698 -568
-481 -53
620 -209
-165 -179
-254 -17
1305 -33
-619 -55
-202 -22
-989 584
723 -574
245 189
-197 -895
-1202 1593
1693 172
-1174 -1445
763 92
-290 1283
166 -492
605 -322
811 298
-2143 -928
764 1666
312 -1745
434 1006
-563 -191
-183 1136
237 -966
-400 156
1002 293
-1288 -586
1178 -108
196 454
-1019 -129
-279 -91
689 -283
-421 -341
-31 1620
709 -535
-1481 -286
87 -158
214 712
-702 -144
1768 -593
-1181 -500
79 1415
1027 -984
635 -462
-1618 102
350 933
329 -624
-799 360
132 -697
95 841
361 -1455
-751 666
1399 478
-993 1208
-474 -959
496 -199
1656 202
-703 -606
-449 -17
-628 -460
1831 958
-993 -626
207 123
-162 992
-404 -539
-253 550
384 -640
-60 207
-105 -710
58 285
-29 908
88 -830
880 -901
-680 1361
-686 -796
842 35
762 1042
-748 -667
117 461
-961 -819
1231 385
-1065 -379
-343 866
-294 -383
600 -105
435 -705
-80 860
-127 -714
-787 1202
982 -324
-447 -549
-1164 50
1569 -248
508 -61
332 972
-1148 1009
1888 -1333
-1036 47
-1511 -553
105 478
1528 -964
-615 1293
-541 -248
498 72
-672 -397
1300 -783
-455 976
-214 -1141
821 566
-1562 79
418 107
314 815
-923 -1013
2082 1571
-560 -411
-610 -1239
-334 993
561 -933
-90 1500
1524 -1320
-2121 -54
1003 228
-230 995
726 -133
-1574 312
-715 -684
2315 -992
-997 1125
-331 -937
43 1140
998 -1050
-130 366
-907 -293
798 399
-995 1345
993 -2582
-482 701
-412 2028
-469 -1224
1591 -1160
-668 1955
-92 -468
358 -812
537 67
-986 64
-199 -149
181 722
-384 -1069
441 -1
155 545
239 -52
695 -480
-1166 184
-295 -767
-127 1874
1062 215
-314 431
-325 -1350
217 213
-468 -32
859 -596
-959 417
212 324
725 -763
-749 -356
1254 334
-797 347
518 74
405 -879
-1697 1274
837 -782
696 18
-1836 1560
1288 -416
-353 -354
249 93
-1077 -700
296 462
1130 -2144
-1575 1404
1722 779
-145 -409
-514 799
173 63
-539 -946
896 595
-936 74
53 -762
590 -145
-632 -760
677 1900
-133 86
-1046 -848
1198 -1623
486 2039
-1032 -722
1052 481
-698 -317
-466 247
-687 -125
2370 446
-1198 -546
49 -399
-655 913
532 -713
-149 322
1440 68
-2071 699
790 -1416
-1885 82
1151 992
127 -1013
313 280
-473 803
-349 -55
1403 443
-698 86
104 -58
-432 -985
1347 448
-371 -637
-646 256
-588 471
1575 282
-833 -1221
-807 1263
1173 -770
461 -205
-1555 609
1842 -333
-705 -230
-249 -391
-344 -501
222 282
-697 801
340 526
600 -132
-617 83
878 -1497
353 1135
-1116 -1115
1071 904
-613 -66
237 173
261 -621
198 1239
-499 -1749
-333 -68
312 934
-339 167
-48 -166
-454 -335
1472 459
53 211
-1488 -1527
-279 972
886 634
153 -178
-1177 -916
519 972
56 -1119
980 333
-412 -290
896 1722
-396 -245
-1124 -692
1737 365
-1317 -776
317 720
-18 -1117
-418 1264
494 42
-471 -990
389 268
270 728
-1515 -741
445 -187
382 463
713 -345
151 -383
-1498 1779
170 -876
1131 40
1052 247
-1201 -549
538 -508
-851 1206
-526 -381
-488 243
198 -185
1781 162
-533 44
-864 -223
456 571
17 -1182
-773 393
1025 -495
364 611
-1384 -27
24 232
627 -770
374 238
-691 184
1109 84
-284 1257
80 -907
212 -1443
-878 878
-172 1355
-402 -1112
833 689
333 -1167
-1423 1126
1775 -698
-996 -209
1274 179
-2041 1484
-134 -1104
2354 -489
-325 -42
-927 -534
321 729
-913 -1043
-54 617
1735 142
-1821 141
-228 638
1034 -234
-1198 -1378
1302 1727
203 -1418
-1509 1348
618 -1226
1464 514
-1142 183
173 171
880 -453
-1693 969
253 -349
277 156
885 -551
-677 567
76 245
-147 -817
-698 -163
719 -121
599 129
51 -935
339 1502
-867 547
384 -906
-976 196
225 -1012
160 783
194 68
1084 97
-984 -236
-363 1047
-9 -1226
1189 363
-622 -28
-967 -421
1048 358
-999 -821
143 349
383 -287
-486 1312
573 206
-213 -554
1332 -458
-2194 218
1894 -67
-1012 -199
-131 311
-242 -287
1368 185
-1500 -737
460 1644
639 483
-910 -571
-51 -387
-170 312
417 -557
362 -74
-90 122
419 -425
-126 -1460
-824 1222
80 290
419 386
-145 179
-259 -552
264 1512
-49 -1165
92 -793
-47 267
-191 187
695 -341
196 1569
-416 459
-1232 -1612
1680 258
254 824
310 -651
-1637 -918
1834 545
-1150 284
37 -202
-762 -685
98 1275
900 -1213
356 97
369 1779
-1622 -2030
1608 665
-99 -77
-1712 377
1939 -784
-1433 935
243 -382
310 -466
-1591 864
1268 -961
-246 158
473 11
145 1085
107 -564
-341 -21
-116 447
-218 -480
-354 -141
886 -340
63 1316
-929 -679
387 -539
1003 499
-908 446
-887 -1742
656 1389
907 -401
-610 -369
869 -911
-863 1022
81 1201
249 -737
-638 -982
661 -471
-115 1728
-166 -208
-1131 -507
2363 -317
-2795 720
1364 448
374 -1207
-630 287
1259 -193
-473 977
-735 -633
-90 416
194 204
792 -363
-529 -228
-685 -67
716 670
-116 -168
-696 467
-125 -513
867 -84
177 885
-266 383
68 -833
-155 163
1074 -1152
-566 708
-522 1054
-370 -1173
-344 -1087
1591 298
-1583 -706
969 644
-88 321
332 -66
-1558 614
1072 -393
690 620
-346 -624
-141 -153
-422 359
1398 842
-872 -676
529 -394
-1734 -285
979 343
579 781
-145 -178
-203 444
1071 -1090
-1680 123
541 -135
-271 -335
1065 1301
-309 -432
-1610 -544
401 77
545 -85
-469 1147
588 -880
-137 367
215 599
-662 -1364
286 -199
523 164
-778 -680
-323 237
1067 1152
-292 -1078
144 463
-840 385
1087 -102
-60 608
922 -239
409 -66
-1223 662
455 -300
-1010 -159
192 -432
242 443
-859 156
-137 606
178 -30
193 -1855
158 -27
-4 888
615 938
-1196 -1059
1897 1240
-899 -520
-355 297
1470 -178
-731 -1231
-1805 888
1126 -863
132 926
-453 166
717 -1174
-640 719
627 994
195 -1086
-1468 -254
1220 -141
-270 175
-371 -372
1506 -227
-954 317
-212 193
1100 -989
-1160 221
-84 1817
844 -141
-1265 -1621
322 620
311 28
-782 280
1546 434
-1010 -63
678 -1590
-1266 1063
1348 325
-1450 -849
1304 -319
169 549
-935 418
748 86
-725 -54
-1227 100
1467 -451
-12 522
-102 91
-301 -597
438 -495
580 1189
-1284 -137
562 511
-239 103
-100 -941
1088 -461
-319 199
-81 861
131 -1168
-612 1159
-550 646
1598 -1821
-508 406
-577 -858
-349 1259
889 953
-524 -902
-784 -977
859 479
1303 747
-80 -238
-304 412
-863 327
1013 -1008
-964 392
-146 -548
997 347
-614 -162
-859 -493
597 427
-142 -726
-718 401
863 741
135 261
-84 157
785 -1107
-1100 -822
1426 -70
-1208 1259
860 543
-1208 -260
1892 -918
-1224 582
-918 1316
464 -1508
-559 -232
952 375
-625 244
693 101
-481 -1407
681 1177
-384 -20
340 -124
45 711
658 -139
-948 -1228
21 437
844 362
-792 -154
27 -53
79 1262
-556 -1195
-259 505
820 754
-864 -1244
1571 -728
-625 599
-114 85
74 1056
-11 -291
-582 327
1059 -1847
-1124 706
591 257
-245 -21
-233 -593
182 1528
352 -765
-301 -127
337 -431
-203 362
-64 -436
-231 533
252 -837
1 1087
-306 84
-157 -819
330 829
380 -713
-219 -564
-29 1252
-397 -218
607 -241
-112 -356
-816 -263
1025 1165
-745 -246
707 -554
-100 632
-301 72
-625 -1389
571 827
-209 -563
1130 595
-1311 298
-318 -944
762 1148
-279 -259
1009 -657
513 -113
-1007 1641
289 -2533
-36 646
250 1381
-946 -1753
-683 1720
567 -345
107 162
797 208
-215 -807
389 -447
-1250 674
266 -579
466 581
-888 -242
637 16
-1316 -405
1692 513
397 -888
29 569
-1359 820
490 -1845
96 1510
-72 149
331 -663
387 -91
-937 399
172 62
221 -127
567 841
-962 -395
1239 -309
-2480 897
1868 -515
-473 -401
-531 121
800 -301
-307 1214
374 -1790
-292 498
149 570
-124 -1065
-96 1470
187 -382
1414 -572
-997 720
964 -870
-721 906
-1341 -1033
-429 845
918 -69
477 -786
-541 68
542 1143
12 -712
17 -582
-375 1277
-101 -1666
135 1305
749 -653
-241 -42
-659 -214
-514 799
1180 609
-421 -580
568 -419
-262 39
-659 733
1423 -387
-1519 8
1207 -545
52 1193
-462 -1301
-242 900
1076 95
-3099 -165
1693 -627
641 -175
540 915
-797 -1318
-174 1788
628 -706
-621 -37
568 -16
577 164
-1039 -1085
-164 1361
-539 219
987 -65
-652 -962
705 441
1105 289
-166 -130
-702 -186
-1026 267
667 -1619
-974 2050
-202 -836
621 504
1039 -1359
36 1422
-1800 -649
950 881
-565 -892
1322 -563
-1489 966
1019 -168
-994 52
-503 -460
1729 407
-709 500
504 -1705
-1096 1270
675 -606
527 362
642 647
-979 -574
-635 -16
883 1567
-350 -1585
-1582 989
73 -1027
1988 3
-296 338
102 -218
-707 527
1272 -1115
-699 1013
465 -1333
-52 1036
837 366
128 -910
-833 110
-1144 -25
497 274
591 -462
-1362 137
1929 274
-776 -950
424 624
-469 374
623 -304
-671 -540
-505 1457
-84 -1053
-735 460
1082 -684
-33 1102
-692 111
1484 -121
-787 -617
89 -109
144 35
704 -414
-407 603
271 1314
-1119 -2387
148 1051
-259 -512
155 1858
-370 -791
574 -201
1271 101
-1288 -838
419 1406
449 -1099
-111 574
-1058 135
196 -738
790 775
-520 -203
-167 352
-308 -769
1191 -774
-1435 657
779 -605
-816 584
-352 -538
405 1063
524 1216
275 -1078
23 370
-16 -773
259 -1170
-536 1035
387 314
-897 105
2062 -96
-1611 446
606 -243
-510 -618
-594 1258
70 -1334
677 100
515 -654
-321 -187
-370 1476
1118 -311
-969 1196
-971 -1039
332 -54
1287 -31
-145 -400
-685 -406
210 -398
-484 2058
1453 -1204
-1594 649
422 -810
-453 40
-62 -83
-341 956
888 -1320
-500 871
457 32
620 -125
-804 -205
1085 -1718
-1345 1688
423 -615
1026 87
-349 956
287 -967
-737 90
278 1069
-448 -989
-135 -848
42 2021
397 -693
51 1037
-468 -1810
716 426
-1095 719
1189 -835
-306 773
-224 80
-465 -76
288 -964
730 375
-590 177
427 -723
271 1185
-423 -600
-221 -299
218 385
-224 -774
376 1050
-612 -525
538 656
-1076 -83
1732 -457
-754 -1046
-982 2270
295 -295
-146 -351
955 -551
26 -430
-767 1381
-101 -855
1312 1207
-1143 -766
1342 -638
-1501 201
505 533
-142 -323
152 -167
-790 7
1336 -1199
-310 1624
-366 -647
758 594
95 -119
-942 -451
371 -400
-278 1532
127 328
-260 -545
-103 -219
-181 -1909
384 2056
-857 -228
506 -42
81 -508
-512 -1118
371 1592
839 -177
-1294 -811
1057 792
-796 667
1097 -1754
-101 973
-443 9
-62 -250
-390 329
894 101
-457 -147
-1097 -435
2150 603
-1064 -1177
840 -102
-153 1700
498 -444
-1206 -296
202 947
1666 -648
-2066 -163
-245 919
719 36
37 -1352
830 169
-102 1374
-1044 -783
189 1448
-173 -1378
-241 -791
-403 144
1515 915
-2163 -926
1931 613
-327 -449
-380 644
604 -786
-834 426
272 -551
-294 -113
605 563
283 -117
-75 -72
-345 811
147 119
521 -72
-698 -568
-481 -53
620 -209
-165 -179
-254 -17
1305 -33
-619 -55
-202 -22
-989 584
723 -574
245 189
-197 -895
-1202 1593
1693 172
-1174 -1445
763 92
-290 1283
166 -492
605 -322
811 298
-2143 -928
764 1666
312 -1745
434 1006
-563 -191
-183 1136
237 -966
-400 156
1002 293
-1288 -586
1178 -108
196 454
-1019 -129
-279 -91
689 -283
-421 -341
-31 1620
709 -535
-1481 -286
87 -158
214 712
-702 -144
1768 -593
-1181 -500
79 1415
1027 -984
635 -462
-1618 102
350 933
329 -624
-799 360
132 -697
95 841
361 -1455
-751 666
1399 478
-993 1208
-474 -959
496 -199
1656 202
-703 -606
-449 -17
-628 -460
1831 958
-993 -626
207 123
-162 992
-404 -539
-253 550
384 -640
-60 207
-105 -710
58 285
-29 908
88 -830
880 -901
-680 1361
-686 -796
842 35
762 1042
-748 -667
117 461
-961 -819
1231 385
-1065 -379
-343 866
-294 -383
600 -105
435 -705
-80 860
-127 -714
-787 1202
982 -324
-447 -549
-1164 50
1569 -248
508 -61
332 972
-1148 1009
1888 -1333
-1036 47
-1511 -553
105 478
1528 -964
-615 1293
-541 -248
498 72
-672 -397
1300 -783
-455 976
-214 -1141
821 566
-1562 79
418 107
314 815
-923 -1013
2082 1571
-560 -411
-610 -1239
-334 993
561 -933
-90 1500
1524 -1320
-2121 -54
1003 228
-230 995
726 -133
-1574 312
-715 -684
2315 -992
-997 1125
-331 -937
43 1140
998 -1050
-130 366
-907 -293
798 399
-995 1345
993 -2582
-482 701
-412 2028
-469 -1224
1591 -1160
-668 1955
-92 -468
358 -812
537 67
-986 64
-199 -149
181 722
-384 -1069
441 -1
155 545
239 -52
695 -480
-1166 184
-295 -767
-127 1874
1062 215
-314 431
-325 -1350
217 213
-468 -32
859 -596
-959 417
212 324
725 -763
-749 -356
1254 334
-797 347
518 74
405 -879
-1697 1274
837 -782
696 18
-1836 1560
1288 -416
-353 -354
249 93
-1077 -700
296 462
1130 -2144
-1575 1404
1722 779
-145 -409
-514 799
173 63
-539 -946
896 595
-936 74
53 -762
590 -145
-632 -760
677 1900
-133 86
-1046 -848
1198 -1623
486 2039
-1032 -722
1052 481
-698 -317
-466 247
-687 -125
2370 446
-1198 -546
49 -399
-655 913
532 -713
-149 322
1440 68
-2071 699
790 -1416
-1885 82
1151 992
127 -1013
313 280
-473 803
-349 -55
1403 443
-698 86
104 -58
-432 -985
1347 448
-371 -637
-646 256
-588 471
1575 282
-833 -1221
-807 1263
1173 -770
461 -205
-1555 609
1842 -333
-705 -230
-249 -391
-344 -501
222 282
-697 801
340 526
600 -132
-617 83
878 -1497
353 1135
-1116 -1115
1071 904
-613 -66
237 173
261 -621
198 1239
-499 -1749
-333 -68
312 934
-339 167
-48 -166
-454 -335
1472 459
53 211
-1488 -1527
-279 972
886 634
153 -178
-1177 -916
519 972
56 -1119
980 333
-412 -290
896 1722
-396 -245
-1124 -692
1737 365
-1317 -776
317 720
-18 -1117
-418 1264
494 42
-471 -990
389 268
270 728
-1515 -741
445 -187
382 463
713 -345
151 -383
-1498 1779
170 -876
1131 40
1052 247
-1201 -549
538 -508
-851 1206
-526 -381
-488 243
198 -185
1781 162
-533 44
-864 -223
456 571
17 -1182
-773 393
1025 -495
364 611
-1384 -27
24 232
627 -770
374 238
-691 184
1109 84
-284 1257
80 -907
212 -1443
-878 878
-172 1355
-402 -1112
833 689
333 -1167
-1423 1126
1775 -698
-996 -209
1274 179
-2041 1484
-134 -1104
2354 -489
-325 -42
-927 -534
321 729
-913 -1043
-54 617
1735 142
-1821 141
-228 638
1034 -234
-1198 -1378
1302 1727
203 -1418
-1509 1348
618 -1226
1464 514
-1142 183
173 171
880 -453
-1693 969
253 -349
277 156
885 -551
-677 567
76 245
-147 -817
-698 -163
719 -121
599 129
51 -935
339 1502
-867 547
384 -906
-976 196
225 -1012
160 783
194 68
1084 97
-984 -236
-363 1047
-9 -1226
1189 363
-622 -28
-967 -421
1048 358
-999 -821
143 349
383 -287
-486 1312
573 206
-213 -554
1332 -458
-2194 218
1894 -67
-1012 -199
-131 311
-242 -287
1368 185
-1500 -737
460 1644
639 483
-910 -571
-51 -387
-170 312
417 -557
362 -74
-90 122
419 -425
-126 -1460
-824 1222
80 290
419 386
-145 179
-259 -552
264 1512
-49 -1165
92 -793
-47 267
-191 187
695 -341
196 1569
-416 459
-1232 -1612
1680 258
254 824
310 -651
-1637 -918
1834 545
-1150 284
37 -202
-762 -685
98 1275
900 -1213
356 97
369 1779
-1622 -2030
1608 665
-99 -77
-1712 377
1939 -784
-1433 935
243 -382
310 -466
-1591 864
1268 -961
-246 158
473 11
145 1085
107 -564
-341 -21
-116 447
-218 -480
-354 -141
886 -340
63 1316
-929 -679
387 -539
1003 499
-908 446
-887 -1742
656 1389
907 -401
-610 -369
869 -911
-863 1022
81 1201
249 -737
-638 -982
661 -471
-115 1728
-166 -208
-1131 -507
2363 -317
-2795 720
1364 448
374 -1207
-630 287
1259 -193
-473 977
-735 -633
-90 416
194 204
792 -363
-529 -228
-685 -67
716 670
-116 -168
-696 467
-125 -513
867 -84
177 885
-266 383
68 -833
-155 163
1074 -1152
-566 708
-522 1054
-370 -1173
-344 -1087
1591 298
-1583 -706
969 644
-88 321
332 -66
-1558 614
1072 -393
690 620
-346 -624
-141 -153
-422 359
1398 842
-872 -676
529 -394
-1734 -285
979 343
579 781
-145 -178
-203 444
1071 -1090
-1680 123
541 -135
-271 -335
1065 1301
-309 -432
-1610 -544
401 77
545 -85
-469 1147
588 -880
-137 367
215 599
-662 -1364
286 -199
523 164
-778 -680
-323 237
1067 1152
-292 -1078
144 463
-840 385
1087 -102
-60 608
922 -239
409 -66
-1223 662
455 -300
-1010 -159
192 -432
242 443
-859 156
-137 606
178 -30
193 -1855
158 -27
-4 888
615 938
-1196 -1059
1897 1240
-899 -520
-355 297
1470 -178
-731 -1231
-1805 888
1126 -863
132 926
-453 166
717 -1174
-640 719
627 994
195 -1086
-1468 -254
1220 -141
-270 175
-371 -372
1506 -227
-954 317
-212 193
1100 -989
-1160 221
-84 1817
844 -141
-1265 -1621
322 620
311 28
-782 280
1546 434
-1010 -63
678 -1590
-1266 1063
1348 325
-1450 -849
1304 -319
169 549
-935 418
748 86
-725 -54
-1227 100
1467 -451
-12 522
-102 91
-301 -597
438 -495
580 1189
-1284 -137
562 511
-239 103
-100 -941
1088 -461
-319 199
-81 861
131 -1168
-612 1159
-550 646
1598 -1821
-508 406
-577 -858
-349 1259
889 953
-524 -902
-784 -977
859 479
1303 747
-80 -238
-304 412
-863 327
1013 -1008
-964 392
-146 -548
997 347
-614 -162
-859 -493
597 427
-142 -726
-718 401
863 741
135 261
-84 157
785 -1107
-1100 -822
1426 -70
-1208 1259
860 543
-1208 -260
1892 -918
-1224 582
-918 1316
464 -1508
-559 -232
952 375
-625 244
693 101
-481 -1407
681 1177
-384 -20
340 -124
45 711
658 -139
-948 -1228
21 437
844 362
-792 -154
27 -53
79 1262
-556 -1195
-259 505
820 754
-864 -1244
1571 -728
-625 599
-114 85
74 1056
-11 -291
-582 327
1059 -1847
-1124 706
591 257
-245 -21
-233 -593
182 1528
352 -765
-301 -127
337 -431
-203 362
-64 -436
-231 533
252 -837
1 1087
-306 84
-157 -819
330 829
380 -713
-219 -564
-29 1252
-397 -218
607 -241
-112 -356
-816 -263
1025 1165
-745 -246
707 -554
-100 632
-301 72
-625 -1389
571 827
-209 -563
1130 595
-1311 298
-318 -944
762 1148
-279 -259
1009 -657
513 -113
-1007 1641
289 -2533
-36 646
250 1381
-946 -1753
-683 1720
567 -345
107 162
797 208
-215 -807
389 -447
-1250 674
266 -579
466 581
-888 -242
637 16
-1316 -405
1692 513
397 -888
29 569
-1359 820
490 -1845
96 1510
-72 149
331 -663
387 -91
-937 399
172 62
221 -127
567 841
-962 -395
1239 -309
-2480 897
1868 -515
-473 -401
-531 121
800 -301
-307 1214
374 -1790
-292 498
149 570
-124 -1065
-96 1470
187 -382
1414 -572
-997 720
964 -870
-721 906
-1341 -1033
-429 845
918 -69
477 -786
-541 68
542 1143
12 -712
17 -582
-375 1277
-101 -1666
135 1305
749 -653
-241 -42
-659 -214
-514 799
1180 609
-421 -580
568 -419
-262 39
-659 733
1423 -387
-1519 8
1207 -545
52 1193
-462 -1301
-242 900
1076 95
-3099 -165
1693 -627
641 -175
540 915
-797 -1318
-174 1788
628 -706
-621 -37
568 -16
577 164
-1039 -1085
-164 1361
-539 219
987 -65
-652 -962
705 441
1105 289
-166 -130
-702 -186
-1026 267
667 -1619
-974 2050
-202 -836
621 504
1039 -1359
36 1422
-1800 -649
950 881
-565 -892
1322 -563
-1489 966
1019 -168
-994 52
-503 -460
1729 407
-709 500
504 -1705
-1096 1270
675 -606
527 362
642 647
-979 -574
-635 -16
883 1567
-350 -1585
-1582 989
73 -1027
1988 3
-296 338
102 -218
-707 527
1272 -1115
-699 1013
465 -1333
-52 1036
837 366
128 -910
-833 110
-1144 -25
497 274
591 -462
-1362 137
1929 274
-776 -950
424 624
-469 374
623 -304
-671 -540
-505 1457
-84 -1053
-735 460
1082 -684
-33 1102
-692 111
1484 -121
-787 -617
89 -109
144 35
704 -414
-407 603
271 1314
-1119 -2387
148 1051
-259 -512
155 1858
-370 -791
574 -201
1271 101
-1288 -838
419 1406
449 -1099
-111 574
-1058 135
196 -738
790 775
-520 -203
-167 352
-308 -769
1191 -774
-1435 657
779 -605
-816 584
-352 -538
405 1063
524 1216
275 -1078
23 370
-16 -773
259 -1170
-536 1035
387 314
-897 105
2062 -96
-1611 446
606 -243
-510 -618
-594 1258
70 -1334
677 100
515 -654
-321 -187
-370 1476
1118 -311
-969 1196
-971 -1039
332 -54
1287 -31
-145 -400
-685 -406
210 -398
-484 2058
1453 -1204
-1594 649
422 -810
-453 40
-62 -83
-341 956
888 -1320
-500 871
457 32
620 -125
-804 -205
1085 -1718
-1345 1688
423 -615
1026 87
-349 956
287 -967
-737 90
278 1069
-448 -989
-135 -848
42 2021
397 -693
51 1037
-468 -1810
716 426
-1095 719
1189 -835
-306 773
-224 80
-465 -76
288 -964
730 375
-590 177
427 -723
271 1185
-423 -600
-221 -299
218 385
-224 -774
376 1050
-612 -525
538 656
-1076 -83
1732 -457
-754 -1046
-982 2270
295 -295
-146 -351
955 -551
26 -430
-767 1381
-101 -855
1312 1207
-1143 -766
1342 -638
-1501 201
505 533
-142 -323
152 -167
-790 7
1336 -1199
-310 1624
-366 -647
758 594
95 -119
-942 -451
371 -400
-278 1532
127 328
-260 -545
-103 -219
-181 -1909
384 2056
-857 -228
506 -42
81 -508
-512 -1118
371 1592
839 -177
-1294 -811
1057 792
-796 667
1097 -1754
-101 973
-443 9
-62 -250
-390 329
894 101
-457 -147
-1097 -435
2150 603
-1064 -1177
840 -102
-153 1700
498 -444
-1206 -296
202 947
1666 -648
-2066 -163
-245 919
719 36
37 -1352
830 169
-102 1374
-1044 -783
189 1448
-173 -1378
-241 -791
-403 144
1515 915
-2163 -926
1931 613
-327 -449
-380 644
604 -786
-834 426
272 -551
-294 -113
605 563
283 -117
-75 -72
-345 811
147 119
521 -72
-698 -568
-481 -53
620 -209
-165 -179
-254 -17
1305 -33
-619 -55
-202 -22
-989 584
723 -574
245 189
-197 -895
-1202 1593
1693 172
-1174 -1445
763 92
-290 1283
166 -492
605 -322
811 298
-2143 -928
764 1666
312 -1745
434 1006
-563 -191
-183 1136
237 -966
-400 156
1002 293
-1288 -586
1178 -108
196 454
-1019 -129
-279 -91
689 -283
-421 -341
-31 1620
709 -535
-1481 -286
87 -158
214 712
-702 -144
1768 -593
-1181 -500
79 1415
1027 -984
635 -462
-1618 102
350 933
329 -624
-799 360
132 -697
95 841
361 -1455
-751 666
1399 478
-993 1208
-474 -959
496 -199
1656 202
-703 -606
-449 -17
-628 -460
1831 958
-993 -626
207 123
-162 992
-404 -539
-253 550
384 -640
-60 207
-105 -710
58 285
-29 908
88 -830
880 -901
-680 1361
-686 -796
842 35
762 1042
-748 -667
117 461
-961 -819
1231 385
-1065 -379
-343 866
-294 -383
600 -105
435 -705
-80 860
-127 -714
-787 1202
982 -324
-447 -549
-1164 50
1569 -248
508 -61
332 972
-1148 1009
1888 -1333
-1036 47
-1511 -553
105 478
1528 -964
-615 1293
-541 -248
498 72
-672 -397
1300 -783
-455 976
-214 -1141
821 566
-1562 79
418 107
314 815
-923 -1013
2082 1571
-560 -411
-610 -1239
-334 993
561 -933
-90 1500
1524 -1320
-2121 -54
1003 228
-230 995
726 -133
-1574 312
-715 -684
2315 -992
-997 1125
-331 -937
43 1140
998 -1050
-130 366
-907 -293
798 399
-995 1345
993 -2582
-482 701
-412 2028
-469 -1224
1591 -1160
-668 1955
-92 -468
358 -812
537 67
-986 64
-199 -149
181 722
-384 -1069
441 -1
155 545
239 -52
695 -480
-1166 184
-295 -767
-127 1874
1062 215
-314 431
-325 -1350
217 213
-468 -32
859 -596
-959 417
212 324
725 -763
-749 -356
1254 334
-797 347
518 74
405 -879
-1697 1274
837 -782
696 18
-1836 1560
1288 -416
-353 -354
249 93
-1077 -700
296 462
1130 -2144
-1575 1404
1722 779
-145 -409
-514 799
173 63
-539 -946
896 595
-936 74
53 -762
590 -145
-632 -760
677 1900
-133 86
-1046 -848
1198 -1623
486 2039
-1032 -722
1052 481
-698 -317
-466 247
-687 -125
2370 446
-1198 -546
49 -399
-655 913
532 -713
-149 322
1440 68
-2071 699
790 -1416
-1885 82
1151 992
127 -1013
313 280
-473 803
-349 -55
1403 443
-698 86
104 -58
-432 -985
1347 448
-371 -637
-646 256
-588 471
1575 282
-833 -1221
-807 1263
1173 -770
461 -205
-1555 609
1842 -333
-705 -230
-249 -391
-344 -501
222 282
-697 801
340 526
600 -132
-617 83
878 -1497
353 1135
-1116 -1115
1071 904
-613 -66
237 173
261 -621
198 1239
-499 -1749
-333 -68
312 934
-339 167
-48 -166
-454 -335
1472 459
53 211
-1488 -1527
-279 972
886 634
153 -178
-1177 -916
519 972
56 -1119
980 333
-412 -290
896 1722
-396 -245
-1124 -692
1737 365
-1317 -776
317 720
-18 -1117
-418 1264
494 42
-471 -990
389 268
270 728
-1515 -741
445 -187
382 463
713 -345
151 -383
-1498 1779
170 -876
1131 40
1052 247
-1201 -549
538 -508
-851 1206
-526 -381
-488 243
198 -185
1781 162
-533 44
-864 -223
456 571
17 -1182
-773 393
1025 -495
364 611
-1384 -27
24 232
627 -770
374 238
-691 184
1109 84
-284 1257
80 -907
212 -1443
-878 878
-172 1355
-402 -1112
833 689
333 -1167
-1423 1126
1775 -698
-996 -209
1274 179
-2041 1484
-134 -1104
2354 -489
-325 -42
-927 -534
321 729
-913 -1043
-54 617
1735 142
-1821 141
-228 638
1034 -234
-1198 -1378
1302 1727
203 -1418
-1509 1348
618 -1226
1464 514
-1142 183
173 171
880 -453
-1693 969
253 -349
277 156
885 -551
-677 567
76 245
-147 -817
-698 -163
719 -121
599 129
51 -935
339 1502
-867 547
384 -906
-976 196
225 -1012
