-32768 -32768
-7260 -2434
0 0
0 0
0 0
0 0
0 0
-6361 -13392
0 0
0 0
0 0
0 0
0 0
0 0
0 0
-2718 7552
0 0
0 0
0 0
0 0
0 0
0 0
0 0
0 0
0 0
0 0
0 0
0 0
0 0
0 0
-5597 -16976
-30894 11311
-13986 -3079
0 0
0 0
0 0
-25501 20117
-2246 19586
0 0
0 0
0 0
0 0
0 0
0 0
0 0
0 0
0 0
0 0
0 0
0 0
0 0
0 0
0 0
0 0
-7490 -22768
0 0
0 0
0 0
0 0
0 0
0 0
0 0
0 0
0 0
0 0
0 0
-24932 872
-21876 -16912
0 0
0 0
0 0
-19570 -17738
0 0
21366 -1978
-25364 10516
-13727 8743
-27740 15390
0 0
0 0
0 0
0 0
0 0
0 0
0 0
0 0
0 0
0 0
0 0
0 0
0 0
0 0
0 0
0 0
0 0
0 0
-16069 2814
0 0
0 0
0 0
0 0
0 0
0 0
0 0
0 0
0 0
0 0
-20065 24551
0 0
-20664 -23604
0 0
0 0
-32711 661
0 0
0 0
0 0
0 0
0 0
0 0
0 0
0 0
0 0
0 0
0 0
0 0
0 0
0 0
0 0
0 0
-1332 -31364
0 0
0 0
0 0
0 0
0 0
0 0
0 0
0 0
0 0
0 0
0 0
0 0
8429 8710
0 0
0 0
0 0
-12424 -13530
0 0
0 0
19125 -21193
0 0
0 0
-28170 28669
0 0
0 0
-5463 25528
0 0
0 0
0 0
-26678 -29964
0 0
0 0
0 0
0 0
-5495 -393
0 0
0 0
25265 26581
0 0
0 0
0 0
32498 -19426
0 0
-30909 18903
12445 28054
0 0
0 0
0 0
0 0
0 0
0 0
0 0
0 0
0 0
0 0
0 0
0 0
0 0
0 0
0 0
0 0
0 0
0 0
0 0
0 0
0 0
0 0
0 0
-494 2335
0 0
0 0
0 0
-18865 4016
0 0
0 0
0 0
0 0
0 0
0 0
-26701 10565
0 0
0 0
0 0
0 0
0 0
0 0
0 0
0 0
-23123 -15170
0 0
0 0
0 0
0 0
0 0
31938 28360
5167 31122
0 0
0 0
0 0
0 0
0 0
0 0
0 0
0 0
-12675 17542
0 0
0 0
0 0
0 0
0 0
-18744 3088
0 0
0 0
0 0
0 0
0 0
0 0
0 0
31122 -8766
25726 -19030
0 0
0 0
0 0
0 0
0 0
-11335 9342
0 0
0 0
0 0
0 0
0 0
0 0
0 0
0 0
0 0
0 0
0 0
0 0
0 0
0 0
0 0
0 0
0 0
0 0
0 0
0 0
0 0
0 0
0 0
-21113 26363
-30371 7465
0 0
0 0
0 0
-17024 29784
0 0
0 0
-17515 25656
0 0
0 0
0 0
0 0
0 0
0 0
0 0
-24580 28184
0 0
15343 23930
0 0
0 0
0 0
14135 13403
24384 19748
0 0
0 0
0 0
12571 24810
-7390 3965
10198 20230
0 0
0 0
0 0
0 0
0 0
0 0
0 0
0 0
0 0
0 0
0 0
-19578 24540
-5220 10726
0 0
0 0
0 0
0 0
11045 3102
13126 15622
0 0
0 0
0 0
0 0
0 0
0 0
0 0
0 0
0 0
0 0
0 0
0 0
0 0
0 0
0 0
0 0
0 0
0 0
0 0
0 0
0 0
0 0
0 0
0 0
0 0
0 0
0 0
0 0
0 0
-16063 21275
0 0
0 0
0 0
1374 14110
0 0
0 0
0 0
0 0
-25068 6550
0 0
0 0
0 0
0 0
0 0
0 0
0 0
0 0
0 0
0 0
0 0
9096 27032
0 0
0 0
20732 446
0 0
0 0
0 0
0 0
0 0
0 0
0 0
0 0
0 0
0 0
0 0
0 0
0 0
0 0
0 0
0 0
0 0
0 0
0 0
0 0
0 0
0 0
-27146 1011
0 0
0 0
0 0
0 0
0 0
0 0
0 0
0 0
0 0
0 0
0 0
0 0
0 0
0 0
0 0
31625 17803
-31701 -26071
0 0
0 0
0 0
0 0
0 0
0 0
0 0
0 0
0 0
0 0
0 0
0 0
0 0
0 0
0 0
0 0
0 0
0 0
0 0
0 0
0 0
0 0
0 0
0 0
0 0
0 0
0 0
0 0
0 0
0 0
-15009 15233
0 0
0 0
0 0
0 0
0 0
0 0
0 0
0 0
25883 -15739
30163 13295
0 0
0 0
0 0
0 0
0 0
0 0
0 0
0 0
0 0
2952 31876
0 0
0 0
0 0
0 0
0 0
3671 12424
0 0
0 0
0 0
0 0
0 0
0 0
0 0
0 0
0 0
0 0
8306 2726
1228 18753
0 0
0 0
0 0
0 0
0 0
0 0
0 0
0 0
19408 -6228
0 0
0 0
0 0
0 0
-19991 -10954
0 0
0 0
0 0
268 -24462
0 0
0 0
0 0
0 0
0 0
0 0
0 0
0 0
0 0
0 0
0 0
0 0
0 0
0 0
30598 -21708
0 0
0 0
0 0
-8852 -56
0 0
0 0
0 0
0 0
0 0
0 0
0 0
0 0
0 0
0 0
0 0
0 0
-8592 1456
0 0
0 0
0 0
0 0
0 0
0 0
0 0
0 0
0 0
0 0
0 0
21665 -30553
-31942 889
0 0
0 0
0 0
0 0
0 0
0 0
0 0
0 0
0 0
0 0
0 0
0 0
0 0
0 0
0 0
0 0
0 0
0 0
0 0
30480 -21772
0 0
0 0
0 0
25079 2043
0 0
0 0
0 0
0 0
4405 24222
0 0
0 0
0 0
0 0
0 0
0 0
0 0
0 0
0 0
0 0
0 0
0 0
0 0
0 0
0 0
0 0
0 0
0 0
0 0
11128 -2744
10743 8475
0 0
0 0
0 0
0 0
0 0
-5828 7434
0 0
0 0
0 0
0 0
0 0
0 0
0 0
0 0
0 0
0 0
0 0
0 0
0 0
0 0
0 0
0 0
0 0
0 0
0 0
12916 -14669
0 0
0 0
0 0
26317 -12695
0 0
0 0
0 0
0 0
0 0
0 0
0 0
0 0
0 0
0 0
0 0
0 0
0 0
0 0
0 0
0 0
0 0
0 0
0 0
0 0
0 0
0 0
0 0
13275 -30591
0 0
0 0
0 0
0 0
0 0
0 0
17721 10643
3829 32548
0 0
0 0
0 0
0 0
0 0
15476 -17834
30310 -30613
0 0
0 0
27320 7492
22866 9368
0 0
0 0
4368 -2024
0 0
0 0
0 0
0 0
0 0
0 0
30319 -18772
0 0
0 0
0 0
0 0
0 0
0 0
26741 -11445
0 0
0 0
23446 -10150
0 0
0 0
0 0
-26005 7575
0 0
0 0
0 0
0 0
0 0
0 0
0 0
0 0
0 0
0 0
0 0
0 0
0 0
0 0
0 0
0 0
0 0
0 0
0 0
0 0
0 0
0 0
0 0
0 0
0 0
0 0
0 0
0 0
0 0
15531 -8112
0 0
0 0
0 0
21455 29782
0 0
0 0
0 0
0 0
-5806 -11040
0 0
3240 -18768
0 0
0 0
0 0
0 0
0 0
0 0
0 0
0 0
-24629 -28588
0 0
0 0
0 0
0 0
0 0
0 0
0 0
0 0
0 0
0 0
0 0
0 0
0 0
0 0
8436 28146
0 0
0 0
0 0
0 0
0 0
0 0
0 0
0 0
0 0
-6784 -16713
0 0
0 0
0 0
0 0
0 0
0 0
0 0
0 0
0 0
0 0
0 0
0 0
0 0
0 0
0 0
0 0
0 0
0 0
0 0
0 0
0 0
0 0
0 0
0 0
0 0
0 0
0 0
4667 18495
0 0
0 0
0 0
0 0
0 0
0 0
0 0
0 0
0 0
0 0
0 0
6541 569
0 0
0 0
0 0
0 0
0 0
-14361 -4659
3494 -2275
0 0
0 0
0 0
0 0
0 0
0 0
0 0
-15971 -29709
0 0
0 0
0 0
0 0
0 0
0 0
0 0
0 0
22068 25104
0 0
0 0
0 0
0 0
0 0
0 0
-29967 -5082
-7241 13101
0 0
0 0
0 0
0 0
0 0
22948 23740
0 0
0 0
0 0
0 0
0 0
0 0
28267 -735
0 0
0 0
0 0
0 0
0 0
0 0
0 0
0 0
0 0
0 0
0 0
0 0
0 0
13863 -29937
0 0
0 0
-22508 -16206
0 0
0 0
0 0
0 0
0 0
0 0
0 0
0 0
0 0
0 0
0 0
0 0
0 0
0 0
0 0
0 0
0 0
0 0
0 0
0 0
0 0
10586 23610
0 0
0 0
0 0
0 0
0 0
0 0
0 0
0 0
-9490 19807
0 0
0 0
0 0
0 0
0 0
-3404 -20589
-11013 -11499
0 0
0 0
0 0
0 0
0 0
-1579 -15342
-27464 -10508
0 0
0 0
16117 30249
0 0
0 0
0 0
-444 -4668
0 0
0 0
0 0
0 0
0 0
0 0
-26514 6596
0 0
0 0
0 0
0 0
0 0
0 0
-4024 31278
0 0
19186 -32406
0 0
0 0
0 0
-15655 -30319
0 0
0 0
0 0
0 0
0 0
0 0
0 0
0 0
0 0
0 0
0 0
0 0
0 0
-5720 24784
0 0
0 0
0 0
0 0
0 0
0 0
0 0
0 0
0 0
2490 -20320
0 0
0 0
0 0
0 0
0 0
0 0
0 0
0 0
0 0
0 0
0 0
0 0
0 0
0 0
0 0
0 0
0 0
8664 -25513
0 0
0 0
0 0
0 0
0 0
0 0
0 0
0 0
0 0
0 0
0 0
0 0
0 0
0 0
0 0
-32128 3230
0 0
0 0
0 0
0 0
0 0
0 0
0 0
0 0
0 0
0 0
32188 -1900
0 0
0 0
0 0
0 0
0 0
0 0
0 0
-7260 -2434
0 0
0 0
0 0
0 0
0 0
-6361 -13392
0 0
0 0
0 0
0 0
0 0
0 0
0 0
-2718 7552
0 0
0 0
0 0
0 0
0 0
0 0
0 0
0 0
0 0
0 0
0 0
0 0
0 0
0 0
-5597 -16976
-30894 11311
-13986 -3079
0 0
0 0
0 0
-25501 20117
-2246 19586
0 0
0 0
0 0
0 0
0 0
0 0
0 0
0 0
0 0
0 0
0 0
0 0
0 0
0 0
0 0
0 0
-7490 -22768
0 0
0 0
0 0
0 0
0 0
0 0
0 0
0 0
0 0
0 0
0 0
-24932 872
-21876 -16912
0 0
0 0
0 0
-19570 -17738
0 0
21366 -1978
-25364 10516
-13727 8743
-27740 15390
0 0
0 0
0 0
0 0
0 0
0 0
0 0
0 0
0 0
0 0
0 0
0 0
0 0
0 0
0 0
0 0
0 0
0 0
-16069 2814
0 0
0 0
0 0
0 0
0 0
0 0
0 0
0 0
0 0
0 0
-20065 24551
0 0
-20664 -23604
0 0
0 0
-32711 661
0 0
0 0
0 0
0 0
0 0
0 0
0 0
0 0
0 0
0 0
0 0
0 0
0 0
0 0
0 0
0 0
-1332 -31364
0 0
0 0
0 0
0 0
0 0
0 0
0 0
0 0
0 0
0 0
0 0
0 0
8429 8710
0 0
0 0
0 0
-12424 -13530
0 0
0 0
19125 -21193
0 0
0 0
-28170 28669
0 0
0 0
-5463 25528
0 0
0 0
0 0
-26678 -29964
0 0
0 0
0 0
0 0
-5495 -393
0 0
0 0
25265 26581
0 0
0 0
0 0
32498 -19426
0 0
-30909 18903
12445 28054
0 0
0 0
0 0
0 0
0 0
0 0
0 0
0 0
0 0
0 0
0 0
0 0
0 0
0 0
0 0
0 0
0 0
0 0
0 0
0 0
0 0
0 0
0 0
-494 2335
0 0
0 0
0 0
-18865 4016
0 0
0 0
0 0
0 0
0 0
0 0
-26701 10565
0 0
0 0
0 0
0 0
0 0
0 0
0 0
0 0
-23123 -15170
0 0
0 0
0 0
0 0
0 0
31938 28360
5167 31122
0 0
0 0
0 0
0 0
0 0
0 0
0 0
0 0
-12675 17542
0 0
0 0
0 0
0 0
0 0
-18744 3088
0 0
0 0
0 0
0 0
0 0
0 0
0 0
31122 -8766
25726 -19030
0 0
0 0
0 0
0 0
0 0
-11335 9342
0 0
0 0
0 0
0 0
0 0
0 0
0 0
0 0
0 0
0 0
0 0
0 0
0 0
0 0
0 0
0 0
0 0
0 0
0 0
0 0
0 0
0 0
0 0
-21113 26363
-30371 7465
0 0
0 0
0 0
-17024 29784
0 0
0 0
-17515 25656
0 0
0 0
0 0
0 0
0 0
0 0
0 0
-24580 28184
0 0
15343 23930
0 0
0 0
0 0
14135 13403
24384 19748
0 0
0 0
0 0
12571 24810
-7390 3965
10198 20230
0 0
0 0
0 0
0 0
0 0
0 0
0 0
0 0
0 0
0 0
0 0
-19578 24540
-5220 10726
0 0
0 0
0 0
0 0
11045 3102
13126 15622
0 0
0 0
0 0
0 0
0 0
0 0
0 0
0 0
0 0
0 0
0 0
0 0
0 0
0 0
0 0
0 0
0 0
0 0
0 0
0 0
0 0
0 0
0 0
0 0
0 0
0 0
0 0
0 0
0 0
-16063 21275
0 0
0 0
0 0
1374 14110
0 0
0 0
0 0
0 0
-25068 6550
0 0
0 0
0 0
0 0
0 0
0 0
0 0
0 0
0 0
0 0
0 0
9096 27032
0 0
0 0
20732 446
0 0
0 0
0 0
0 0
0 0
0 0
0 0
0 0
0 0
0 0
0 0
0 0
0 0
0 0
0 0
0 0
0 0
0 0
0 0
0 0
0 0
0 0
-27146 1011
0 0
0 0
0 0
0 0
0 0
0 0
0 0
0 0
0 0
0 0
0 0
0 0
0 0
0 0
0 0
31625 17803
-31701 -26071
0 0
0 0
0 0
0 0
0 0
0 0
0 0
0 0
0 0
0 0
0 0
0 0
0 0
0 0
0 0
0 0
0 0
0 0
0 0
0 0
0 0
0 0
0 0
0 0
0 0
0 0
0 0
0 0
0 0
0 0
-15009 15233
0 0
0 0
0 0
0 0
0 0
0 0
0 0
0 0
25883 -15739
30163 13295
0 0
0 0
0 0
0 0
0 0
0 0
0 0
0 0
0 0
2952 31876
0 0
0 0
0 0
0 0
0 0
3671 12424
0 0
0 0
0 0
0 0
0 0
0 0
0 0
0 0
0 0
0 0
8306 2726
1228 18753
0 0
0 0
0 0
0 0
0 0
0 0
0 0
0 0
19408 -6228
0 0
0 0
0 0
0 0
-19991 -10954
0 0
0 0
0 0
268 -24462
0 0
0 0
0 0
0 0
0 0
0 0
0 0
0 0
0 0
0 0
0 0
0 0
0 0
0 0
30598 -21708
0 0
0 0
0 0
-8852 -56
0 0
0 0
0 0
0 0
0 0
0 0
0 0
0 0
0 0
0 0
0 0
0 0
-8592 1456
0 0
0 0
0 0
0 0
0 0
0 0
0 0
0 0
0 0
0 0
0 0
21665 -30553
-31942 889
0 0
0 0
0 0
0 0
0 0
0 0
0 0
0 0
0 0
0 0
0 0
0 0
0 0
0 0
0 0
0 0
0 0
0 0
0 0
30480 -21772
0 0
0 0
0 0
25079 2043
0 0
0 0
0 0
0 0
4405 24222
0 0
0 0
0 0
0 0
0 0
0 0
0 0
0 0
0 0
0 0
0 0
0 0
0 0
0 0
0 0
0 0
0 0
0 0
0 0
11128 -2744
10743 8475
0 0
0 0
0 0
0 0
0 0
-5828 7434
0 0
0 0
0 0
0 0
0 0
0 0
0 0
0 0
0 0
0 0
0 0
0 0
0 0
0 0
0 0
0 0
0 0
0 0
0 0
12916 -14669
0 0
0 0
0 0
26317 -12695
0 0
0 0
0 0
0 0
0 0
0 0
0 0
0 0
0 0
0 0
0 0
0 0
0 0
0 0
0 0
0 0
0 0
0 0
0 0
0 0
0 0
0 0
0 0
13275 -30591
0 0
0 0
0 0
0 0
0 0
0 0
17721 10643
3829 32548
0 0
0 0
0 0
0 0
0 0
15476 -17834
30310 -30613
0 0
0 0
27320 7492
22866 9368
0 0
0 0
4368 -2024
0 0
0 0
0 0
0 0
0 0
0 0
30319 -18772
0 0
0 0
0 0
0 0
0 0
0 0
26741 -11445
0 0
0 0
23446 -10150
0 0
0 0
0 0
-26005 7575
0 0
0 0
0 0
0 0
0 0
0 0
0 0
0 0
0 0
0 0
0 0
0 0
0 0
0 0
0 0
0 0
0 0
0 0
0 0
0 0
0 0
0 0
0 0
0 0
0 0
0 0
0 0
0 0
0 0
15531 -8112
0 0
0 0
0 0
21455 29782
0 0
0 0
0 0
0 0
-5806 -11040
0 0
3240 -18768
0 0
0 0
0 0
0 0
0 0
0 0
0 0
0 0
-24629 -28588
0 0
0 0
0 0
0 0
0 0
0 0
0 0
0 0
0 0
0 0
0 0
0 0
0 0
0 0
8436 28146
0 0
0 0
0 0
0 0
0 0
0 0
0 0
0 0
0 0
-6784 -16713
0 0
0 0
0 0
0 0
0 0
0 0
0 0
0 0
0 0
0 0
0 0
0 0
0 0
0 0
0 0
0 0
0 0
0 0
0 0
0 0
0 0
0 0
0 0
0 0
0 0
0 0
0 0
4667 18495
0 0
0 0
0 0
0 0
0 0
0 0
0 0
0 0
0 0
0 0
0 0
6541 569
0 0
0 0
0 0
0 0
0 0
-14361 -4659
3494 -2275
0 0
0 0
0 0
0 0
0 0
0 0
0 0
-15971 -29709
0 0
0 0
0 0
0 0
0 0
0 0
0 0
0 0
22068 25104
0 0
0 0
0 0
0 0
0 0
0 0
-29967 -5082
-7241 13101
0 0
0 0
0 0
0 0
0 0
22948 23740
0 0
0 0
0 0
0 0
0 0
0 0
28267 -735
0 0
0 0
0 0
0 0
0 0
0 0
0 0
0 0
0 0
0 0
0 0
0 0
0 0
13863 -29937
0 0
0 0
-22508 -16206
0 0
0 0
0 0
0 0
0 0
0 0
0 0
0 0
0 0
0 0
0 0
0 0
0 0
0 0
0 0
0 0
0 0
0 0
0 0
0 0
0 0
10586 23610
0 0
0 0
0 0
0 0
0 0
0 0
0 0
0 0
-9490 19807
0 0
0 0
0 0
0 0
0 0
-3404 -20589
-11013 -11499
0 0
0 0
0 0
0 0
0 0
-1579 -15342
-27464 -10508
0 0
0 0
16117 30249
0 0
0 0
0 0
-444 -4668
0 0
0 0
0 0
0 0
0 0
0 0
-26514 6596
0 0
0 0
0 0
0 0
0 0
0 0
-4024 31278
0 0
19186 -32406
0 0
0 0
0 0
-15655 -30319
0 0
0 0
0 0
0 0
0 0
0 0
0 0
0 0
0 0
0 0
0 0
0 0
0 0
-5720 24784
0 0
0 0
0 0
0 0
0 0
0 0
0 0
0 0
0 0
2490 -20320
0 0
0 0
0 0
0 0
0 0
0 0
0 0
0 0
0 0
0 0
0 0
0 0
0 0
0 0
0 0
0 0
0 0
8664 -25513
0 0
0 0
0 0
0 0
0 0
0 0
0 0
0 0
0 0
0 0
0 0
0 0
0 0
0 0
0 0
-32128 3230
0 0
0 0
0 0
0 0
0 0
0 0
0 0
0 0
0 0
0 0
32188 -1900
0 0
0 0
0 0
0 0
0 0
0 0
0 0
-7260 -2434
0 0
0 0
0 0
0 0
0 0
-6361 -13392
0 0
0 0
0 0
0 0
0 0
0 0
0 0
-2718 7552
0 0
0 0
0 0
0 0
0 0
0 0
0 0
0 0
0 0
0 0
0 0
0 0
0 0
0 0
-5597 -16976
-30894 11311
-13986 -3079
0 0
0 0
0 0
-25501 20117
-2246 19586
0 0
0 0
0 0
0 0
0 0
0 0
0 0
0 0
0 0
0 0
0 0
0 0
0 0
0 0
0 0
0 0
-7490 -22768
0 0
0 0
0 0
0 0
0 0
0 0
0 0
0 0
0 0
0 0
0 0
-24932 872
-21876 -16912
0 0
0 0
0 0
-19570 -17738
0 0
21366 -1978
-25364 10516
-13727 8743
-27740 15390
0 0
0 0
0 0
0 0
0 0
0 0
0 0
0 0
0 0
0 0
0 0
0 0
0 0
0 0
0 0
0 0
0 0
0 0
-16069 2814
0 0
0 0
0 0
0 0
0 0
0 0
0 0
0 0
0 0
0 0
-20065 24551
0 0
-20664 -23604
0 0
0 0
-32711 661
0 0
0 0
0 0
0 0
0 0
0 0
0 0
0 0
0 0
0 0
0 0
0 0
0 0
0 0
0 0
0 0
-1332 -31364
0 0
0 0
0 0
0 0
0 0
0 0
0 0
0 0
0 0
0 0
0 0
0 0
8429 8710
0 0
0 0
0 0
-12424 -13530
0 0
0 0
19125 -21193
0 0
0 0
-28170 28669
0 0
0 0
-5463 25528
0 0
0 0
0 0
-26678 -29964
0 0
0 0
0 0
0 0
-5495 -393
0 0
0 0
25265 26581
0 0
0 0
0 0
32498 -19426
0 0
-30909 18903
12445 28054
0 0
0 0
0 0
0 0
0 0
0 0
0 0
0 0
0 0
0 0
0 0
0 0
0 0
0 0
0 0
0 0
0 0
0 0
0 0
0 0
0 0
0 0
0 0
-494 2335
0 0
0 0
0 0
-18865 4016
0 0
0 0
0 0
0 0
0 0
0 0
-26701 10565
0 0
0 0
0 0
0 0
0 0
0 0
0 0
0 0
-23123 -15170
0 0
0 0
0 0
0 0
0 0
31938 28360
5167 31122
0 0
0 0
0 0
0 0
0 0
0 0
0 0
0 0
-12675 17542
0 0
0 0
0 0
0 0
0 0
-18744 3088
0 0
0 0
0 0
0 0
0 0
0 0
0 0
31122 -8766
25726 -19030
0 0
0 0
0 0
0 0
0 0
-11335 9342
0 0
0 0
0 0
0 0
0 0
0 0
0 0
0 0
0 0
0 0
0 0
0 0
0 0
0 0
0 0
0 0
0 0
0 0
0 0
0 0
0 0
0 0
0 0
-21113 26363
-30371 7465
0 0
0 0
0 0
-17024 29784
0 0
0 0
-17515 25656
0 0
0 0
0 0
0 0
0 0
0 0
0 0
-24580 28184
0 0
15343 23930
0 0
0 0
0 0
14135 13403
24384 19748
0 0
0 0
0 0
12571 24810
-7390 3965
10198 20230
0 0
0 0
0 0
0 0
0 0
0 0
0 0
0 0
0 0
0 0
0 0
-19578 24540
-5220 10726
0 0
0 0
0 0
0 0
11045 3102
13126 15622
0 0
0 0
0 0
0 0
0 0
0 0
0 0
0 0
0 0
0 0
0 0
0 0
0 0
0 0
0 0
0 0
0 0
0 0
0 0
0 0
0 0
0 0
0 0
0 0
0 0
0 0
0 0
0 0
0 0
-16063 21275
0 0
0 0
0 0
1374 14110
0 0
0 0
0 0
0 0
-25068 6550
0 0
0 0
0 0
0 0
0 0
0 0
0 0
0 0
0 0
0 0
0 0
9096 27032
0 0
0 0
20732 446
0 0
0 0
0 0
0 0
0 0
0 0
0 0
0 0
0 0
0 0
0 0
0 0
0 0
0 0
0 0
0 0
0 0
0 0
0 0
0 0
0 0
0 0
-27146 1011
0 0
0 0
0 0
0 0
0 0
0 0
0 0
0 0
0 0
0 0
0 0
0 0
0 0
0 0
0 0
31625 17803
-31701 -26071
0 0
0 0
0 0
0 0
0 0
0 0
0 0
0 0
0 0
0 0
0 0
0 0
0 0
0 0
0 0
0 0
0 0
0 0
0 0
0 0
0 0
0 0
0 0
0 0
0 0
0 0
0 0
0 0
0 0
0 0
-15009 15233
0 0
0 0
0 0
0 0
0 0
0 0
0 0
0 0
25883 -15739
30163 13295
0 0
0 0
0 0
0 0
0 0
0 0
0 0
0 0
0 0
2952 31876
0 0
0 0
0 0
0 0
0 0
3671 12424
0 0
0 0
0 0
0 0
0 0
0 0
0 0
0 0
0 0
0 0
8306 2726
1228 18753
0 0
0 0
0 0
0 0
0 0
0 0
0 0
0 0
19408 -6228
0 0
0 0
0 0
0 0
-19991 -10954
0 0
0 0
0 0
268 -24462
0 0
0 0
0 0
0 0
0 0
0 0
0 0
0 0
0 0
0 0
0 0
0 0
0 0
0 0
30598 -21708
0 0
0 0
0 0
-8852 -56
0 0
0 0
0 0
0 0
0 0
0 0
0 0
0 0
0 0
0 0
0 0
0 0
-8592 1456
0 0
0 0
0 0
0 0
0 0
0 0
0 0
0 0
0 0
0 0
0 0
21665 -30553
-31942 889
0 0
0 0
0 0
0 0
0 0
0 0
0 0
0 0
0 0
0 0
0 0
0 0
0 0
0 0
0 0
0 0
0 0
0 0
0 0
30480 -21772
0 0
0 0
0 0
25079 2043
0 0
0 0
0 0
0 0
4405 24222
0 0
0 0
0 0
0 0
0 0
0 0
0 0
0 0
0 0
0 0
0 0
0 0
0 0
0 0
0 0
0 0
0 0
0 0
0 0
11128 -2744
10743 8475
0 0
0 0
0 0
0 0
0 0
-5828 7434
0 0
0 0
0 0
0 0
0 0
0 0
0 0
0 0
0 0
0 0
0 0
0 0
0 0
0 0
0 0
0 0
0 0
0 0
0 0
12916 -14669
0 0
0 0
0 0
26317 -12695
0 0
0 0
0 0
0 0
0 0
0 0
0 0
0 0
0 0
0 0
0 0
0 0
0 0
0 0
0 0
0 0
0 0
0 0
0 0
0 0
0 0
0 0
0 0
13275 -30591
0 0
0 0
0 0
0 0
0 0
0 0
17721 10643
3829 32548
0 0
0 0
0 0
0 0
0 0
15476 -17834
30310 -30613
0 0
0 0
27320 7492
22866 9368
0 0
0 0
4368 -2024
0 0
0 0
0 0
0 0
0 0
0 0
30319 -18772
0 0
0 0
0 0
0 0
0 0
0 0
26741 -11445
0 0
0 0
23446 -10150
0 0
0 0
0 0
-26005 7575
0 0
0 0
0 0
0 0
0 0
0 0
0 0
0 0
0 0
0 0
0 0
0 0
0 0
0 0
0 0
0 0
0 0
0 0
0 0
0 0
0 0
0 0
0 0
0 0
0 0
0 0
0 0
0 0
0 0
15531 -8112
0 0
0 0
0 0
21455 29782
0 0
0 0
0 0
0 0
-5806 -11040
0 0
3240 -18768
0 0
0 0
0 0
0 0
0 0
0 0
0 0
0 0
-24629 -28588
0 0
0 0
0 0
0 0
0 0
0 0
0 0
0 0
0 0
0 0
0 0
0 0
0 0
0 0
8436 28146
0 0
0 0
0 0
0 0
0 0
0 0
0 0
0 0
0 0
-6784 -16713
0 0
0 0
0 0
0 0
0 0
0 0
0 0
0 0
0 0
0 0
0 0
0 0
0 0
0 0
0 0
0 0
0 0
0 0
0 0
0 0
0 0
0 0
0 0
0 0
0 0
0 0
0 0
4667 18495
0 0
0 0
0 0
0 0
0 0
0 0
0 0
0 0
0 0
0 0
0 0
6541 569
0 0
0 0
0 0
0 0
0 0
-14361 -4659
3494 -2275
0 0
0 0
0 0
0 0
0 0
0 0
0 0
-15971 -29709
0 0
0 0
0 0
0 0
0 0
0 0
0 0
0 0
22068 25104
0 0
0 0
0 0
0 0
0 0
0 0
-29967 -5082
-7241 13101
0 0
0 0
0 0
0 0
0 0
22948 23740
0 0
0 0
0 0
0 0
0 0
0 0
28267 -735
0 0
0 0
0 0
0 0
0 0
0 0
0 0
0 0
0 0
0 0
0 0
0 0
0 0
13863 -29937
0 0
0 0
-22508 -16206
0 0
0 0
0 0
0 0
0 0
0 0
0 0
0 0
0 0
0 0
0 0
0 0
0 0
0 0
0 0
0 0
0 0
0 0
0 0
0 0
0 0
10586 23610
0 0
0 0
0 0
0 0
0 0
0 0
0 0
0 0
-9490 19807
0 0
0 0
0 0
0 0
0 0
-3404 -20589
-11013 -11499
0 0
0 0
0 0
0 0
0 0
-1579 -15342
-27464 -10508
0 0
0 0
16117 30249
0 0
0 0
0 0
-444 -4668
0 0
0 0
0 0
0 0
0 0
0 0
-26514 6596
0 0
0 0
0 0
0 0
0 0
0 0
-4024 31278
0 0
19186 -32406
0 0
0 0
0 0
-15655 -30319
0 0
0 0
0 0
0 0
0 0
0 0
0 0
0 0
0 0
0 0
0 0
0 0
0 0
-5720 24784
0 0
0 0
0 0
0 0
0 0
0 0
0 0
0 0
0 0
2490 -20320
0 0
0 0
0 0
0 0
0 0
0 0
0 0
0 0
0 0
0 0
0 0
0 0
0 0
0 0
0 0
0 0
0 0
8664 -25513
0 0
0 0
0 0
0 0
0 0
0 0
0 0
0 0
0 0
0 0
0 0
0 0
0 0
0 0
0 0
-32128 3230
0 0
0 0
0 0
0 0
0 0
0 0
0 0
0 0
0 0
0 0
32188 -1900
0 0
0 0
0 0
0 0
0 0
0 0
0 0
-7260 -2434
0 0
0 0
0 0
0 0
0 0
-6361 -13392
0 0
0 0
0 0
0 0
0 0
0 0
0 0
-2718 7552
0 0
0 0
0 0
0 0
0 0
0 0
0 0
0 0
0 0
0 0
0 0
0 0
0 0
0 0
-5597 -16976
-30894 11311
-13986 -3079
0 0
0 0
0 0
-25501 20117
-2246 19586
0 0
0 0
0 0
0 0
0 0
0 0
0 0
0 0
0 0
0 0
0 0
0 0
0 0
0 0
0 0
0 0
-7490 -22768
0 0
0 0
0 0
0 0
0 0
0 0
0 0
0 0
0 0
0 0
0 0
-24932 872
-21876 -16912
0 0
0 0
0 0
-19570 -17738
0 0
21366 -1978
-25364 10516
-13727 8743
-27740 15390
0 0
0 0
0 0
0 0
0 0
0 0
0 0
0 0
0 0
0 0
0 0
0 0
0 0
0 0
0 0
0 0
0 0
0 0
-16069 2814
0 0
0 0
0 0
0 0
0 0
0 0
0 0
0 0
0 0
0 0
-20065 24551
0 0
-20664 -23604
0 0
0 0
-32711 661
0 0
0 0
0 0
0 0
0 0
0 0
0 0
0 0
0 0
0 0
0 0
0 0
0 0
0 0
0 0
0 0
-1332 -31364
0 0
0 0
0 0
0 0
0 0
0 0
0 0
0 0
0 0
0 0
0 0
0 0
8429 8710
0 0
0 0
0 0
-12424 -13530
0 0
0 0
19125 -21193
0 0
0 0
-28170 28669
0 0
0 0
-5463 25528
0 0
0 0
0 0
-26678 -29964
0 0
0 0
0 0
0 0
-5495 -393
0 0
0 0
25265 26581
0 0
0 0
0 0
32498 -19426
0 0
-30909 18903
12445 28054
0 0
0 0
0 0
0 0
0 0
0 0
0 0
0 0
0 0
0 0
0 0
0 0
0 0
0 0
0 0
0 0
0 0
0 0
0 0
0 0
0 0
0 0
0 0
-494 2335
0 0
0 0
0 0
-18865 4016
0 0
0 0
0 0
0 0
0 0
0 0
-26701 10565
0 0
0 0
0 0
0 0
0 0
0 0
0 0
0 0
-23123 -15170
0 0
0 0
0 0
0 0
0 0
31938 28360
5167 31122
0 0
0 0
0 0
0 0
0 0
0 0
0 0
0 0
-12675 17542
0 0
0 0
0 0
0 0
0 0
-18744 3088
0 0
0 0
0 0
0 0
0 0
0 0
0 0
31122 -8766
25726 -19030
0 0
0 0
0 0
0 0
0 0
-11335 9342
0 0
0 0
0 0
0 0
0 0
0 0
0 0
0 0
0 0
0 0
0 0
0 0
0 0
0 0
0 0
0 0
0 0
0 0
0 0
0 0
0 0
0 0
0 0
-21113 26363
-30371 7465
0 0
0 0
0 0
-17024 29784
0 0
0 0
-17515 25656
0 0
0 0
0 0
0 0
0 0
0 0
0 0
-24580 28184
0 0
15343 23930
0 0
0 0
0 0
14135 13403
24384 19748
0 0
0 0
0 0
12571 24810
-7390 3965
10198 20230
0 0
0 0
0 0
0 0
0 0
0 0
0 0
0 0
0 0
0 0
0 0
-19578 24540
-5220 10726
0 0
0 0
0 0
0 0
11045 3102
13126 15622
0 0
0 0
0 0
0 0
0 0
0 0
0 0
0 0
0 0
0 0
0 0
0 0
0 0
0 0
0 0
0 0
0 0
0 0
0 0
0 0
0 0
0 0
0 0
0 0
0 0
0 0
0 0
0 0
0 0
-16063 21275
0 0
0 0
0 0
1374 14110
0 0
0 0
0 0
0 0
-25068 6550
0 0
0 0
0 0
0 0
0 0
0 0
0 0
0 0
0 0
0 0
0 0
9096 27032
0 0
0 0
20732 446
0 0
0 0
0 0
0 0
0 0
0 0
0 0
0 0
0 0
0 0
0 0
0 0
0 0
0 0
0 0
0 0
0 0
0 0
0 0
0 0
0 0
0 0
-27146 1011
0 0
0 0
0 0
0 0
0 0
0 0
0 0
0 0
0 0
0 0
0 0
0 0
0 0
0 0
0 0
31625 17803
-31701 -26071
0 0
0 0
0 0
0 0
0 0
0 0
0 0
0 0
0 0
0 0
0 0
0 0
0 0
0 0
0 0
0 0
0 0
0 0
0 0
0 0
0 0
0 0
0 0
0 0
0 0
0 0
0 0
0 0
0 0
0 0
-15009 15233
0 0
0 0
0 0
0 0
0 0
0 0
0 0
0 0
25883 -15739
30163 13295
0 0
0 0
0 0
0 0
0 0
0 0
0 0
0 0
0 0
2952 31876
0 0
0 0
0 0
0 0
0 0
3671 12424
0 0
0 0
0 0
0 0
0 0
0 0
0 0
0 0
0 0
0 0
8306 2726
1228 18753
0 0
0 0
0 0
0 0
0 0
0 0
0 0
0 0
19408 -6228
0 0
0 0
0 0
0 0
-19991 -10954
0 0
0 0
0 0
268 -24462
0 0
0 0
0 0
0 0
0 0
0 0
0 0
0 0
0 0
0 0
0 0
0 0
0 0
0 0
30598 -21708
0 0
0 0
0 0
-8852 -56
0 0
0 0
0 0
0 0
0 0
0 0
0 0
0 0
0 0
0 0
0 0
0 0
-8592 1456
0 0
0 0
0 0
0 0
0 0
0 0
0 0
0 0
0 0
0 0
0 0
21665 -30553
-31942 889
0 0
0 0
0 0
0 0
0 0
0 0
0 0
0 0
0 0
0 0
0 0
0 0
0 0
0 0
0 0
0 0
0 0
0 0
0 0
30480 -21772
0 0
0 0
0 0
25079 2043
0 0
0 0
0 0
0 0
4405 24222
0 0
0 0
0 0
0 0
0 0
0 0
0 0
0 0
0 0
0 0
0 0
0 0
0 0
0 0
0 0
0 0
0 0
0 0
0 0
11128 -2744
10743 8475
0 0
0 0
0 0
0 0
0 0
-5828 7434
0 0
0 0
0 0
0 0
0 0
0 0
0 0
0 0
0 0
0 0
0 0
0 0
0 0
0 0
0 0
0 0
0 0
0 0
0 0
12916 -14669
0 0
0 0
0 0
26317 -12695
0 0
0 0
0 0
0 0
0 0
0 0
0 0
0 0
0 0
0 0
0 0
0 0
0 0
0 0
0 0
0 0
0 0
0 0
0 0
0 0
0 0
0 0
0 0
13275 -30591
0 0
0 0
0 0
0 0
0 0
0 0
17721 10643
3829 32548
0 0
0 0
0 0
0 0
0 0
15476 -17834
30310 -30613
0 0
0 0
27320 7492
22866 9368
0 0
0 0
4368 -2024
0 0
0 0
0 0
0 0
0 0
0 0
30319 -18772
0 0
0 0
0 0
0 0
0 0
0 0
26741 -11445
0 0
0 0
23446 -10150
0 0
0 0
0 0
-26005 7575
0 0
0 0
0 0
0 0
0 0
0 0
0 0
0 0
0 0
0 0
0 0
0 0
0 0
0 0
0 0
0 0
0 0
0 0
0 0
0 0
0 0
0 0
0 0
0 0
0 0
0 0
0 0
0 0
0 0
15531 -8112
0 0
0 0
0 0
21455 29782
0 0
0 0
0 0
0 0
-5806 -11040
0 0
3240 -18768
0 0
0 0
0 0
0 0
0 0
0 0
0 0
0 0
-24629 -28588
0 0
0 0
0 0
0 0
0 0
0 0
0 0
0 0
0 0
0 0
0 0
0 0
0 0
0 0
8436 28146
0 0
0 0
0 0
0 0
0 0
0 0
0 0
0 0
0 0
-6784 -16713
0 0
0 0
0 0
0 0
0 0
0 0
0 0
0 0
0 0
0 0
0 0
0 0
0 0
0 0
0 0
0 0
0 0
0 0
0 0
0 0
0 0
0 0
0 0
0 0
0 0
0 0
0 0
4667 18495
0 0
0 0
0 0
0 0
0 0
0 0
0 0
0 0
0 0
0 0
0 0
6541 569
0 0
0 0
0 0
0 0
0 0
-14361 -4659
3494 -2275
0 0
0 0
0 0
0 0
0 0
0 0
0 0
-15971 -29709
0 0
0 0
0 0
0 0
0 0
0 0
0 0
0 0
22068 25104
0 0
0 0
0 0
0 0
0 0
0 0
-29967 -5082
-7241 13101
0 0
0 0
0 0
0 0
0 0
22948 23740
0 0
0 0
0 0
0 0
0 0
0 0
28267 -735
0 0
0 0
0 0
0 0
0 0
0 0
0 0
0 0
0 0
0 0
0 0
0 0
0 0
13863 -29937
0 0
0 0
-22508 -16206
0 0
0 0
0 0
0 0
0 0
0 0
0 0
0 0
0 0
0 0
0 0
0 0
0 0
0 0
0 0
0 0
0 0
0 0
0 0
0 0
0 0
10586 23610
0 0
0 0
0 0
0 0
0 0
0 0
0 0
0 0
-9490 19807
0 0
0 0
0 0
0 0
0 0
-3404 -20589
-11013 -11499
0 0
0 0
0 0
0 0
0 0
-1579 -15342
-27464 -10508
0 0
0 0
16117 30249
0 0
0 0
0 0
-444 -4668
0 0
0 0
0 0
0 0
0 0
0 0
-26514 6596
0 0
0 0
0 0
0 0
0 0
0 0
-4024 31278
0 0
19186 -32406
0 0
0 0
0 0
-15655 -30319
0 0
0 0
0 0
0 0
0 0
0 0
0 0
0 0
0 0
0 0
0 0
0 0
0 0
-5720 24784
0 0
0 0
0 0
0 0
0 0
0 0
0 0
0 0
0 0
2490 -20320
0 0
0 0
0 0
0 0
0 0
0 0
0 0
0 0
0 0
0 0
0 0
0 0
0 0
0 0
0 0
0 0
0 0
8664 -25513
0 0
0 0
0 0
0 0
0 0
0 0
0 0
0 0
0 0
0 0
0 0
0 0
0 0
0 0
0 0
-32128 3230
0 0
0 0
0 0
0 0
0 0
0 0
0 0
0 0
0 0
0 0
32188 -1900
0 0
0 0
0 0
0 0
0 0
0 0
