1545698695 0
1583405838 0
1494059453 0
1481072554 0
1302228121 0
372125534 0
1709469684 0
1592608348 0
2107387223 0
1819802729 0
1995025248 0
490798338 0
1826320285 0
1740894400 0
1798405857 0
1386712695 0
1314544452 0
2108041349 0
1283947363 0
1205371922 0
2081359983 0
1817135657 0
969646488 0
814311098 0
2041352819 0
2098542958 0
1903247429 0
1807628792 0
1717297965 0
2130693334 0
2009260864 0
1493909828 0
1832933959 0
1736795567 0
1901143211 0
1377898323 0
1820232105 0
1929194571 0
1818301854 0
1581261074 0
1410336797 0
2047803322 0
1374965144 0
1780602246 0
1448183369 0
1453659479 0
2021125478 0
826146961 0
1593752935 0
289709681 0
1724906757 0
1239541814 0
1143389909 0
725387505 0
1798118237 0
1568785853 0
1944653154 0
720763412 0
1112211424 0
799888329 0
1948256981 0
895937840 0
2082210248 0
1867914337 0
1245864446 0
2036014145 0
889134192 0
1974654333 0
2002351883 0
1337785219 0
2012141743 0
2024929860 0
222098080 0
2055731454 0
2119972040 0
1507603161 0
854893920 0
1296215774 0
1945883477 0
1228404913 0
1960834488 0
1213205424 0
1120222682 0
2024295198 0
616068478 0
2108173544 0
1586636865 0
789056956 0
1461452838 0
681759652 0
1217203679 0
1657119067 0
1298198551 0
1896429219 0
1423268922 0
2143964771 0
1444737555 0
2025334327 0
405669236 0
2030227117 0
1667531261 0
530547717 0
1608619726 0
1676146143 0
1906407240 0
209840339 0
1830572378 0
435763293 0
1471012206 0
1699275161 0
1312487262 0
1690523550 0
1901145759 0
484097742 0
1691714692 0
525762355 0
893199233 0
2128313381 0
2049736800 0
1436009471 0
2096125438 0
1475586926 0
1658548841 0
953622266 0
1775325363 0
1407540925 0
557360524 0
1550826990 0
880456462 0
2108273701 0
1598246363 0
2070334172 0
1918050700 0
1639414614 0
1589650282 0
1610884398 0
766945015 0
1809056785 0
1916657552 0
1899312554 0
1575503015 0
1927285522 0
1953873382 0
1640892102 0
1673145662 0
1675383239 0
1745477281 0
1814487226 0
1338849441 0
278576604 0
1929237527 0
202093867 0
1092217609 0
1588999942 0
1573677186 0
1914708281 0
1723496618 0
946218664 0
1467812613 0
1682334512 0
2099103594 0
918645249 0
1693236130 0
527895106 0
1364566882 0
1807745471 0
1700675553 0
2023572615 0
1750988443 0
1298028706 0
1076425237 0
1195174737 0
1032439205 0
1934587255 0
872472530 0
1858641862 0
1895460459 0
571033829 0
1972359258 0
1543952494 0
1684685935 0
814108757 0
1672878396 0
2116282002 0
1406158300 0
1587573553 0
1608214122 0
85877906 0
1672819664 0
1851143606 0
1965586780 0
1079773144 0
2075770247 0
1707624470 0
1524011221 0
1591472586 0
1719914368 0
1239842927 0
923480291 0
2066513911 0
2128157501 0
1269264060 0
1655693734 0
884707668 0
1796436958 0
1044435370 0
2082445287 0
1830626296 0
1976822314 0
706101014 0
1649116438 0
1822708667 0
749433882 0
1997170112 0
1602211738 0
328634688 0
1985910961 0
1315934849 0
1267060318 0
1760614307 0
885466798 0
1942459479 0
982307135 0
1975345229 0
681670297 0
807296181 0
1592939620 0
1859094947 0
765445096 0
1716110786 0
1270304354 0
1805546442 0
2023165818 0
2108243634 0
764304801 0
1913761141 0
1020755308 0
1841566601 0
1697097026 0
859299371 0
625918878 0
755776515 0
2083382528 0
1138271068 0
1344098544 0
1872270212 0
1112015790 0
1274260655 0
1625187632 0
1098683936 0
853314756 0
1441558342 0
1259398425 0
1534429457 0
628808219 0
871238177 0
1928131957 0
978864318 0
2144816754 0
1918925882 0
1248448046 0
1444068284 0
1892935899 0
323969182 0
1671415362 0
1386169478 0
2120281894 0
714512071 0
1576629638 0
1827022313 0
1163762435 0
1322042704 0
2005053731 0
1710772738 0
1997256540 0
1753094521 0
2046890722 0
1868547810 0
1466181592 0
1444434822 0
2113673471 0
1449171827 0
601721119 0
1726615404 0
1179609661 0
1823089421 0
1492967127 0
1859390598 0
785669754 0
1065065714 0
1028049990 0
1898658835 0
963197177 0
1614626207 0
1771788290 0
1957183035 0
1779689117 0
1494988035 0
2139153212 0
904068161 0
913539356 0
1881799079 0
209073670 0
1253278089 0
1740200296 0
1498665967 0
1999401397 0
1532024273 0
418182946 0
2138153943 0
1107440450 0
1913562687 0
1742594327 0
1088247985 0
462387615 0
453361028 0
1315143256 0
1951937958 0
2125463622 0
972005626 0
2106536702 0
641930142 0
1788997006 0
1979155622 0
1728002192 0
1712159604 0
1897149625 0
320135925 0
1796172594 0
1997128848 0
2083131022 0
930761556 0
1759299166 0
2001367790 0
468353010 0
1844265723 0
1640946328 0
1819497394 0
2066511152 0
1671086183 0
1816939690 0
837888875 0
786969539 0
1871687877 0
1633712205 0
554207133 0
893610933 0
2028547531 0
1659918565 0
834156675 0
1921694495 0
1911322826 0
2134273981 0
803236827 0
644636574 0
1684634451 0
1730616513 0
1021955725 0
1961259464 0
1770303201 0
982880049 0
1942027650 0
2120677828 0
1468475032 0
2042530546 0
1885782181 0
1263557076 0
1072692778 0
794685288 0
1862669304 0
929639467 0
817123498 0
1076929228 0
1670936675 0
484843524 0
1179444149 0
988758347 0
1574187229 0
1413865260 0
946842859 0
1373949566 0
1019324870 0
1988691244 0
1117375877 0
1551491678 0
1534138780 0
1583333564 0
1004867600 0
1877462858 0
1145707233 0
1987788759 0
1881061034 0
2025516203 0
1696083074 0
1929390132 0
1933959357 0
733805604 0
1571974743 0
1007286998 0
951505553 0
1445920882 0
1178551301 0
1861400410 0
554993809 0
805436285 0
363086357 0
1004873622 0
532139837 0
700934607 0
1533481814 0
1405064053 0
1408479907 0
1706281858 0
1981225972 0
1485362087 0
1447398855 0
1499038537 0
2020180409 0
1880990761 0
1192000367 0
1979276423 0
350927619 0
684473561 0
1940449240 0
1608663689 0
1051732974 0
1304205823 0
1862965303 0
1974647311 0
1952097067 0
1412524297 0
666119149 0
1552478023 0
1976446328 0
1008196242 0
2087576915 0
2126828621 0
2145857429 0
1291617421 0
1623355880 0
2129049355 0
1205534342 0
720602205 0
1665739944 0
1542607928 0
1799092732 0
1823017227 0
1819804100 0
2042453329 0
1745589327 0
344913560 0
1623133355 0
799395373 0
874551077 0
427540413 0
1887906697 0
1354684470 0
1682489560 0
1450975077 0
1685634530 0
1534658886 0
934703007 0
1267024612 0
1530149661 0
2012826771 0
1126469555 0
2064820878 0
1976558128 0
1045255461 0
1859268397 0
1994001547 0
2007447246 0
1337330166 0
1384948655 0
2001991253 0
1877711848 0
1777212912 0
1120843033 0
818079742 0
1824226351 0
1185455968 0
635382373 0
2144774180 0
1659648874 0
896584862 0
2136734292 0
1499425128 0
2140662905 0
1289593464 0
1348399122 0
2016272089 0
881139772 0
1283099207 0
1943367503 0
2104374263 0
2109533644 0
2010832109 0
764442237 0
2140357220 0
1255388044 0
461344389 0
1280944148 0
1110002625 0
1808537261 0
1927000333 0
1923795857 0
1236848142 0
1484217700 0
990804353 0
1275426395 0
1263607658 0
932249500 0
781311677 0
664334360 0
1939042703 0
1278999831 0
1589249821 0
2005308045 0
487700902 0
2063033093 0
179813688 0
2119863793 0
1885704567 0
1743693397 0
983547934 0
1460310377 0
1326885980 0
930060712 0
819518656 0
1711314128 0
2011035177 0
1730646528 0
1046507941 0
1630377562 0
1908075005 0
1799236497 0
2016517544 0
1549856625 0
1845122152 0
1557356718 0
1539947258 0
623002891 0
1841142576 0
1228008639 0
983679648 0
1656366003 0
804019918 0
1491320974 0
933850985 0
460102999 0
1090113012 0
1985500947 0
1484289087 0
1633979018 0
2105242670 0
1804493431 0
725374637 0
1327222859 0
832160689 0
2113098632 0
1722965837 0
2000970453 0
1351416652 0
590240597 0
1733410569 0
1882635997 0
1506523634 0
1270503501 0
1508932617 0
1508309041 0
223528322 0
1798426525 0
1075737233 0
390301185 0
2144665421 0
1184646116 0
1541345915 0
1932309946 0
1627718709 0
1879423187 0
1350042743 0
765583231 0
2008030632 0
702040385 0
1639715963 0
1661051380 0
1478153856 0
771192646 0
1302654260 0
2072935084 0
1160541319 0
1377266914 0
341709181 0
2027105667 0
920911968 0
1141988900 0
1042472802 0
1280497728 0
987194579 0
779178589 0
1386556316 0
2049622448 0
1022728841 0
1756632863 0
1020023194 0
1558865938 0
1745348956 0
857350560 0
919533344 0
822095677 0
1589000071 0
918967424 0
2038379257 0
1544435772 0
1956647264 0
1961327911 0
1370037282 0
624065648 0
821895967 0
788727241 0
1045910274 0
1343423506 0
437430934 0
1436561240 0
1946488526 0
1172135098 0
1719817173 0
1294081799 0
548447357 0
2024138599 0
1350098815 0
1193117953 0
1438327980 0
1979586806 0
2045080350 0
1171840691 0
2054696172 0
827754090 0
1969189560 0
1323209746 0
1492010851 0
947866505 0
936709823 0
1337888170 0
1925903945 0
1334022238 0
1746635630 0
1952528660 0
208537863 0
1178981734 0
1991364432 0
1952402703 0
2061037353 0
1330186406 0
716910400 0
1693485978 0
1230842447 0
658291898 0
2113423243 0
601698094 0
1892052315 0
175633839 0
1733567601 0
2113449750 0
1725364107 0
1272970698 0
392402426 0
954004357 0
2078296270 0
1876851885 0
1810262282 0
1844494869 0
1020321541 0
1501958102 0
1063831466 0
845029883 0
585576615 0
578243431 0
1862102605 0
2042893701 0
463890363 0
1771492687 0
665899305 0
1652083540 0
770267565 0
2139579161 0
1933257752 0
1596923583 0
1467785548 0
1117235356 0
752667487 0
1906538998 0
403579740 0
1415695523 0
1401599704 0
1593547516 0
2071056230 0
2009250534 0
1475721214 0
1558760019 0
777046930 0
2108245016 0
629031380 0
679045975 0
1444931017 0
1529536267 0
801416875 0
1391852498 0
1350951426 0
760905638 0
812362855 0
1612910934 0
1952937891 0
695324414 0
1207491447 0
2092794390 0
1999131833 0
1713658005 0
1733575615 0
439938662 0
1619764764 0
1373287434 0
1282278470 0
1722392888 0
1290864641 0
548272140 0
1791711867 0
1633139980 0
1981608633 0
1601071999 0
1226117424 0
1999691329 0
526081619 0
909474066 0
192761402 0
1653270940 0
1444430750 0
927505780 0
1620776353 0
1768473759 0
969626578 0
637611559 0
1494490665 0
1586210007 0
2090423932 0
1473244765 0
304345276 0
304577936 0
1849544830 0
1089163747 0
1875674928 0
1132016335 0
326650080 0
1619474352 0
330260516 0
1838949928 0
928421795 0
1293488959 0
1557070179 0
630400072 0
2118275262 0
1469538177 0
1805841626 0
1451229025 0
1773059342 0
1751525510 0
1974390697 0
1481382528 0
2051993121 0
1330512882 0
1425404379 0
1009662781 0
696272225 0
1744250917 0
1690031911 0
764093246 0
1721427021 0
1896710208 0
1797483404 0
2125740720 0
488953250 0
931725193 0
1763204138 0
1736768921 0
1354752994 0
1482428443 0
650563568 0
1952403683 0
1790354521 0
1964484730 0
1601011836 0
2146443679 0
1255324621 0
680911280 0
1307216439 0
1067716694 0
1805175237 0
1955183479 0
1357509703 0
870144636 0
1362922451 0
1184913531 0
728658219 0
1565624391 0
1941726034 0
1583545259 0
964248119 0
1284234487 0
1604831950 0
1427186116 0
1191514580 0
520006778 0
1694749556 0
1175378401 0
1646399338 0
1751785780 0
1214958378 0
1604684196 0
969755567 0
1594241401 0
1611488785 0
1730481565 0
980071105 0
953289553 0
1914132453 0
1741389091 0
2088967061 0
1596571721 0
2064925899 0
1772636230 0
1523094316 0
1707585918 0
1347069998 0
462903160 0
1241939223 0
1640763402 0
1703979357 0
1683849675 0
2049558218 0
2053166049 0
1954439098 0
1901947956 0
2099045190 0
1559066968 0
1065085664 0
2019212136 0
788619818 0
762627357 0
1256727409 0
1896866985 0
1525342349 0
2127856938 0
1404829252 0
1916874727 0
884869157 0
1363992832 0
1860280408 0
2028555019 0
1307645914 0
2070725341 0
1858259022 0
1772562783 0
1977565144 0
1435544418 0
2022946011 0
269178102 0
2102988924 0
661369352 0
1983789961 0
1624762646 0
2141456129 0
2059839846 0
887633592 0
1750828983 0
1667959756 0
1759547011 0
2089264975 0
1945809333 0
1247718356 0
1962478967 0
1825138783 0
1104539235 0
2120375802 0
1094603028 0
2072133662 0
1195890205 0
1422468803 0
1356577837 0
2085605587 0
2137366689 0
2133835739 0
2068420036 0
730934570 0
1482837668 0
1845546868 0
1489432275 0
1089178106 0
2073302466 0
2107390315 0
774040295 0
1180974868 0
431150795 0
1615123672 0
1881207097 0
1886061376 0
1220625654 0
704737795 0
1478426805 0
1502131387 0
1966144506 0
2083186437 0
1881700124 0
1196076355 0
2072991578 0
1601101397 0
1272887174 0
127811104 0
1590511461 0
1566024855 0
1455271321 0
1064704103 0
1593834726 0
2070175798 0
1971165732 0
1784320439 0
1491586733 0
1766087339 0
1336105610 0
1483436184 0
509688713 0
1877599967 0
1615987662 0
1718002270 0
1618118502 0
1711784917 0
2011597768 0
1793332126 0
225042668 0
1557956191 0
2101957337 0
1337474068 0
1870830729 0
1660949910 0
1350129210 0
729490364 0
1926876596 0
2080157197 0
759371555 0
1901591537 0
1069645539 0
1881916524 0
1658123077 0
1839468841 0
1555656103 0
1537637634 0
1105798651 0
1499936551 0
1372917220 0
1808375580 0
558336571 0
1193883100 0
1642297870 0
1222326696 0
2013109211 0
2026015048 0
1543797412 0
1815059311 0
1759376123 0
349267816 0
1895054828 0
1951543961 0
1957688528 0
1955363382 0
1253601028 0
1333449910 0
1537908107 0
1610017499 0
1748350320 0
1763097730 0
831587713 0
1183555490 0
427965634 0
286851603 0
1247468280 0
868350146 0
2072280790 0
2002751176 0
1560036744 0
1155184295 0
1371325706 0
1048503859 0
2082908078 0
1006608849 0
663199411 0
1516409101 0
1487989446 0
1885251507 0
1904665442 0
1166811730 0
1487826025 0
1918938897 0
724007387 0
1238061172 0
437164968 0
1434847526 0
1893013673 0
1392693875 0
1471591878 0
1296628364 0
1285690357 0
629726505 0
699729484 0
1509968924 0
444456479 0
1650740131 0
739757791 0
1702141071 0
1631818855 0
1548064315 0
2074601687 0
1387127368 0
1043443198 0
545018749 0
889060839 0
1807181606 0
1726869188 0
1374356867 0
2130334690 0
1048703778 0
1904453706 0
971147822 0
1139864576 0
1726265146 0
2046114906 0
1725973038 0
996651734 0
444147363 0
1523707010 0
1550723825 0
2138792840 0
1463034759 0
2070561734 0
1549859983 0
1485097782 0
1297017414 0
1774821531 0
1317922308 0
1589587990 0
1873704270 0
2073072302 0
1391626460 0
1960063399 0
805847821 0
1253103971 0
1661245547 0
1024256448 0
1158066756 0
1802556213 0
1640772906 0
2026449542 0
1336696448 0
2126083677 0
271145226 0
2122498514 0
1359443002 0
1462309077 0
1295685789 0
2025355778 0
1289928186 0
1479435899 0
167574303 0
2063065999 0
802608662 0
1739170187 0
1033719559 0
1929366835 0
2052922121 0
1639404353 0
1697276460 0
1892418716 0
1310642627 0
1949839985 0
1846411122 0
1861418202 0
144781759 0
436755718 0
1057018598 0
1249335785 0
632123228 0
1772320615 0
1604515692 0
1503796741 0
1539687128 0
1726321671 0
1837413301 0
932036752 0
1457942237 0
1759374334 0
1988113402 0
1513937807 0
2021604430 0
1448797941 0
649767633 0
2125426998 0
1846857516 0
1358321479 0
90079103 0
1766252840 0
1415668676 0
810040912 0
2067224043 0
1763759206 0
1263633645 0
1395955265 0
882655124 0
1967827073 0
599715073 0
1687968960 0
1149822556 0
2043409525 0
1667966502 0
688839019 0
2065071846 0
1762906411 0
1152415858 0
1813817663 0
1123373276 0
1606501188 0
768904034 0
1657437774 0
1787051483 0
1483046685 0
2093965126 0
1758299265 0
940693792 0
1312987280 0
1801290203 0
1092238377 0
1041543452 0
1495200946 0
1505958733 0
1823866247 0
522646424 0
1043101441 0
1309563689 0
1981554554 0
622026958 0
1794448477 0
2129853975 0
1976793323 0
944827491 0
488648357 0
1706709855 0
2081376523 0
2127617750 0
1205231179 0
308218398 0
1645283642 0
1183291472 0
84625685 0
1784163041 0
743740680 0
2010204104 0
1534764695 0
1377031217 0
894733296 0
1108569178 0
2041938188 0
1407919770 0
1358341303 0
985719420 0
1726055132 0
2079574264 0
1795686517 0
2073270944 0
1693721153 0
1515899907 0
1396445993 0
2119588478 0
973965756 0
1967987936 0
1815162036 0
1613600462 0
2092330481 0
1074869950 0
156151610 0
1506838304 0
1975792854 0
1506435360 0
1929867519 0
1749355935 0
1515518744 0
676274398 0
1650597125 0
2123919860 0
1817822437 0
2028759565 0
905726452 0
1836907293 0
1220459317 0
1135794211 0
2126581683 0
2067759129 0
2082643472 0
937748636 0
436660348 0
1133972842 0
1062825791 0
1578132099 0
958800369 0
1215219564 0
950669862 0
1605423940 0
2102082102 0
1401606708 0
185291251 0
1489821088 0
377563003 0
1468575854 0
644076062 0
2098764700 0
715501090 0
622150048 0
958289757 0
1710990586 0
1970089523 0
601679177 0
1487925052 0
1331265135 0
1359277201 0
863720109 0
310279218 0
1879933044 0
829149409 0
1655567354 0
2015726325 0
1505407178 0
1445148824 0
1802348791 0
1326620742 0
1685872458 0
2040753642 0
1054573933 0
1364560748 0
904295190 0
1017651878 0
1249761325 0
1935144117 0
1702723862 0
1771720677 0
2025784723 0
313201865 0
1753365613 0
1991628463 0
1288825491 0
1031028449 0
1703535528 0
814528393 0
1724944750 0
520312712 0
1161756629 0
1410595808 0
1539065368 0
761355049 0
1874691653 0
1840927744 0
72990049 0
1897779462 0
1568520291 0
1861173772 0
2015237269 0
1756000628 0
1695061912 0
2119673285 0
1400344873 0
1379953221 0
1561958490 0
2124932678 0
1881272867 0
1771785782 0
1318736779 0
997488756 0
1854156400 0
1420195900 0
2084960878 0
1796078801 0
660422847 0
1990937884 0
2147466834 0
1603421439 0
1540404150 0
1642763334 0
1304329062 0
1523205298 0
904711549 0
2093502433 0
1412246127 0
1700311262 0
1899309509 0
1353064802 0
1518175441 0
1504987119 0
1268302691 0
1651709982 0
2137979830 0
1276760188 0
1593977894 0
930985373 0
1766735640 0
887324590 0
1105342908 0
1609132517 0
1813563640 0
1698362259 0
2015937198 0
1841194351 0
1031430989 0
857532632 0
1397990845 0
435994478 0
1046664541 0
1127582902 0
2073495958 0
1648598276 0
886433586 0
2095909617 0
1914183330 0
2125309424 0
1747210206 0
1941667062 0
1654115121 0
1843102531 0
1093210001 0
1647348031 0
1482304201 0
1028849678 0
904254863 0
1663053531 0
1908757722 0
1951557036 0
755353451 0
2133105578 0
477337875 0
1900890749 0
453412471 0
2072620353 0
1612614501 0
1214123656 0
1889319329 0
1228040441 0
1681232088 0
1753439522 0
870560301 0
1018892833 0
2102951854 0
1732854438 0
1980343964 0
1021932611 0
1231617292 0
1914427728 0
1994758028 0
1787192432 0
1904148350 0
2136329005 0
1029936014 0
1292178533 0
313528794 0
999334680 0
2128596240 0
1464222340 0
879795008 0
1805527211 0
1202866372 0
436804568 0
2136470718 0
642504883 0
1451330727 0
1691600499 0
2012212786 0
309547068 0
1993194092 0
1358238768 0
1381671442 0
1044213352 0
1641125293 0
1925379289 0
920111260 0
528944022 0
739925249 0
584225179 0
619251532 0
404518098 0
908791744 0
1078298040 0
1831171214 0
1890221550 0
991474539 0
1006194934 0
1675674681 0
2021068562 0
1301659689 0
2084389515 0
2000556612 0
1830538057 0
1894693609 0
1362435086 0
795319561 0
869586431 0
1539173899 0
1380990822 0
1479370537 0
2102784962 0
1417558087 0
2072678926 0
39350629 0
1516721422 0
1721927205 0
1422306143 0
1176187261 0
1312418673 0
1776516875 0
2096093755 0
1766539950 0
1214455778 0
1858793248 0
1191421684 0
881804021 0
569769258 0
1855436131 0
1181155207 0
1713777259 0
1972300603 0
1812198165 0
1019392970 0
1610797352 0
1869657973 0
1668356110 0
1342381972 0
1741363032 0
1419453490 0
905210822 0
1225284584 0
1357643753 0
1780786913 0
1894780229 0
1435244255 0
1684241999 0
2132169701 0
1051918221 0
2134270873 0
2088865897 0
1875252207 0
1980582465 0
635745581 0
2093142738 0
507131550 0
1721639450 0
1000054234 0
2126309153 0
1831909149 0
477869590 0
1594453323 0
2088069932 0
1551266280 0
601878114 0
833028216 0
1299731159 0
1883861157 0
2057526718 0
1646088736 0
940362088 0
260087969 0
436694268 0
1932725783 0
1204087798 0
1640303911 0
720594314 0
1121315195 0
2026328356 0
1185746169 0
1263021465 0
1867413917 0
1258660150 0
1087528830 0
920885355 0
1796913248 0
1711904284 0
900792828 0
1719710919 0
1570885138 0
1838786142 0
1375968829 0
1472139631 0
2011748274 0
828966981 0
1910567965 0
2108284684 0
1826128629 0
1150476228 0
905285093 0
1523192767 0
1947565240 0
1420253260 0
1341975007 0
370531890 0
1602538606 0
1856562405 0
1853844495 0
2115040999 0
1763393246 0
2136172888 0
1798528085 0
523695744 0
992454425 0
1096380838 0
2003591735 0
498267655 0
2056761746 0
1056394777 0
2070463055 0
1485103497 0
1649915196 0
1776839104 0
1693512513 0
638707013 0
2135797929 0
1056654441 0
2001166717 0
1397972238 0
1913976948 0
367745774 0
2116625330 0
650718830 0
1341942229 0
616821812 0
1959440071 0
2014252931 0
1602434537 0
1764297120 0
1843863442 0
397866518 0
952503464 0
1935447967 0
673418082 0
1808868005 0
1210276922 0
2111185244 0
1492296991 0
1891424796 0
1416830574 0
976818300 0
1044077273 0
861932077 0
1840246340 0
707802537 0
681355874 0
1453325921 0
978388565 0
437497324 0
1912176579 0
556331133 0
1711184063 0
95621800 0
1838132954 0
859217964 0
1106626796 0
1846569972 0
862694352 0
1636323778 0
1491190448 0
2110814997 0
1801498627 0
801136194 0
1276077849 0
1016158529 0
1068925493 0
2052351672 0
1285395478 0
1373187779 0
2143621088 0
1477474195 0
1832157984 0
1298856886 0
1716269546 0
2042360871 0
1478215079 0
1827779594 0
1192535458 0
1504883398 0
716372010 0
1398775197 0
874264485 0
1449431433 0
1355666445 0
1964022795 0
2124960073 0
839444642 0
1461182115 0
1604316244 0
645460649 0
1475493802 0
1710307412 0
1872296443 0
2123549268 0
1750330556 0
1816064964 0
611783379 0
1748489277 0
1686940961 0
396877536 0
536935255 0
2023097952 0
757818322 0
1955033848 0
1769433673 0
914372076 0
901674254 0
1496770907 0
1321028627 0
1326826174 0
1660380661 0
788510653 0
1903773614 0
638165138 0
1968830957 0
1121740654 0
451150909 0
1425005776 0
1508726147 0
2110041100 0
1792629286 0
799268903 0
1607773998 0
1427854852 0
1576810719 0
2143299708 0
1595814252 0
1942363198 0
1390333044 0
1272201266 0
1577689628 0
1990252526 0
1098589056 0
1367560376 0
636688543 0
600249930 0
1926559609 0
1789112381 0
1938597835 0
900731970 0
1118376778 0
552180863 0
568200488 0
1927085370 0
1487054449 0
1788958706 0
1629818574 0
1485059785 0
1733354413 0
2075918005 0
969946072 0
1750519875 0
1581506891 0
1890033596 0
1858303291 0
2133774865 0
2064458630 0
1980351758 0
1351179413 0
2088840271 0
1533869561 0
1367381572 0
1884581241 0
1765223477 0
1814237732 0
98684919 0
1619024124 0
896283572 0
2096268568 0
1861456157 0
1377921055 0
2126759181 0
2059518285 0
1299103861 0
876745259 0
1336953162 0
1627732684 0
1572937230 0
1905723510 0
1356189044 0
1941623804 0
1300433848 0
1174527998 0
1000831669 0
1792421909 0
1391392590 0
1205751160 0
1659644239 0
972570641 0
2016952680 0
1495288441 0
1829492101 0
587165340 0
1415503629 0
889616650 0
1556940269 0
1816407497 0
1728924295 0
1892502495 0
308671741 0
1837722203 0
1806658876 0
751067001 0
285760260 0
1831867106 0
1486845911 0
2037613688 0
664858054 0
1843112405 0
1962534065 0
1038936623 0
1993875677 0
1416893843 0
1684776522 0
1275169397 0
942352625 0
1245852209 0
1611713366 0
2024478312 0
2094317786 0
1224366850 0
1569204205 0
1810973308 0
1980909779 0
2075966687 0
1745375080 0
354170305 0
1872957071 0
1732384500 0
1026266471 0
2104432879 0
1353442686 0
2044820149 0
2004055816 0
1801263419 0
373664303 0
1822175115 0
1904835967 0
1102162468 0
1753253420 0
2105919123 0
981968872 0
1543644454 0
1116228867 0
2048420730 0
1906205418 0
1681183724 0
1724986827 0
802911670 0
1559904859 0
1032739239 0
1383887545 0
1182868651 0
1332456457 0
312535692 0
2038809190 0
969418422 0
588837666 0
1149059184 0
2124897465 0
2129186616 0
1685000120 0
422531443 0
1716190673 0
1620824119 0
1914509125 0
905301155 0
1506037629 0
1558620371 0
1925352343 0
1210209915 0
1964990675 0
352408182 0
647680648 0
1982057016 0
1585919645 0
2036614914 0
1218258326 0
1512567376 0
1892729431 0
1882187104 0
869853678 0
1999556372 0
1857288947 0
430246503 0
1707744927 0
1470928461 0
1511228811 0
2056905714 0
894442503 0
2107874289 0
1723655041 0
2106837110 0
1922012645 0
1620482276 0
1451011015 0
1147840678 0
1615479748 0
1810888362 0
1651479634 0
1291734407 0
1621507336 0
1336884018 0
1052688569 0
724692600 0
895971715 0
1971012944 0
1818413439 0
2063981753 0
1897881779 0
1829270295 0
2062784645 0
1063593514 0
1328251944 0
1825021542 0
2143372685 0
1286571379 0
1310186809 0
1972252959 0
985019142 0
1227355058 0
840233789 0
912731368 0
1122149164 0
441704867 0
2036573708 0
807250769 0
2051488976 0
678476959 0
388595431 0
1247123261 0
1319789274 0
2002610859 0
1230824773 0
2119246340 0
1549839625 0
1737627607 0
1285486471 0
1907987963 0
638336281 0
1882016259 0
2143450631 0
1148919212 0
2087223069 0
1852537540 0
1661649307 0
1658173666 0
1086049346 0
1209116143 0
1753667253 0
1609638462 0
1778182471 0
1672751409 0
1500952072 0
1494564146 0
1485863733 0
1884802641 0
1558200320 0
1983583879 0
1242506495 0
971307335 0
1628334318 0
816525740 0
1472342462 0
1486389154 0
1306484273 0
886506053 0
1789687493 0
396795871 0
1688719030 0
2004185409 0
793111539 0
1256798161 0
974242180 0
1115922796 0
1968132801 0
1995476905 0
1084743636 0
495834611 0
1836291925 0
2005135334 0
1941563337 0
1012165226 0
468875695 0
1973421824 0
1738507365 0
963131922 0
1468823734 0
908599119 0
1889056542 0
1168342617 0
1253933474 0
2013095995 0
1870158145 0
1249904457 0
792116898 0
1195686615 0
1998914807 0
1813473351 0
1401827295 0
577746742 0
1807421952 0
1859244296 0
638685179 0
1175481866 0
1673936011 0
1018781555 0
1172817325 0
136481980 0
1755839060 0
1052845852 0
1651287436 0
1664596773 0
2083769504 0
995962387 0
1393391761 0
1021681818 0
1580966837 0
1164183715 0
1784870964 0
1251522295 0
206588005 0
1769111671 0
973216703 0
1754652765 0
1345016007 0
1884582470 0
2042417246 0
1650042558 0
1370724476 0
1294636579 0
2134105702 0
2136359974 0
1941991991 0
1582380511 0
1459363699 0
854244686 0
1424275339 0
1780030613 0
1945541919 0
1792113341 0
534293752 0
1272767086 0
1994717395 0
1206913305 0
1641498548 0
1576340941 0
1932646725 0
682934167 0
2021241966 0
1436123409 0
862395487 0
1165195693 0
1933302906 0
1663578013 0
1332477397 0
2083138236 0
1951221442 0
1277574064 0
1605454355 0
1708624200 0
442001869 0
2077275970 0
1411807090 0
1522203916 0
1356921636 0
1897316157 0
908437808 0
2021496654 0
1233989079 0
1179574963 0
2043840099 0
1072129661 0
885551377 0
647914821 0
1994329717 0
2039126151 0
1123054631 0
1922557006 0
2044555373 0
2035942069 0
936631081 0
1926203899 0
2136309203 0
1645541875 0
1770171940 0
1858383457 0
2031064325 0
2066283572 0
1744425307 0
1134071000 0
2142617250 0
1312629820 0
888560076 0
2071399467 0
1076338944 0
996054717 0
1830110014 0
1357359026 0
1643313096 0
1731425443 0
2124542490 0
106635580 0
1874003462 0
1497461245 0
1689146889 0
564939362 0
883698292 0
1573772195 0
1926187472 0
1813340733 0
1877226393 0
2063320009 0
756691290 0
1062731283 0
1903589204 0
554382328 0
1191554664 0
1545317319 0
1208690702 0
999622324 0
1145079356 0
1042826547 0
1006375520 0
1936775314 0
1792996009 0
1760946857 0
1112714694 0
1408371192 0
1332292858 0
2010907158 0
1428844140 0
1799703879 0
1954970212 0
174471339 0
1430792432 0
738600332 0
609254538 0
