1718465028 0
1707970094 0
1995515036 0
1731948410 0
1337635575 0
385772074 0
1915863224 0
1729287578 0
-1740938847 0
-1976600686 0
-1862083007 0
558682406 0
-2113401117 0
-2138119893 0
2025227462 0
1827868203 0
1683785423 0
-1543760859 0
1330942081 0
1213395469 0
-2102287080 0
1975223508 0
1322562030 0
1028278410 0
-1741843404 0
-1681289523 0
-1939447216 0
2126912125 0
-1935291779 0
-1739295188 0
-2040528285 0
1509966797 0
2089754098 0
1882645472 0
1936106062 0
1429226069 0
1871820275 0
-2108957953 0
1904834596 0
1599925481 0
1608792844 0
2133468710 0
1856862413 0
-2143933837 0
1917036846 0
1508304293 0
-1780925093 0
949021837 0
1595979160 0
346825158 0
2027783871 0
1435108356 0
1471345580 0
749503946 0
-1891395979 0
1737570394 0
2017482458 0
737161966 0
1290792684 0
869894091 0
-1937487397 0
1117573437 0
-1846271006 0
-1970082773 0
1292798824 0
-1739245450 0
940633824 0
1988888583 0
-1590508989 0
1723871945 0
-2016390760 0
-2018386022 0
283404612 0
-2145748172 0
-1812288957 0
1853943182 0
1100698915 0
1460563552 0
-1789296114 0
1280658755 0
2140224802 0
1658615301 0
1474207885 0
-1557783908 0
647338913 0
-1434399596 0
1640548766 0
808033960 0
1795177428 0
862981581 0
1354716142 0
1721718972 0
1543753427 0
2099174039 0
1444430887 0
2145039010 0
1470777381 0
-1958712281 0
494495005 0
-1804813904 0
1817457416 0
532642572 0
-2088169103 0
1729021040 0
2146519304 0
238688539 0
2103626992 0
443925218 0
1888160802 0
1835463374 0
1338647322 0
1871950197 0
-2143063790 0
631213107 0
-2126161645 0
630722470 0
1080611766 0
-1639842909 0
-1549755317 0
1544271771 0
-1940618376 0
2027406981 0
2036918984 0
1272655782 0
1824903659 0
1507577383 0
758347507 0
1747128743 0
903618444 0
-2080709378 0
1793352356 0
2080881067 0
1939869537 0
1680291210 0
1886824198 0
1627140177 0
788320412 0
1975547338 0
-1964665168 0
-1765359914 0
1982601686 0
2057922279 0
-1971950906 0
1720077064 0
-2145288649 0
1700421345 0
1852219908 0
-1938555867 0
1783444322 0
284341602 0
-1917184500 0
227207565 0
1330611635 0
1915215566 0
1584140472 0
-1905625457 0
-2031946007 0
1150612167 0
1487232695 0
1745161525 0
-2134835457 0
1228762055 0
1720401616 0
543685029 0
1503744237 0
2118664142 0
-2026018442 0
2069230971 0
-2028430459 0
1535631282 0
1090026411 0
1211762114 0
1053137869 0
1958382392 0
877190290 0
-1946172381 0
1930130212 0
576277021 0
-1826361255 0
1861412731 0
1969765683 0
989736725 0
1801087359 0
-1717915762 0
1864600068 0
1631935423 0
2062279035 0
117725933 0
1916118376 0
-2122197822 0
2029378092 0
1238576047 0
-2143882114 0
1837736657 0
1561443710 0
2057276333 0
-2006729143 0
1603964546 0
1196496749 0
-1636544721 0
-1447227407 0
1582547269 0
-2128771204 0
976821544 0
2106112123 0
1140095849 0
-1866288329 0
-1923990990 0
2092478649 0
795360917 0
1776770908 0
2116456510 0
803746034 0
-1749015133 0
1874956315 0
339681024 0
2014908195 0
1409045569 0
1553704528 0
2052796687 0
1057692674 0
-1956181651 0
1276520307 0
-2107141719 0
724273537 0
839748693 0
1595959396 0
1924236239 0
940468362 0
1828557548 0
1308993320 0
1829155196 0
-1822642747 0
2139175974 0
764906698 0
-1914151590 0
1044658335 0
-1810528737 0
-2056783277 0
995678932 0
753890763 0
761356274 0
-1620825111 0
1186099478 0
1666306550 0
-1950077520 0
1115596532 0
1646647414 0
-2140119630 0
1179964070 0
1033514699 0
1944802191 0
1409424979 0
1633533517 0
754762637 0
1077968755 0
-1834346150 0
1211414599 0
-1479780485 0
1945091021 0
1261156497 0
1759632642 0
-2059133376 0
327470783 0
-2094521043 0
1518938705 0
-1423003420 0
931466388 0
1828831921 0
-2114608789 0
1295921436 0
1495012282 0
-1653278371 0
-1960320511 0
-1678149514 0
1880920615 0
-1599751152 0
1955627997 0
1481670617 0
1947347524 0
-1934412504 0
1825784136 0
615801631 0
2022621651 0
1598020553 0
-1914894036 0
1973383770 0
-2009454631 0
791901299 0
1278430969 0
1065848589 0
1912903346 0
1318279613 0
2000336148 0
1820866807 0
2075657359 0
1790421381 0
2018251487 0
-1685460619 0
1227045275 0
927321268 0
-1791841844 0
211261998 0
1540603070 0
2095819070 0
1633195878 0
-1969382302 0
1944996581 0
505377027 0
-1886414484 0
1319603120 0
1989810936 0
2128831477 0
1126326572 0
567100458 0
511302736 0
1358270186 0
1992392834 0
-2134861647 0
1209957980 0
2125931726 0
770290413 0
2106535714 0
-1959484873 0
1792082966 0
2038224130 0
-1764981841 0
326252202 0
-1941460630 0
-1596751912 0
-1634159921 0
1076991202 0
-2043658455 0
2025962935 0
583485914 0
1884819090 0
1670089044 0
-1799504138 0
-1946496050 0
1736779795 0
-2038335268 0
1104484065 0
1031362639 0
-1918046283 0
1643398104 0
665520560 0
1182123754 0
-1797268543 0
-2033816481 0
971298768 0
1953639451 0
1928977414 0
-1533899576 0
949176458 0
875686497 0
1723218992 0
-2037461885 0
1047075929 0
-1743028435 0
1838361130 0
1053115103 0
-1906369704 0
-1443443274 0
1617689249 0
-1877569313 0
1948604211 0
1612651278 0
1097511767 0
809568520 0
1892046526 0
1035428893 0
930959266 0
1304909360 0
-2064457629 0
607673053 0
1562574434 0
1296381677 0
1757007813 0
1431817265 0
960438274 0
1471849043 0
1094470470 0
-1572150435 0
1434109362 0
2039785421 0
1584434835 0
1586864786 0
1273747118 0
-1847513508 0
1260492893 0
2058185569 0
-1772874538 0
-1598682552 0
2111938224 0
1992357012 0
-1684305507 0
737708935 0
1685593643 0
1205311856 0
1184423589 0
1459986448 0
1214326903 0
2015783808 0
742298212 0
876204608 0
430703250 0
1030938518 0
570513132 0
739385470 0
1858212121 0
1438957311 0
1931228302 0
1972262619 0
-1953826905 0
1492988121 0
1982371301 0
1519743577 0
-1786737862 0
-1798556524 0
1594567829 0
2126462826 0
396578607 0
784431853 0
-1851545072 0
1646308732 0
1252856155 0
1389968694 0
-1830475010 0
-2059865732 0
-1993268268 0
1450017748 0
690354251 0
1905513265 0
2033367584 0
1307743251 0
-2072144436 0
-2142004337 0
-2078295771 0
1771358290 0
1743360234 0
-1411764078 0
1248972876 0
913451887 0
2109179775 0
1778654206 0
-1915674295 0
2117312120 0
1860404465 0
2105892436 0
2034318651 0
398390008 0
1961651843 0
979825404 0
1144387579 0
506997257 0
-1935738005 0
1730886572 0
1958807655 0
1792302381 0
1715796305 0
1929087998 0
960464899 0
1731869489 0
1735871783 0
2052204007 0
1347425094 0
-1759764051 0
2001574377 0
1076538243 0
1910717106 0
-1613039925 0
-1841626854 0
1716456347 0
1738205055 0
-1998044269 0
1960253567 0
1837421245 0
1308263410 0
958060922 0
-1879105891 0
1543663065 0
654943231 0
-1563072040 0
1700816770 0
1117412192 0
-1828472029 0
1500143655 0
-2117341798 0
1464908964 0
1811143718 0
2036929564 0
906915120 0
1341354572 0
-2067711067 0
2106974506 0
-1629758517 0
-1898421144 0
959006709 0
-2108853785 0
1413392839 0
553220194 0
1616467621 0
1278284752 0
1811493163 0
-2007781741 0
-1976464745 0
1663877592 0
1517139934 0
992175183 0
1481676292 0
1264144813 0
1084578936 0
801975147 0
805756831 0
-1851014060 0
1290377672 0
1904923164 0
-2015428635 0
639413252 0
-1956245363 0
223327501 0
-2132854904 0
-1714323709 0
-1914124056 0
1020649528 0
1837561986 0
1348678693 0
1139701804 0
1064398329 0
-2014365208 0
-1625660657 0
1767152050 0
1240017250 0
1806106585 0
1965722221 0
1820968609 0
2028905386 0
1853926226 0
1854099030 0
2005154927 0
1664782704 0
635133458 0
-2124622379 0
1270163042 0
1288229118 0
1701374182 0
914110316 0
1603292459 0
1164434293 0
546418674 0
1117695687 0
-1790513898 0
1507437087 0
1904995630 0
-1871588590 0
1921155504 0
960484131 0
1704050903 0
981370054 0
-1653495134 0
-1934916248 0
2028928306 0
1747518648 0
694637663 0
1855468330 0
-1999755176 0
1695306085 0
1550797144 0
1607290846 0
1750591820 0
227060747 0
-2146616510 0
1109278537 0
437190454 0
2145543979 0
1476201673 0
1579799363 0
-1992592981 0
1656963339 0
-1796354519 0
1510922407 0
768971220 0
-1535512849 0
710402752 0
1997275433 0
1672922565 0
1983276839 0
785730042 0
1479607408 0
-1620484502 0
1447207670 0
1773637869 0
462454735 0
-2058479111 0
1169173240 0
1179167925 0
1067452702 0
1303271366 0
1306807047 0
807183046 0
1409039095 0
-1777374870 0
1390240448 0
2017935089 0
1045588150 0
2016582254 0
1747805796 0
873583476 0
1125123290 0
866678996 0
1648058786 0
1238690156 0
-1639203934 0
1670204986 0
-1618739350 0
-1910028004 0
1380737097 0
641474979 0
981378500 0
992742666 0
1311304455 0
1730792596 0
499737735 0
1803415835 0
-2124991772 0
1175821428 0
2110006384 0
1697083582 0
613663893 0
-1754332196 0
1716356534 0
1491694606 0
1972874951 0
-1634722185 0
-1668194468 0
1602044129 0
-1825339230 0
1014946448 0
-2080578819 0
1326773948 0
1807891935 0
1218039105 0
1229007934 0
1668801459 0
-2073374338 0
1571586740 0
-1920000220 0
1969751468 0
216029696 0
1539970062 0
2063289501 0
-2126225561 0
-1582437129 0
1427707135 0
740036022 0
1881459099 0
1239190893 0
669101738 0
-2115389504 0
803842032 0
-2030399236 0
176922282 0
-2140330637 0
-2030437546 0
-2112957206 0
1360548379 0
487832109 0
1278304954 0
-1828528338 0
-1728039259 0
1986019992 0
2056485189 0
1084960457 0
1840663177 0
1083788598 0
981427289 0
592190735 0
752466061 0
-2038364570 0
2067170795 0
635222074 0
-1873016743 0
848041591 0
1682354165 0
788384563 0
-1621734711 0
-1656280180 0
1604183567 0
1476183068 0
1122947793 0
851742202 0
-2046882817 0
415441899 0
1438679850 0
1413351557 0
2113195584 0
-2074027621 0
2026323195 0
1872108997 0
2018139254 0
863905384 0
-2099578046 0
845177067 0
764649878 0
1841128288 0
1542117192 0
1007939535 0
1577872857 0
1395229652 0
831332577 0
825271843 0
1728829464 0
2117695850 0
869805079 0
1325218063 0
-1722367304 0
-1798817540 0
1747541075 0
2029372515 0
468232395 0
1667718269 0
1523746281 0
1289864446 0
-2006346566 0
1466494371 0
621911418 0
-1920893148 0
-2067897919 0
-1633637626 0
2045151629 0
1454395176 0
-1908039500 0
558184769 0
1152184155 0
194238003 0
1670976840 0
1778829619 0
1000989207 0
1624685937 0
1961033946 0
983931878 0
871127896 0
1501316203 0
1871119604 0
-1648463725 0
1484154254 0
407557986 0
387549193 0
-1840022100 0
1129915783 0
2010822779 0
1307884744 0
340045464 0
1759423575 0
357902901 0
-2094920723 0
1128658614 0
1719117541 0
2045294266 0
803569869 0
-2120602275 0
1963186517 0
1856000364 0
1642200517 0
-2135509144 0
1813421410 0
-1922204618 0
1750530246 0
2118739814 0
1360284146 0
1431929467 0
1016349047 0
696632126 0
1824903948 0
1987708272 0
1022181476 0
2093370750 0
-1711605136 0
1827776771 0
-2085259165 0
525899441 0
1233278582 0
1905636877 0
1947296667 0
1422975850 0
1778247834 0
796231346 0
2023694102 0
1848762222 0
2008539390 0
1613704851 0
-2143486521 0
1379581323 0
711829603 0
1344555334 0
1431786687 0
-1947838051 0
-1632858069 0
1383610971 0
1096208310 0
1590680535 0
1216134628 0
796186866 0
1951386076 0
1972804498 0
1594384692 0
1236990993 0
1409978274 0
1999491572 0
1457656670 0
1266225700 0
538718892 0
1886967530 0
1442172938 0
1798611941 0
1774697315 0
1395142657 0
1696119816 0
1218654874 0
-2116774893 0
1733319791 0
2128652103 0
1012997553 0
1002724943 0
2002470216 0
1785395095 0
2117872283 0
1897848823 0
2075516842 0
-2110539762 0
1727657630 0
-2101572104 0
1423279470 0
488222827 0
1297548380 0
-2059029127 0
1706261865 0
1711874502 0
-2033003747 0
2075085662 0
-2100941036 0
1941215064 0
-1517295679 0
1872962865 0
1123886733 0
-1620170538 0
911889242 0
785833402 0
1274104439 0
-1791246900 0
2047148738 0
-2140965441 0
1804912991 0
-1817051625 0
1151046702 0
1874767488 0
1918587594 0
-2020361368 0
1658950352 0
-1564553645 0
2006233933 0
2100733372 0
-1615886686 0
1719408850 0
2084189248 0
312909992 0
-1594329679 0
662023183 0
-1767850316 0
2136050412 0
-1629075905 0
2131343353 0
1074609418 0
1761956532 0
1880170998 0
1807025678 0
2143102161 0
-1698749155 0
1255781356 0
-2124180265 0
-1824553884 0
1119127195 0
2142926857 0
1421284058 0
-1481364063 0
1343975167 0
1873159677 0
1369949566 0
2115084177 0
-1374709543 0
-1399534306 0
-2142173009 0
772060580 0
1641884548 0
1848107387 0
1500516868 0
1127955329 0
-1468186980 0
-2101880526 0
906545217 0
1197471658 0
440746613 0
1964641622 0
2065970647 0
-1940129345 0
1640831047 0
933441838 0
1598231926 0
2046384664 0
2025003293 0
-1741349661 0
-2068332766 0
1236553256 0
2097766748 0
1659172138 0
1654126785 0
135748751 0
1697497911 0
-2142633506 0
1951501043 0
1088252846 0
1635515810 0
-2088688679 0
-2013826420 0
1974397428 0
1529016254 0
1833913095 0
1648720484 0
1885475143 0
514193857 0
-1932791588 0
1702536870 0
1965444252 0
1652373438 0
1977085000 0
-1785409480 0
1808706574 0
231303299 0
2014165204 0
-2112933998 0
1791603889 0
1871832510 0
2005417393 0
1693262071 0
743109917 0
-1986673365 0
2089084030 0
1036253482 0
-2074584717 0
1086649168 0
1942011198 0
1690014765 0
-1772563033 0
1710595537 0
1840491789 0
1158594017 0
1514406890 0
1385475619 0
1832778016 0
559570012 0
1382394992 0
1933427846 0
1227787767 0
-1770738565 0
-1797011477 0
1564089420 0
1835798745 0
2121396705 0
466739317 0
1908620899 0
1975473590 0
1969536039 0
1986413684 0
1551228152 0
1384987101 0
2070051261 0
2145335572 0
1832812623 0
1817864768 0
840941837 0
1409079029 0
552816130 0
364698698 0
1572234622 0
896950631 0
-2067136524 0
-1637633637 0
1927190930 0
1371674265 0
1652793280 0
1172357385 0
-1718664116 0
1011096101 0
868252561 0
1890262882 0
1503446423 0
-2118616098 0
-1779839673 0
1188774169 0
1583679077 0
1994937380 0
797325353 0
1246585956 0
454568036 0
1884106323 0
-1846530829 0
1884698676 0
1689907192 0
1395341842 0
1599511886 0
782991297 0
831030281 0
1525002242 0
444582496 0
1652163781 0
752492960 0
1709377404 0
1699104034 0
1549121472 0
2108427882 0
1402981601 0
1400110686 0
641033341 0
1009742405 0
-1907854388 0
1861160820 0
1400312640 0
-2073823881 0
1218740122 0
1966843593 0
1331425197 0
1150750231 0
1994383134 0
-1973756655 0
2114377073 0
1252013023 0
515890219 0
1528382842 0
1992886538 0
-1663834740 0
1714017866 0
2102851158 0
2020932269 0
1709572758 0
1400920253 0
-2038594829 0
1360370564 0
2107503382 0
-1725217127 0
-1593281029 0
1820112364 0
-1937487239 0
851718081 0
1257087190 0
2109608306 0
1026572710 0
1452315475 0
1863192988 0
1649435098 0
-2042452982 0
1676769320 0
-1595926126 0
273612559 0
-1488620568 0
1806867133 0
1502604031 0
1726271854 0
2127485303 0
1642884687 0
1523713351 0
207833197 0
2142586811 0
938496895 0
-2135899726 0
1137631626 0
1986652659 0
-1749054765 0
1651283247 0
1745531669 0
-1816453306 0
1711488587 0
-2136513221 0
1866077271 0
-1959601651 0
184084543 0
559831282 0
1419487963 0
1566027853 0
634688812 0
1993720424 0
-2099569139 0
1552643717 0
1540303561 0
2114993800 0
1905495983 0
1004083879 0
1689252717 0
2101020343 0
2071095543 0
1567963007 0
-1519362809 0
1480737378 0
673935009 0
-1384274794 0
1864310482 0
1420165814 0
98686561 0
1860179162 0
1448775114 0
1011951319 0
-2042499918 0
-1918834386 0
1380584526 0
1407351622 0
907541699 0
2014589955 0
605395410 0
1798065541 0
1371049645 0
-1790688412 0
1684136017 0
696046862 0
2074757688 0
1797443044 0
1266711553 0
2019269244 0
1329338180 0
1626938008 0
938957907 0
1727653190 0
1913200472 0
1503435701 0
2120252924 0
1809910358 0
945800144 0
1755384234 0
2014526604 0
1099883818 0
1047239577 0
1706489741 0
1772517285 0
1846036617 0
701232633 0
1424981238 0
1315478691 0
-1768364251 0
628263527 0
1818478737 0
-1707695502 0
2032460081 0
947371220 0
610592911 0
1989770612 0
2122498357 0
-2093394552 0
1223788932 0
308432117 0
1651766702 0
1246810458 0
88085003 0
1958716073 0
814952775 0
-1808333207 0
1835439124 0
1841908305 0
1185042855 0
1337116295 0
2069428495 0
1459556982 0
1789083198 0
1096546325 0
-2129402828 0
-1871302730 0
1984852104 0
-2135775875 0
1732468982 0
1828813299 0
1707541355 0
-1493062205 0
995860310 0
-1623052180 0
1936026919 0
1726150256 0
2120479959 0
1305702209 0
159851079 0
1769622460 0
-2055600136 0
1778557195 0
2017261945 0
-2099479117 0
1564620385 0
895642741 0
-2060376776 0
-1613252300 0
-1827763929 0
-1992252514 0
1041732892 0
1902364822 0
1556531783 0
1136100915 0
2133600044 0
-1701754815 0
-1502111710 0
1282696726 0
443596004 0
1148428629 0
1176576980 0
1613179099 0
1230391748 0
1234316154 0
1117127850 0
1692080426 0
-2067607028 0
1644739950 0
254638184 0
1540036857 0
459200166 0
1590858959 0
668837289 0
2126872493 0
744740203 0
681947539 0
1123831765 0
-2038745623 0
-1637375888 0
608290485 0
1491819244 0
1417291251 0
1360771836 0
900200850 0
380038927 0
-2010637595 0
1123616327 0
1896750511 0
-2034341282 0
1696147471 0
1475929555 0
1863534371 0
1719505771 0
-2013601686 0
-2004869934 0
1326560531 0
1773719649 0
1165781199 0
1231453949 0
1381092259 0
-2039804318 0
-2030901465 0
-1903511911 0
-2117188027 0
414168488 0
1789633611 0
-1686567413 0
1360363268 0
1398076086 0
2045897640 0
976361925 0
-2055765447 0
707059920 0
1420235930 0
1462316400 0
1550232268 0
931484013 0
1879671507 0
1945219296 0
100309665 0
-1821290655 0
1586796381 0
1889056117 0
-1602014936 0
1920501705 0
-2117958989 0
-2127168158 0
1544444561 0
1883418563 0
1834179163 0
-2134895639 0
-1951482582 0
1984551414 0
1726628210 0
1137403216 0
2064565291 0
1476770227 0
2120208305 0
1844605458 0
845151528 0
2064769642 0
-1937095419 0
1646087343 0
1715197704 0
1648534649 0
1353155643 0
1548773826 0
906702101 0
2119551468 0
1613249908 0
1733696279 0
2101634958 0
1482588237 0
1575987391 0
1557642337 0
1568938126 0
-2061466025 0
-1584694609 0
1544128348 0
1838722140 0
938903544 0
1824496603 0
1101814805 0
1294278938 0
1766325817 0
2072808960 0
1707900939 0
-1850896090 0
2069340526 0
1393013164 0
898867776 0
1424830425 0
558118297 0
1274721736 0
1373080957 0
-1576699929 0
1837378834 0
1077267645 0
-1826914473 0
-1904250928 0
2136527592 0
1749802651 0
-1808943157 0
1908359299 0
1894367696 0
1110797475 0
1651147303 0
1757564736 0
1184152175 0
1023091485 0
1890502197 0
-1977413357 0
-1893384162 0
940603171 0
-2076234495 0
654765891 0
-2132110170 0
455091583 0
-1863114313 0
2002816602 0
1227680924 0
-1923322204 0
1245786013 0
1692783585 0
-1955945671 0
892170631 0
1246884194 0
2137514365 0
-2086507475 0
-1794360698 0
1071265380 0
1578120446 0
-1856089422 0
2015320209 0
-1968365335 0
-1725607918 0
-1942879195 0
1235057719 0
1450272010 0
378336932 0
1040327015 0
-1577044833 0
1523270522 0
894900725 0
2006233896 0
1233143682 0
438258553 0
-1634328494 0
672194549 0
1821983628 0
2056529729 0
-1605426339 0
422756721 0
-1966110716 0
1532778594 0
1393851301 0
1217163264 0
1727831689 0
1980921219 0
1145255689 0
607584644 0
878545381 0
777871904 0
636720474 0
418629410 0
1082552705 0
1467498296 0
-1826814199 0
1946134181 0
1039360195 0
1198998485 0
2125478778 0
2053529237 0
1348461447 0
-2142588182 0
-1993786282 0
1862669013 0
-1917202151 0
1820740898 0
974025211 0
896741091 0
1972859218 0
1435295968 0
1527418070 0
-2037648025 0
1453177223 0
2083008282 0
50278061 0
1569289407 0
1765666431 0
1592475697 0
1212341876 0
1361495104 0
-1953303820 0
2137616393 0
1910674896 0
1405453144 0
1995660842 0
1276591641 0
1156209175 0
693822311 0
1862197705 0
1205516678 0
-2075927206 0
-1952122742 0
1816202195 0
1202232760 0
1650273591 0
-2135706367 0
1673923327 0
1503217192 0
1806405223 0
1435431935 0
948315092 0
1297977397 0
1458903221 0
-1932320685 0
-1963166256 0
1465370942 0
2080004938 0
-1878034628 0
1409511353 0
-2096321901 0
-1687893748 0
1885494085 0
-1743806285 0
689712236 0
-1851164357 0
562697278 0
1771069894 0
1239124285 0
2137872525 0
-1805005541 0
501621091 0
1999058462 0
-1543178473 0
1955704434 0
796849024 0
842997539 0
1304875448 0
-1822358989 0
-1631002406 0
1979374183 0
1200792984 0
296333953 0
482800253 0
-1692941930 0
1391884275 0
1952999993 0
723811199 0
1138353588 0
-1993593877 0
1229861761 0
1524319079 0
-1828491454 0
1293792426 0
1127519653 0
922091008 0
2091760424 0
1735753430 0
1033832690 0
2025731075 0
1666923358 0
1902976970 0
1423445343 0
1486413317 0
-1877658145 0
865803367 0
-1907232298 0
-1877556250 0
1889821772 0
1229290187 0
1049405678 0
1695808563 0
-2014379027 0
1847374363 0
1633794631 0
419525890 0
1764627889 0
-1821522059 0
1958885940 0
2115411974 0
1968656024 0
-1973125891 0
1828086718 0
527931718 0
1127501005 0
1415088921 0
-1961339571 0
546638624 0
-1586933997 0
1248568646 0
-2085405282 0
1755693862 0
1747365730 0
2105772381 0
1755563215 0
873883862 0
-1422987311 0
1069567648 0
2147159934 0
1581758072 0
1970190320 0
367871384 0
-2136240510 0
768745189 0
1808620375 0
768288520 0
2109579353 0
2051786378 0
2135857101 0
-1903874543 0
-2071335848 0
470244652 0
1030380882 0
-2011238535 0
689219935 0
1843096900 0
1423915288 0
-1767314409 0
1895907575 0
-1979302988 0
1813976267 0
1014362285 0
1197403496 0
1118900602 0
1853901901 0
786237384 0
700159932 0
1905923778 0
998192798 0
443787370 0
-1896710442 0
615971449 0
1719524213 0
130573505 0
1891040002 0
1092750614 0
1188206402 0
-1912029043 0
897588188 0
-2047254949 0
1956118705 0
-1851048729 0
-1991712831 0
952203698 0
1280169795 0
1279394618 0
1318970869 0
-1520604877 0
1539543660 0
1383144824 0
-1703783477 0
1832972186 0
1909786381 0
1749490507 0
1868224959 0
-1524226556 0
1666466022 0
-1921826049 0
1531183230 0
1923383035 0
760292407 0
1431822567 0
928753982 0
1513525650 0
1421603657 0
-2097796029 0
-1663876047 0
1045948305 0
1773696497 0
1634902215 0
649043501 0
1993296249 0
-1966375009 0
1891563908 0
-1540045262 0
2074850200 0
1861425722 0
612177994 0
-1921645196 0
1783524877 0
518001989 0
641373870 0
-1925475745 0
1030525134 0
1981137214 0
1877990456 0
942497055 0
1178193446 0
1877219743 0
1358490067 0
1711225511 0
-2069075859 0
887782235 0
2076208385 0
816633913 0
-1780996989 0
1418962411 0
465796797 0
1472870737 0
1532917919 0
-2142398576 0
-2108030863 0
1038128327 0
1802457869 0
1734000021 0
1631437381 0
-2073043006 0
1905631859 0
1988377017 0
1824698624 0
1568883923 0
-2129286643 0
-2128081269 0
1113424450 0
1422843914 0
737561478 0
607912407 0
-2145517242 0
1839204607 0
2008280341 0
1171013122 0
1147563187 0
656625845 0
662458878 0
1962602377 0
1723049975 0
1969436137 0
1695867398 0
1602034798 0
-2084992974 0
2083952545 0
1132194172 0
1795732837 0
1586219310 0
-2083875247 0
-1920250217 0
-1804386865 0
2091258318 0
-1974782929 0
1809503017 0
-2091801485 0
1958103474 0
1802974937 0
1906643031 0
1802095860 0
1881426377 0
104934098 0
1694468841 0
924721894 0
2119433181 0
1924092493 0
1764689682 0
-1627572686 0
2136303508 0
1441745329 0
1178673546 0
1370041492 0
1630947613 0
1637486934 0
1909249538 0
1635041977 0
1942542225 0
1320834883 0
1203640950 0
1039011586 0
-1927765804 0
1755867604 0
1254907006 0
1790283940 0
986948504 0
-2028537577 0
1924749989 0
-2031654032 0
615850343 0
1898136090 0
1013757701 0
1584439064 0
-1911131833 0
2131270224 0
-1704419348 0
314466872 0
1910347408 0
1811064511 0
895059491 0
291375643 0
1889418565 0
1544744852 0
2056779700 0
666378552 0
-1922324510 0
2012518455 0
1136506494 0
1998028412 0
1437158245 0
1732420430 0
1290345572 0
1033025243 0
1344906854 0
2146196622 0
2039881506 0
-2029279107 0
1466330139 0
1907269841 0
-2027263312 0
1994973021 0
-2082628346 0
-2047336165 0
479563318 0
-1961823326 0
1787898257 0
1196494085 0
2118985599 0
1769558325 0
2049483502 0
2125931617 0
1822707101 0
496939794 0
-1972067027 0
-1927939443 0
1455236950 0
2095210322 0
-1876770992 0
1247411453 0
2097335793 0
1127820885 0
-1949163072 0
1998249259 0
2131320319 0
-2015721766 0
980749426 0
1571689488 0
1395396947 0
1852931842 0
1562874921 0
1657894737 0
326644116 0
-2004900251 0
1107639166 0
625146899 0
1181818774 0
-1544751024 0
-1441996870 0
1790159306 0
482592896 0
1952627853 0
2100012949 0
1934964013 0
1213370113 0
1721696510 0
1998003903 0
-1770083314 0
1496721673 0
-1694366445 0
406410037 0
674339103 0
2037309050 0
1738440214 0
2097540217 0
1247210890 0
1846006350 0
-1780989174 0
1894539324 0
902059121 0
2028092124 0
2136867346 0
442237003 0
-2090136388 0
1781634967 0
1828333959 0
2112667634 0
951599675 0
-2125720733 0
2097341632 0
-2116361314 0
2075384387 0
1682260200 0
1762662940 0
1150409358 0
2071384012 0
-1829294161 0
1913120464 0
1530841190 0
1674973024 0
1663027202 0
1257532806 0
915892481 0
1033889296 0
-2031099156 0
1828320985 0
-1565868095 0
1965694894 0
1829690019 0
-1992875736 0
1300459556 0
1355002996 0
1864859049 0
-2109491691 0
1428069369 0
1628528138 0
-1747218100 0
1001658133 0
1579147283 0
1151717566 0
1055144614 0
1248558713 0
521257096 0
2058244134 0
905748499 0
-1923844343 0
759832409 0
501365079 0
1248830680 0
1351728953 0
-1607863027 0
1529715320 0
-2136461735 0
1720896639 0
-1981398120 0
1379784176 0
2076386619 0
641727572 0
1917117930 0
-2019974243 0
1187739985 0
-1480610939 0
1957081490 0
2007200529 0
2019957482 0
1107296953 0
1244766021 0
-1887136327 0
-2116610470 0
1942739892 0
-2030932845 0
2006467713 0
1535083103 0
1725221833 0
2126190645 0
1664826627 0
1984503776 0
1281746768 0
978065830 0
1646834119 0
1003551092 0
1572788815 0
1532155393 0
1595508611 0
909963960 0
-1854800371 0
433787193 0
1701746338 0
2063631075 0
893064575 0
1421486744 0
1095358946 0
1148377932 0
-1798807723 0
2035848956 0
1125290802 0
586574700 0
1899781671 0
-1805704184 0
-1986847809 0
1353966360 0
482011905 0
-2042273323 0
-2117943984 0
1010101460 0
1577009917 0
929765270 0
1923036069 0
1596603097 0
1272371665 0
-2116079265 0
-1980332260 0
1258812191 0
940594442 0
1384586400 0
-1901685308 0
2029088951 0
1718103908 0
779296023 0
1876229491 0
1884926033 0
662875043 0
1419366402 0
-2140387936 0
1150209633 0
1410022902 0
141243387 0
1762399663 0
1375999975 0
1711776271 0
1724307884 0
2098546635 0
1028992016 0
1822720402 0
1326275856 0
1780087857 0
1176121702 0
-1990580261 0
1282833602 0
213478460 0
1828865249 0
1182593212 0
1831773641 0
1434059935 0
2029436507 0
2091050791 0
1694186268 0
1514681897 0
1307735289 0
2139751127 0
-2143188108 0
2104568126 0
1637812859 0
1743378859 0
870733685 0
1756193982 0
-1974848127 0
2021525279 0
1875903223 0
708416479 0
1310108955 0
-1583544081 0
1241644931 0
-2127925108 0
1613262861 0
-2055365005 0
727439575 0
-1930457360 0
1508648418 0
1041466719 0
1471616528 0
-1911775892 0
1698284521 0
1520429355 0
-1518128840 0
1998569182 0
1638998193 0
1847398257 0
1762740232 0
479371844 0
2106622764 0
1796425224 0
1738444397 0
1362991157 0
-2007449783 0
1022986487 0
2031039729 0
1585100840 0
1489061213 0
-1919558410 0
1249118763 0
911491026 0
871982770 0
-2136936832 0
-2077180971 0
1487987985 0
2091276648 0
2110929662 0
-1584961837 0
1086954696 0
-1964739027 0
-1976060977 0
1648351317 0
-2095006353 0
-1761210869 0
2078005357 0
2094460887 0
-1967858864 0
1253733929 0
-1945011475 0
1391809717 0
891916088 0
2136751634 0
1239855528 0
1009962896 0
1874280028 0
1357425968 0
1662831944 0
1874236724 0
-1641355289 0
107706847 0
-1767264542 0
2056727259 0
2135693505 0
578128826 0
909313176 0
2114925807 0
1927961186 0
1994373196 0
-1927353602 0
-1519204806 0
977918003 0
1065791143 0
1948983980 0
572423067 0
1282645852 0
1597707202 0
1380172906 0
999749889 0
1241136689 0
1285311779 0
1015282032 0
1996072295 0
1812433921 0
2061776967 0
1226394064 0
1557829885 0
1384178923 0
-2047647232 0
1644086372 0
1887096320 0
-1802628248 0
219674178 0
1804840403 0
776405989 0
707880703 0
