0 0
0 0
0 0
0 0
0 0
0 0
0 0
0 0
0 0
0 0
0 0
0 0
0 0
0 0
0 0
0 0
0 0
0 0
0 0
0 0
0 0
0 0
21403781 0
1445823497 0
0 0
0 0
0 0
0 0
0 0
0 0
0 0
-1622365580 0
0 0
0 0
0 0
0 0
0 0
0 0
0 0
0 0
0 0
0 0
0 0
0 0
0 0
0 0
0 0
0 0
1611562739 0
-103051306 0
0 0
0 0
0 0
0 0
0 0
0 0
0 0
589574979 0
476996047 0
0 0
0 0
0 0
0 0
0 0
-1621339474 0
0 0
0 0
0 0
0 0
0 0
0 0
0 0
0 0
0 0
0 0
0 0
0 0
0 0
0 0
0 0
0 0
0 0
0 0
0 0
0 0
0 0
0 0
0 0
0 0
0 0
0 0
0 0
0 0
0 0
0 0
0 0
-1236418942 0
0 0
0 0
0 0
0 0
0 0
0 0
0 0
0 0
0 0
0 0
0 0
0 0
0 0
0 0
0 0
0 0
0 0
0 0
0 0
295074359 0
0 0
0 0
0 0
0 0
0 0
0 0
0 0
0 0
0 0
-1098674621 0
0 0
0 0
0 0
0 0
0 0
0 0
0 0
0 0
1740930637 0
0 0
0 0
0 0
0 0
0 0
0 0
0 0
0 0
0 0
0 0
0 0
0 0
0 0
232456613 0
0 0
0 0
-342375154 0
0 0
0 0
0 0
0 0
-1591560337 0
0 0
0 0
0 0
0 0
0 0
0 0
-1984063313 0
0 0
0 0
0 0
0 0
-2097741034 0
-1185234634 0
0 0
0 0
0 0
834730443 0
0 0
0 0
0 0
0 0
0 0
0 0
259325632 0
0 0
0 0
0 0
0 0
0 0
0 0
0 0
0 0
0 0
-492224051 0
0 0
0 0
0 0
0 0
0 0
201638958 0
0 0
0 0
0 0
2213146492 0
0 0
0 0
0 0
0 0
0 0
0 0
0 0
0 0
0 0
0 0
0 0
0 0
0 0
0 0
0 0
0 0
0 0
0 0
0 0
0 0
0 0
0 0
0 0
-1066916282 0
-1617097830 0
0 0
0 0
0 0
960792626 0
0 0
0 0
0 0
0 0
0 0
0 0
0 0
0 0
0 0
-213495390 0
711138440 0
0 0
0 0
363657895 0
0 0
-1083369849 0
-2337599336 0
0 0
0 0
0 0
0 0
1874301140 0
0 0
219697328 0
0 0
0 0
0 0
0 0
0 0
0 0
0 0
0 0
0 0
0 0
-774088656 0
0 0
0 0
0 0
0 0
0 0
1998492536 0
0 0
0 0
0 0
0 0
0 0
0 0
0 0
0 0
0 0
0 0
0 0
0 0
0 0
0 0
0 0
0 0
0 0
0 0
0 0
0 0
1914161343 0
0 0
0 0
0 0
0 0
0 0
0 0
-32096893 0
-803284054 0
0 0
0 0
0 0
0 0
-2142392279 0
0 0
0 0
139249047 0
0 0
406254998 0
0 0
0 0
783619285 0
-137365026 0
224137355 0
-970127811 0
0 0
0 0
0 0
0 0
224727065 0
0 0
0 0
0 0
0 0
0 0
0 0
0 0
0 0
0 0
0 0
0 0
0 0
0 0
0 0
0 0
0 0
0 0
0 0
0 0
0 0
101440954 0
0 0
-1556225008 0
-193028496 0
-1694039307 0
0 0
0 0
0 0
0 0
0 0
0 0
0 0
21377585 0
0 0
0 0
0 0
0 0
0 0
-596689929 0
0 0
0 0
-802927840 0
0 0
0 0
2277634748 0
874140865 0
-913751150 0
0 0
0 0
-385171088 0
0 0
0 0
0 0
0 0
-1851194594 0
0 0
0 0
1055606186 0
0 0
0 0
0 0
0 0
0 0
0 0
1555083784 0
0 0
0 0
0 0
0 0
0 0
0 0
0 0
0 0
0 0
0 0
2192206228 0
0 0
-1655218013 0
0 0
0 0
0 0
-41636551 0
-462540569 0
137080983 0
-796354451 0
-741921385 0
953069984 0
0 0
-1133917986 0
0 0
0 0
0 0
0 0
0 0
1333398211 0
0 0
0 0
2295135382 0
0 0
0 0
1055508535 0
0 0
0 0
-1716912579 0
-1801783020 0
0 0
0 0
0 0
-1112576685 0
472238326 0
0 0
0 0
0 0
0 0
0 0
0 0
0 0
0 0
0 0
0 0
1286452120 0
0 0
0 0
0 0
0 0
0 0
0 0
0 0
538094846 0
0 0
238686469 0
116240304 0
161741623 0
0 0
0 0
0 0
0 0
0 0
0 0
1140798146 0
0 0
0 0
0 0
0 0
0 0
0 0
1295517724 0
0 0
0 0
0 0
0 0
0 0
0 0
0 0
0 0
0 0
0 0
0 0
2198234154 0
791869241 0
0 0
0 0
0 0
0 0
0 0
0 0
0 0
0 0
0 0
0 0
0 0
0 0
0 0
0 0
0 0
0 0
0 0
0 0
-162256682 0
0 0
0 0
0 0
0 0
0 0
0 0
1747595575 0
0 0
0 0
1259310414 0
394528253 0
946619437 0
-1113262893 0
0 0
0 0
0 0
0 0
0 0
0 0
0 0
0 0
0 0
0 0
-1280360689 0
0 0
1501227688 0
0 0
0 0
0 0
0 0
0 0
0 0
0 0
0 0
0 0
0 0
0 0
0 0
0 0
-2174604965 0
0 0
0 0
890773414 0
1838698500 0
0 0
-1225205692 0
0 0
0 0
747760098 0
1310774418 0
0 0
0 0
0 0
0 0
0 0
-73811990 0
0 0
0 0
0 0
0 0
0 0
0 0
0 0
0 0
0 0
0 0
0 0
2082882230 0
0 0
0 0
0 0
807406797 0
198947351 0
0 0
0 0
0 0
0 0
0 0
0 0
2009312755 0
792687147 0
0 0
0 0
0 0
0 0
0 0
0 0
0 0
0 0
0 0
0 0
0 0
0 0
1647662504 0
0 0
-1242312003 0
-1462686835 0
-1873218160 0
0 0
0 0
0 0
0 0
0 0
1224542847 0
0 0
0 0
0 0
278470116 0
527405120 0
2061469793 0
1788154745 0
0 0
0 0
0 0
0 0
0 0
484790997 0
297456910 0
-183514581 0
253644344 0
0 0
-203459599 0
0 0
0 0
0 0
0 0
0 0
0 0
0 0
0 0
0 0
0 0
0 0
0 0
18473643 0
0 0
1409077328 0
0 0
0 0
0 0
0 0
0 0
0 0
0 0
0 0
0 0
0 0
0 0
-162259646 0
0 0
0 0
0 0
0 0
-531905417 0
0 0
-1164054879 0
-744770620 0
0 0
0 0
0 0
0 0
0 0
0 0
0 0
0 0
103442454 0
-66902075 0
0 0
0 0
0 0
0 0
-1404679758 0
0 0
1223488528 0
0 0
532663649 0
85237314 0
0 0
0 0
-5254351 0
0 0
-135139907 0
1894248540 0
0 0
0 0
0 0
0 0
1400605384 0
0 0
1138983787 0
0 0
0 0
0 0
0 0
0 0
0 0
0 0
0 0
0 0
0 0
0 0
0 0
-338076676 0
0 0
-1428888867 0
0 0
0 0
-1705177236 0
-429825351 0
-709090944 0
0 0
0 0
0 0
0 0
0 0
0 0
0 0
0 0
-606510792 0
-1236136720 0
729047881 0
-1342966281 0
0 0
0 0
0 0
0 0
0 0
0 0
0 0
0 0
0 0
0 0
196685372 0
204574217 0
-1511623735 0
0 0
-548662482 0
0 0
0 0
0 0
-11175996 0
1439886357 0
0 0
0 0
0 0
-586857014 0
-546664934 0
0 0
0 0
0 0
0 0
433813154 0
0 0
0 0
0 0
0 0
0 0
0 0
0 0
0 0
0 0
0 0
0 0
0 0
0 0
0 0
0 0
0 0
0 0
0 0
0 0
-693393013 0
0 0
0 0
0 0
0 0
0 0
0 0
0 0
0 0
0 0
0 0
0 0
0 0
0 0
0 0
0 0
0 0
0 0
0 0
0 0
0 0
0 0
0 0
0 0
0 0
0 0
0 0
-1539808143 0
-566675671 0
0 0
-411436370 0
0 0
0 0
0 0
177700343 0
0 0
0 0
1183421682 0
0 0
370309862 0
0 0
347944726 0
0 0
0 0
0 0
0 0
229518063 0
0 0
0 0
0 0
0 0
-1290482722 0
0 0
0 0
0 0
0 0
0 0
0 0
0 0
0 0
0 0
0 0
-820236104 0
0 0
0 0
0 0
0 0
0 0
0 0
0 0
0 0
0 0
-681212109 0
0 0
0 0
-576978996 0
-1395743652 0
0 0
0 0
0 0
0 0
0 0
0 0
0 0
0 0
0 0
0 0
0 0
0 0
0 0
0 0
0 0
0 0
0 0
0 0
0 0
0 0
0 0
0 0
0 0
0 0
0 0
0 0
0 0
0 0
0 0
0 0
0 0
0 0
0 0
0 0
0 0
0 0
0 0
0 0
1463551673 0
0 0
0 0
0 0
0 0
0 0
-794034492 0
0 0
0 0
0 0
0 0
0 0
0 0
1312949191 0
-354384248 0
0 0
0 0
0 0
0 0
0 0
0 0
0 0
0 0
0 0
0 0
0 0
0 0
-2065667330 0
-192186159 0
0 0
978910696 0
0 0
0 0
876314152 0
0 0
0 0
0 0
0 0
-1791022907 0
0 0
0 0
0 0
0 0
0 0
0 0
0 0
0 0
0 0
0 0
0 0
-174957614 0
0 0
0 0
0 0
0 0
0 0
0 0
0 0
0 0
0 0
15764813 0
0 0
0 0
0 0
-1913256584 0
0 0
0 0
0 0
-1487839046 0
-1384173834 0
-1272450026 0
0 0
-568204099 0
-1869377658 0
0 0
0 0
0 0
0 0
0 0
0 0
0 0
0 0
0 0
0 0
0 0
0 0
-2162255533 0
0 0
0 0
0 0
0 0
0 0
0 0
0 0
-784658035 0
59444513 0
0 0
-1097154029 0
0 0
0 0
0 0
433408283 0
-465559132 0
-538670843 0
0 0
0 0
0 0
0 0
-1611645263 0
0 0
0 0
0 0
0 0
0 0
0 0
1169862900 0
0 0
0 0
0 0
0 0
0 0
0 0
-336624710 0
0 0
262195520 0
0 0
0 0
-1662129334 0
0 0
0 0
0 0
0 0
0 0
0 0
0 0
-216734878 0
-425432498 0
0 0
0 0
-1582003051 0
0 0
0 0
0 0
0 0
0 0
0 0
0 0
0 0
0 0
189624811 0
1486300351 0
0 0
0 0
0 0
0 0
0 0
0 0
0 0
0 0
0 0
0 0
0 0
0 0
0 0
0 0
0 0
0 0
0 0
1005726346 0
0 0
0 0
0 0
0 0
0 0
0 0
0 0
0 0
0 0
0 0
0 0
0 0
-261533138 0
-1833655522 0
45162941 0
0 0
0 0
0 0
0 0
0 0
0 0
0 0
0 0
0 0
0 0
0 0
0 0
0 0
0 0
792095775 0
67825219 0
0 0
-611598556 0
0 0
0 0
0 0
0 0
0 0
0 0
554933309 0
0 0
0 0
0 0
1946139407 0
0 0
0 0
843106644 0
0 0
0 0
0 0
-129813793 0
0 0
0 0
0 0
0 0
0 0
-1813443817 0
-1304784405 0
683562518 0
0 0
554272374 0
0 0
-1879732372 0
0 0
0 0
0 0
0 0
0 0
0 0
0 0
430600149 0
-1443006622 0
0 0
0 0
0 0
-1646158813 0
0 0
0 0
981544611 0
0 0
0 0
0 0
1087112455 0
0 0
0 0
0 0
-1010480449 0
-18566487 0
1262243670 0
0 0
0 0
0 0
0 0
0 0
0 0
854699554 0
0 0
0 0
0 0
-1056769150 0
-306508641 0
0 0
-760430631 0
56951139 0
0 0
415381320 0
0 0
0 0
0 0
0 0
0 0
0 0
0 0
0 0
0 0
0 0
0 0
0 0
0 0
0 0
0 0
0 0
0 0
0 0
0 0
0 0
0 0
0 0
0 0
-126555857 0
0 0
0 0
0 0
0 0
0 0
0 0
-1284079683 0
0 0
0 0
0 0
0 0
1404170944 0
0 0
0 0
1138247850 0
0 0
0 0
0 0
0 0
-381175094 0
1249619139 0
1556034616 0
0 0
-175917519 0
0 0
380086421 0
0 0
0 0
0 0
0 0
0 0
0 0
0 0
842165879 0
0 0
0 0
347017554 0
0 0
0 0
0 0
0 0
1519078589 0
0 0
1347320114 0
0 0
527368441 0
0 0
0 0
0 0
0 0
0 0
0 0
0 0
0 0
0 0
0 0
-246957255 0
0 0
-1653341005 0
0 0
674659126 0
0 0
0 0
0 0
0 0
0 0
0 0
0 0
0 0
0 0
0 0
0 0
0 0
-16740118 0
-1969154388 0
0 0
0 0
0 0
0 0
0 0
0 0
0 0
0 0
0 0
0 0
0 0
0 0
0 0
0 0
0 0
0 0
0 0
0 0
0 0
0 0
0 0
0 0
0 0
0 0
0 0
0 0
0 0
0 0
0 0
0 0
0 0
0 0
1318657074 0
0 0
0 0
0 0
0 0
0 0
0 0
0 0
0 0
0 0
0 0
0 0
0 0
0 0
-994330744 0
0 0
-236513014 0
0 0
0 0
0 0
0 0
0 0
0 0
2012453085 0
0 0
0 0
0 0
1764445065 0
0 0
0 0
0 0
0 0
0 0
0 0
0 0
0 0
0 0
0 0
0 0
0 0
1616953849 0
0 0
0 0
0 0
0 0
0 0
0 0
0 0
0 0
951528376 0
0 0
0 0
0 0
0 0
0 0
0 0
0 0
0 0
0 0
0 0
1729598764 0
0 0
0 0
0 0
0 0
-230706661 0
0 0
0 0
0 0
0 0
0 0
0 0
0 0
-521527268 0
-1327273366 0
0 0
0 0
0 0
0 0
960647886 0
-448436450 0
0 0
0 0
0 0
0 0
0 0
0 0
0 0
669599424 0
0 0
-1651166514 0
0 0
0 0
0 0
-239426773 0
1202146825 0
50875435 0
-759003073 0
-291627600 0
-1483511602 0
0 0
0 0
0 0
0 0
-369039100 0
0 0
0 0
1676073758 0
0 0
0 0
0 0
0 0
0 0
0 0
1086823713 0
0 0
-946549647 0
0 0
0 0
0 0
0 0
0 0
1096177536 0
0 0
0 0
-886950336 0
0 0
0 0
0 0
0 0
528847102 0
0 0
0 0
1651065334 0
960317678 0
0 0
0 0
0 0
0 0
0 0
398865147 0
-1294987433 0
0 0
0 0
1999647904 0
0 0
1547281057 0
0 0
0 0
-815713878 0
0 0
0 0
-1676257754 0
0 0
0 0
0 0
0 0
0 0
0 0
0 0
0 0
0 0
0 0
0 0
0 0
0 0
0 0
0 0
0 0
0 0
0 0
0 0
753273628 0
1258576841 0
0 0
0 0
0 0
0 0
-397601929 0
-235308731 0
0 0
0 0
0 0
746329395 0
-1257622339 0
0 0
1538670911 0
424670871 0
0 0
-1539718365 0
0 0
930530585 0
0 0
0 0
1392070759 0
0 0
0 0
0 0
0 0
0 0
0 0
0 0
0 0
0 0
0 0
-1595723202 0
-1419847536 0
0 0
0 0
0 0
0 0
-179910918 0
0 0
0 0
0 0
0 0
0 0
0 0
0 0
0 0
-1510661192 0
0 0
0 0
0 0
0 0
0 0
0 0
0 0
0 0
0 0
0 0
-1268737463 0
0 0
0 0
0 0
-680907512 0
0 0
366740891 0
0 0
0 0
0 0
0 0
0 0
0 0
0 0
0 0
0 0
0 0
558622762 0
0 0
0 0
0 0
-480430959 0
0 0
0 0
0 0
0 0
0 0
0 0
0 0
0 0
0 0
530923407 0
0 0
0 0
387176949 0
0 0
0 0
0 0
-1812940 0
0 0
0 0
-1546442707 0
0 0
-583543662 0
0 0
0 0
0 0
0 0
0 0
0 0
0 0
0 0
0 0
2115040711 0
1452844146 0
0 0
0 0
0 0
0 0
0 0
0 0
0 0
0 0
0 0
0 0
0 0
1134396230 0
546719370 0
-958885140 0
-1826457480 0
0 0
0 0
1462313129 0
0 0
1849004012 0
0 0
0 0
0 0
0 0
0 0
0 0
0 0
0 0
0 0
0 0
0 0
-880046297 0
0 0
0 0
0 0
0 0
0 0
-1680131200 0
0 0
-1021337106 0
0 0
0 0
0 0
0 0
-1154643972 0
0 0
0 0
568318013 0
1807925470 0
0 0
0 0
0 0
1476804975 0
0 0
0 0
-1139797419 0
0 0
0 0
0 0
0 0
-360785636 0
0 0
0 0
1217272214 0
0 0
0 0
661549749 0
0 0
0 0
0 0
134986673 0
0 0
205245684 0
237633586 0
0 0
0 0
0 0
-2158209170 0
-2090274757 0
0 0
0 0
0 0
0 0
0 0
0 0
0 0
0 0
0 0
0 0
0 0
0 0
0 0
0 0
0 0
0 0
0 0
0 0
0 0
0 0
0 0
0 0
0 0
0 0
0 0
1909162762 0
1699788147 0
1601659804 0
0 0
0 0
0 0
0 0
0 0
0 0
0 0
695392333 0
0 0
0 0
0 0
0 0
-1087593545 0
0 0
0 0
0 0
0 0
0 0
0 0
1336949902 0
0 0
0 0
0 0
0 0
0 0
0 0
0 0
330683331 0
0 0
1950037443 0
0 0
-652694063 0
0 0
0 0
0 0
0 0
0 0
0 0
0 0
0 0
-1755424551 0
0 0
0 0
0 0
0 0
0 0
0 0
0 0
0 0
0 0
0 0
0 0
0 0
0 0
0 0
0 0
0 0
0 0
0 0
0 0
0 0
0 0
0 0
0 0
0 0
0 0
0 0
0 0
0 0
0 0
0 0
0 0
246508242 0
0 0
0 0
0 0
0 0
348465782 0
206184922 0
0 0
0 0
-808665548 0
1411135911 0
0 0
0 0
0 0
0 0
0 0
0 0
0 0
0 0
0 0
0 0
0 0
-334633920 0
0 0
0 0
860948289 0
0 0
0 0
0 0
-986637809 0
0 0
0 0
0 0
0 0
0 0
0 0
0 0
0 0
0 0
0 0
0 0
0 0
0 0
0 0
0 0
0 0
0 0
0 0
0 0
0 0
0 0
0 0
-2092881574 0
0 0
0 0
-379827953 0
-1288265513 0
396143624 0
0 0
0 0
0 0
0 0
0 0
0 0
0 0
1542260367 0
0 0
0 0
0 0
0 0
0 0
0 0
2237778273 0
0 0
-399722033 0
-1655505552 0
-172174192 0
0 0
0 0
0 0
0 0
-711283583 0
1260782614 0
0 0
0 0
325337487 0
0 0
0 0
0 0
0 0
0 0
0 0
0 0
0 0
0 0
0 0
0 0
0 0
0 0
0 0
0 0
0 0
0 0
0 0
0 0
0 0
0 0
0 0
0 0
0 0
0 0
0 0
917239375 0
0 0
-1394707879 0
-2041320783 0
0 0
0 0
-698842791 0
0 0
0 0
0 0
0 0
0 0
613221455 0
0 0
0 0
0 0
0 0
0 0
-190395780 0
0 0
0 0
0 0
1948808800 0
363786015 0
0 0
0 0
0 0
0 0
0 0
0 0
0 0
0 0
0 0
0 0
0 0
0 0
0 0
0 0
0 0
0 0
0 0
0 0
0 0
0 0
-1957121404 0
0 0
0 0
1940432810 0
174573237 0
0 0
-1962365560 0
0 0
0 0
0 0
0 0
0 0
-1886290348 0
0 0
0 0
0 0
1502012753 0
151464361 0
0 0
0 0
0 0
0 0
0 0
0 0
0 0
0 0
0 0
0 0
0 0
0 0
0 0
0 0
0 0
0 0
0 0
0 0
0 0
0 0
0 0
0 0
0 0
0 0
0 0
0 0
0 0
0 0
932042539 0
-288654152 0
0 0
0 0
0 0
0 0
0 0
0 0
235332289 0
0 0
0 0
-256761453 0
0 0
0 0
0 0
1308365467 0
0 0
0 0
0 0
0 0
0 0
0 0
450119042 0
678034180 0
0 0
0 0
0 0
0 0
0 0
0 0
0 0
0 0
0 0
0 0
0 0
0 0
0 0
0 0
0 0
0 0
0 0
0 0
0 0
0 0
0 0
0 0
884789282 0
0 0
0 0
0 0
0 0
0 0
0 0
0 0
0 0
0 0
0 0
678779216 0
0 0
0 0
0 0
0 0
0 0
0 0
0 0
0 0
0 0
0 0
0 0
0 0
0 0
-666694852 0
297149447 0
-935123420 0
0 0
0 0
0 0
607177281 0
0 0
-917204336 0
0 0
0 0
0 0
0 0
0 0
0 0
0 0
-259688574 0
