0 0
0 0
0 0
0 0
0 0
0 0
0 0
0 0
0 0
0 0
0 0
0 0
0 0
0 0
0 0
0 0
0 0
0 0
0 0
0 0
0 0
0 0
-130495734 0
-114539582 0
0 0
0 0
0 0
0 0
0 0
0 0
0 0
282451551 0
0 0
0 0
0 0
0 0
0 0
0 0
0 0
0 0
0 0
0 0
0 0
0 0
0 0
0 0
0 0
0 0
-462641987 0
-55279050 0
0 0
0 0
0 0
0 0
0 0
0 0
0 0
-246977271 0
-387515273 0
0 0
0 0
0 0
0 0
0 0
143688058 0
0 0
0 0
0 0
0 0
0 0
0 0
0 0
0 0
0 0
0 0
0 0
0 0
0 0
0 0
0 0
0 0
0 0
0 0
0 0
0 0
0 0
0 0
0 0
0 0
0 0
0 0
0 0
0 0
0 0
0 0
0 0
802653197 0
0 0
0 0
0 0
0 0
0 0
0 0
0 0
0 0
0 0
0 0
0 0
0 0
0 0
0 0
0 0
0 0
0 0
0 0
0 0
-583413490 0
0 0
0 0
0 0
0 0
0 0
0 0
0 0
0 0
0 0
389247379 0
0 0
0 0
0 0
0 0
0 0
0 0
0 0
0 0
-95820218 0
0 0
0 0
0 0
0 0
0 0
0 0
0 0
0 0
0 0
0 0
0 0
0 0
0 0
-220662375 0
0 0
0 0
877277393 0
0 0
0 0
0 0
0 0
529891661 0
0 0
0 0
0 0
0 0
0 0
0 0
1152859134 0
0 0
0 0
0 0
0 0
1117429953 0
930002236 0
0 0
0 0
0 0
-764347134 0
0 0
0 0
0 0
0 0
0 0
0 0
497066979 0
0 0
0 0
0 0
0 0
0 0
0 0
0 0
0 0
0 0
-541434736 0
0 0
0 0
0 0
0 0
0 0
-1159480680 0
0 0
0 0
0 0
-1197669320 0
0 0
0 0
0 0
0 0
0 0
0 0
0 0
0 0
0 0
0 0
0 0
0 0
0 0
0 0
0 0
0 0
0 0
0 0
0 0
0 0
0 0
0 0
0 0
254937559 0
1566027765 0
0 0
0 0
0 0
-1254173355 0
0 0
0 0
0 0
0 0
0 0
0 0
0 0
0 0
0 0
-410437578 0
-752577582 0
0 0
0 0
-1340456699 0
0 0
-28592034 0
1061717676 0
0 0
0 0
0 0
0 0
-1259019192 0
0 0
-628760845 0
0 0
0 0
0 0
0 0
0 0
0 0
0 0
0 0
0 0
0 0
-611147737 0
0 0
0 0
0 0
0 0
0 0
-1316446967 0
0 0
0 0
0 0
0 0
0 0
0 0
0 0
0 0
0 0
0 0
0 0
0 0
0 0
0 0
0 0
0 0
0 0
0 0
0 0
0 0
-927857798 0
0 0
0 0
0 0
0 0
0 0
0 0
-841796264 0
-106261427 0
0 0
0 0
0 0
0 0
1431437590 0
0 0
0 0
264855607 0
0 0
-1047203779 0
0 0
0 0
-1022364587 0
433413975 0
214366202 0
1227019209 0
0 0
0 0
0 0
0 0
384458490 0
0 0
0 0
0 0
0 0
0 0
0 0
0 0
0 0
0 0
0 0
0 0
0 0
0 0
0 0
0 0
0 0
0 0
0 0
0 0
0 0
-679920357 0
0 0
-66462986 0
-308648091 0
760780310 0
0 0
0 0
0 0
0 0
0 0
0 0
0 0
513932663 0
0 0
0 0
0 0
0 0
0 0
789456643 0
0 0
0 0
1163188806 0
0 0
0 0
-791728245 0
-833362673 0
92039160 0
0 0
0 0
-328803184 0
0 0
0 0
0 0
0 0
732621664 0
0 0
0 0
-689741283 0
0 0
0 0
0 0
0 0
0 0
0 0
-1105762633 0
0 0
0 0
0 0
0 0
0 0
0 0
0 0
0 0
0 0
0 0
-402229044 0
0 0
608130409 0
0 0
0 0
0 0
-318310877 0
495529881 0
-221621666 0
608462101 0
125998249 0
-417546262 0
0 0
823083579 0
0 0
0 0
0 0
0 0
0 0
-832821207 0
0 0
0 0
-595882101 0
0 0
0 0
-194641111 0
0 0
0 0
338463464 0
656717674 0
0 0
0 0
0 0
-144629884 0
-317605111 0
0 0
0 0
0 0
0 0
0 0
0 0
0 0
0 0
0 0
0 0
-300080031 0
0 0
0 0
0 0
0 0
0 0
0 0
0 0
-128072320 0
0 0
201796325 0
268566018 0
-148963081 0
0 0
0 0
0 0
0 0
0 0
0 0
-63446316 0
0 0
0 0
0 0
0 0
0 0
0 0
-278782995 0
0 0
0 0
0 0
0 0
0 0
0 0
0 0
0 0
0 0
0 0
0 0
-197583194 0
-120130904 0
0 0
0 0
0 0
0 0
0 0
0 0
0 0
0 0
0 0
0 0
0 0
0 0
0 0
0 0
0 0
0 0
0 0
0 0
-22002247 0
0 0
0 0
0 0
0 0
0 0
0 0
-8079068 0
0 0
0 0
52733 0
3299425 0
0 0
-2754599 0
0 0
0 0
0 0
0 0
0 0
0 0
0 0
0 0
0 0
0 0
-21834891 0
0 0
113843247 0
0 0
0 0
0 0
0 0
0 0
0 0
0 0
0 0
0 0
0 0
0 0
0 0
0 0
-108502261 0
0 0
0 0
-63760618 0
166805879 0
0 0
-166521658 0
0 0
0 0
103561799 0
50985609 0
0 0
0 0
0 0
0 0
0 0
-193466690 0
0 0
0 0
0 0
0 0
0 0
0 0
0 0
0 0
0 0
0 0
0 0
508344102 0
0 0
0 0
0 0
-96570780 0
-69961447 0
0 0
0 0
0 0
0 0
0 0
0 0
547093171 0
314534613 0
0 0
0 0
0 0
0 0
0 0
0 0
0 0
0 0
0 0
0 0
0 0
0 0
444048845 0
0 0
-98500388 0
-90771663 0
-446146870 0
0 0
0 0
0 0
0 0
0 0
545709942 0
0 0
0 0
0 0
510865365 0
460917440 0
898947812 0
496115394 0
0 0
0 0
0 0
0 0
0 0
-83650648 0
497667105 0
369411395 0
643477086 0
0 0
146199200 0
0 0
0 0
0 0
0 0
0 0
0 0
0 0
0 0
0 0
0 0
0 0
0 0
802808871 0
0 0
574437759 0
0 0
0 0
0 0
0 0
0 0
0 0
0 0
0 0
0 0
0 0
0 0
757516743 0
0 0
0 0
0 0
0 0
-548556350 0
0 0
-951454126 0
-67184324 0
0 0
0 0
0 0
0 0
0 0
0 0
0 0
0 0
-234189699 0
-776594244 0
0 0
0 0
0 0
0 0
-848366400 0
0 0
891729757 0
0 0
494726464 0
-418128512 0
0 0
0 0
-397892032 0
0 0
458561737 0
1432432816 0
0 0
0 0
0 0
0 0
1294471325 0
0 0
342909662 0
0 0
0 0
0 0
0 0
0 0
0 0
0 0
0 0
0 0
0 0
0 0
0 0
314207994 0
0 0
93220656 0
0 0
0 0
-1260427976 0
-711586417 0
96800796 0
0 0
0 0
0 0
0 0
0 0
0 0
0 0
0 0
-420203536 0
-1550018169 0
-617634726 0
-1231539356 0
0 0
0 0
0 0
0 0
0 0
0 0
0 0
0 0
0 0
0 0
888581747 0
188581829 0
138753323 0
0 0
-910777168 0
0 0
0 0
0 0
-628881444 0
-53910914 0
0 0
0 0
0 0
-279941634 0
-240080027 0
0 0
0 0
0 0
0 0
106647060 0
0 0
0 0
0 0
0 0
0 0
0 0
0 0
0 0
0 0
0 0
0 0
0 0
0 0
0 0
0 0
0 0
0 0
0 0
0 0
-696062562 0
0 0
0 0
0 0
0 0
0 0
0 0
0 0
0 0
0 0
0 0
0 0
0 0
0 0
0 0
0 0
0 0
0 0
0 0
0 0
0 0
0 0
0 0
0 0
0 0
0 0
0 0
-854450597 0
-1336734238 0
0 0
-712859000 0
0 0
0 0
0 0
938155534 0
0 0
0 0
1382261253 0
0 0
502011681 0
0 0
1130856674 0
0 0
0 0
0 0
0 0
924473877 0
0 0
0 0
0 0
0 0
-318173284 0
0 0
0 0
0 0
0 0
0 0
0 0
0 0
0 0
0 0
0 0
-1141483572 0
0 0
0 0
0 0
0 0
0 0
0 0
0 0
0 0
0 0
-951360460 0
0 0
0 0
-674770471 0
-1108334660 0
0 0
0 0
0 0
0 0
0 0
0 0
0 0
0 0
0 0
0 0
0 0
0 0
0 0
0 0
0 0
0 0
0 0
0 0
0 0
0 0
0 0
0 0
0 0
0 0
0 0
0 0
0 0
0 0
0 0
0 0
0 0
0 0
0 0
0 0
0 0
0 0
0 0
0 0
1010728927 0
0 0
0 0
0 0
0 0
0 0
-1067646876 0
0 0
0 0
0 0
0 0
0 0
0 0
91001641 0
52591504 0
0 0
0 0
0 0
0 0
0 0
0 0
0 0
0 0
0 0
0 0
0 0
0 0
-290288415 0
670096472 0
0 0
-373310585 0
0 0
0 0
634243499 0
0 0
0 0
0 0
0 0
-851369001 0
0 0
0 0
0 0
0 0
0 0
0 0
0 0
0 0
0 0
0 0
0 0
-114508504 0
0 0
0 0
0 0
0 0
0 0
0 0
0 0
0 0
0 0
345577547 0
0 0
0 0
0 0
-110496737 0
0 0
0 0
0 0
-454309784 0
46911842 0
40149124 0
0 0
-216827218 0
-456879240 0
0 0
0 0
0 0
0 0
0 0
0 0
0 0
0 0
0 0
0 0
0 0
0 0
-279728968 0
0 0
0 0
0 0
0 0
0 0
0 0
0 0
-93023297 0
-57958255 0
0 0
-55594796 0
0 0
0 0
0 0
-158141984 0
-292243671 0
-217157059 0
0 0
0 0
0 0
0 0
-263380409 0
0 0
0 0
0 0
0 0
0 0
0 0
166619178 0
0 0
0 0
0 0
0 0
0 0
0 0
-118166428 0
0 0
-34863787 0
0 0
0 0
-101224676 0
0 0
0 0
0 0
0 0
0 0
0 0
0 0
-6688211 0
2844795 0
0 0
0 0
16865452 0
0 0
0 0
0 0
0 0
0 0
0 0
0 0
0 0
0 0
18723831 0
2980654 0
0 0
0 0
0 0
0 0
0 0
0 0
0 0
0 0
0 0
0 0
0 0
0 0
0 0
0 0
0 0
0 0
0 0
3503461 0
0 0
0 0
0 0
0 0
0 0
0 0
0 0
0 0
0 0
0 0
0 0
0 0
-274286108 0
96567847 0
34093967 0
0 0
0 0
0 0
0 0
0 0
0 0
0 0
0 0
0 0
0 0
0 0
0 0
0 0
0 0
-129916939 0
-392489132 0
0 0
241903063 0
0 0
0 0
0 0
0 0
0 0
0 0
159137761 0
0 0
0 0
0 0
-191950324 0
0 0
0 0
-89040106 0
0 0
0 0
0 0
19159424 0
0 0
0 0
0 0
0 0
0 0
282658892 0
-47350135 0
-463031750 0
0 0
24311734 0
0 0
398038100 0
0 0
0 0
0 0
0 0
0 0
0 0
0 0
-658069713 0
-96586010 0
0 0
0 0
0 0
905226181 0
0 0
0 0
-587801408 0
0 0
0 0
0 0
-29338760 0
0 0
0 0
0 0
323148938 0
-683364749 0
-879449251 0
0 0
0 0
0 0
0 0
0 0
0 0
-257244213 0
0 0
0 0
0 0
867769500 0
-1238287 0
0 0
866943483 0
-62353604 0
0 0
-554129811 0
0 0
0 0
0 0
0 0
0 0
0 0
0 0
0 0
0 0
0 0
0 0
0 0
0 0
0 0
0 0
0 0
0 0
0 0
0 0
0 0
0 0
0 0
0 0
-24708395 0
0 0
0 0
0 0
0 0
0 0
0 0
580059892 0
0 0
0 0
0 0
0 0
-790785269 0
0 0
0 0
-2163917 0
0 0
0 0
0 0
0 0
-49712918 0
-1019072464 0
-444553197 0
0 0
-709758231 0
0 0
520204397 0
0 0
0 0
0 0
0 0
0 0
0 0
0 0
-599484706 0
0 0
0 0
257892435 0
0 0
0 0
0 0
0 0
-29520643 0
0 0
-1293263863 0
0 0
-296360461 0
0 0
0 0
0 0
0 0
0 0
0 0
0 0
0 0
0 0
0 0
-785762545 0
0 0
730845624 0
0 0
562632476 0
0 0
0 0
0 0
0 0
0 0
0 0
0 0
0 0
0 0
0 0
0 0
0 0
-499397831 0
801325774 0
0 0
0 0
0 0
0 0
0 0
0 0
0 0
0 0
0 0
0 0
0 0
0 0
0 0
0 0
0 0
0 0
0 0
0 0
0 0
0 0
0 0
0 0
0 0
0 0
0 0
0 0
0 0
0 0
0 0
0 0
0 0
0 0
203897828 0
0 0
0 0
0 0
0 0
0 0
0 0
0 0
0 0
0 0
0 0
0 0
0 0
0 0
918238412 0
0 0
873313853 0
0 0
0 0
0 0
0 0
0 0
0 0
-1006369451 0
0 0
0 0
0 0
-1015297326 0
0 0
0 0
0 0
0 0
0 0
0 0
0 0
0 0
0 0
0 0
0 0
0 0
28801088 0
0 0
0 0
0 0
0 0
0 0
0 0
0 0
0 0
-443211146 0
0 0
0 0
0 0
0 0
0 0
0 0
0 0
0 0
0 0
0 0
-918377863 0
0 0
0 0
0 0
0 0
-888447954 0
0 0
0 0
0 0
0 0
0 0
0 0
0 0
270880382 0
282311561 0
0 0
0 0
0 0
0 0
204639140 0
367595067 0
0 0
0 0
0 0
0 0
0 0
0 0
0 0
560577471 0
0 0
842521008 0
0 0
0 0
0 0
-229328532 0
-364390720 0
-458357737 0
483472757 0
-87703329 0
702505553 0
0 0
0 0
0 0
0 0
-479897378 0
0 0
0 0
-277422547 0
0 0
0 0
0 0
0 0
0 0
0 0
-618651804 0
0 0
-305305594 0
0 0
0 0
0 0
0 0
0 0
284326669 0
0 0
0 0
-191595093 0
0 0
0 0
0 0
0 0
438189229 0
0 0
0 0
-480680203 0
-242162370 0
0 0
0 0
0 0
0 0
0 0
366582864 0
943601715 0
0 0
0 0
-766205795 0
0 0
-795833001 0
0 0
0 0
-295527932 0
0 0
0 0
127689827 0
0 0
0 0
0 0
0 0
0 0
0 0
0 0
0 0
0 0
0 0
0 0
0 0
0 0
0 0
0 0
0 0
0 0
0 0
0 0
-351538148 0
17137872 0
0 0
0 0
0 0
0 0
101003863 0
167115645 0
0 0
0 0
0 0
-259338285 0
48275018 0
0 0
-406308572 0
-425499129 0
0 0
91431146 0
0 0
-3025533 0
0 0
0 0
-266770628 0
0 0
0 0
0 0
0 0
0 0
0 0
0 0
0 0
0 0
0 0
265826875 0
203765142 0
0 0
0 0
0 0
0 0
-37188302 0
0 0
0 0
0 0
0 0
0 0
0 0
0 0
0 0
72890061 0
0 0
0 0
0 0
0 0
0 0
0 0
0 0
0 0
0 0
0 0
46986180 0
0 0
0 0
0 0
68595165 0
0 0
36986 0
0 0
0 0
0 0
0 0
0 0
0 0
0 0
0 0
0 0
0 0
29217867 0
0 0
0 0
0 0
-66801492 0
0 0
0 0
0 0
0 0
0 0
0 0
0 0
0 0
0 0
-17498092 0
0 0
0 0
-6772153 0
0 0
0 0
0 0
14902304 0
0 0
0 0
-77849272 0
0 0
-163108479 0
0 0
0 0
0 0
0 0
0 0
0 0
0 0
0 0
0 0
319970402 0
349978390 0
0 0
0 0
0 0
0 0
0 0
0 0
0 0
0 0
0 0
0 0
0 0
-86005215 0
-108452253 0
-488298757 0
-464533567 0
0 0
0 0
224167248 0
0 0
595710132 0
0 0
0 0
0 0
0 0
0 0
0 0
0 0
0 0
0 0
0 0
0 0
-235508542 0
0 0
0 0
0 0
0 0
0 0
-366962024 0
0 0
144506400 0
0 0
0 0
0 0
0 0
-262800024 0
0 0
0 0
61464650 0
754973238 0
0 0
0 0
0 0
439963925 0
0 0
0 0
-892051910 0
0 0
0 0
0 0
0 0
538427673 0
0 0
0 0
665207834 0
0 0
0 0
38009395 0
0 0
0 0
0 0
-489406499 0
0 0
-224992456 0
-215917326 0
0 0
0 0
0 0
-354845448 0
-409181452 0
0 0
0 0
0 0
0 0
0 0
0 0
0 0
0 0
0 0
0 0
0 0
0 0
0 0
0 0
0 0
0 0
0 0
0 0
0 0
0 0
0 0
0 0
0 0
0 0
0 0
478625753 0
648842905 0
1059009461 0
0 0
0 0
0 0
0 0
0 0
0 0
0 0
-250797003 0
0 0
0 0
0 0
0 0
-815232685 0
0 0
0 0
0 0
0 0
0 0
0 0
-189382427 0
0 0
0 0
0 0
0 0
0 0
0 0
0 0
252839848 0
0 0
412448292 0
0 0
-595690405 0
0 0
0 0
0 0
0 0
0 0
0 0
0 0
0 0
-468355010 0
0 0
0 0
0 0
0 0
0 0
0 0
0 0
0 0
0 0
0 0
0 0
0 0
0 0
0 0
0 0
0 0
0 0
0 0
0 0
0 0
0 0
0 0
0 0
0 0
0 0
0 0
0 0
0 0
0 0
0 0
0 0
785502441 0
0 0
0 0
0 0
0 0
-968453594 0
-104785038 0
0 0
0 0
-581923256 0
259240142 0
0 0
0 0
0 0
0 0
0 0
0 0
0 0
0 0
0 0
0 0
0 0
-1206930842 0
0 0
0 0
646693292 0
0 0
0 0
0 0
231511507 0
0 0
0 0
0 0
0 0
0 0
0 0
0 0
0 0
0 0
0 0
0 0
0 0
0 0
0 0
0 0
0 0
0 0
0 0
0 0
0 0
0 0
0 0
-1283863837 0
0 0
0 0
667282405 0
-718099827 0
887064128 0
0 0
0 0
0 0
0 0
0 0
0 0
0 0
210148539 0
0 0
0 0
0 0
0 0
0 0
0 0
1194142790 0
0 0
-885377961 0
-1086826234 0
260629835 0
0 0
0 0
0 0
0 0
-372547807 0
13071185 0
0 0
0 0
-861512269 0
0 0
0 0
0 0
0 0
0 0
0 0
0 0
0 0
0 0
0 0
0 0
0 0
0 0
0 0
0 0
0 0
0 0
0 0
0 0
0 0
0 0
0 0
0 0
0 0
0 0
0 0
-47992865 0
0 0
-720111436 0
-500138902 0
0 0
0 0
163283369 0
0 0
0 0
0 0
0 0
0 0
-547912373 0
0 0
0 0
0 0
0 0
0 0
-412271433 0
0 0
0 0
0 0
827530976 0
381681868 0
0 0
0 0
0 0
0 0
0 0
0 0
0 0
0 0
0 0
0 0
0 0
0 0
0 0
0 0
0 0
0 0
0 0
0 0
0 0
0 0
-572671502 0
0 0
0 0
844431443 0
97684354 0
0 0
-643127597 0
0 0
0 0
0 0
0 0
0 0
-588453431 0
0 0
0 0
0 0
829028070 0
-36260699 0
0 0
0 0
0 0
0 0
0 0
0 0
0 0
0 0
0 0
0 0
0 0
0 0
0 0
0 0
0 0
0 0
0 0
0 0
0 0
0 0
0 0
0 0
0 0
0 0
0 0
0 0
0 0
0 0
738314918 0
291936912 0
0 0
0 0
0 0
0 0
0 0
0 0
-491309318 0
0 0
0 0
-201147806 0
0 0
0 0
0 0
-21029376 0
0 0
0 0
0 0
0 0
0 0
0 0
422410580 0
343899452 0
0 0
0 0
0 0
0 0
0 0
0 0
0 0
0 0
0 0
0 0
0 0
0 0
0 0
0 0
0 0
0 0
0 0
0 0
0 0
0 0
0 0
0 0
253860129 0
0 0
0 0
0 0
0 0
0 0
0 0
0 0
0 0
0 0
0 0
-38743779 0
0 0
0 0
0 0
0 0
0 0
0 0
0 0
0 0
0 0
0 0
0 0
0 0
0 0
-119227593 0
-73089105 0
-92494899 0
0 0
0 0
0 0
75045892 0
0 0
-73536188 0
0 0
0 0
0 0
0 0
0 0
0 0
0 0
-3738350 0
