0 0
0 0
0 0
0 0
0 0
0 0
0 0
0 0
0 0
0 0
0 0
0 0
0 0
0 0
0 0
0 0
0 0
0 0
0 0
0 0
0 0
0 0
-939616223 0
625234018 0
0 0
0 0
0 0
0 0
0 0
0 0
0 0
-126138908 0
0 0
0 0
0 0
0 0
0 0
0 0
0 0
0 0
0 0
0 0
0 0
0 0
0 0
0 0
0 0
0 0
17042919 0
-276713649 0
0 0
0 0
0 0
0 0
0 0
0 0
0 0
-123246181 0
-595412190 0
0 0
0 0
0 0
0 0
0 0
-1151028627 0
0 0
0 0
0 0
0 0
0 0
0 0
0 0
0 0
0 0
0 0
0 0
0 0
0 0
0 0
0 0
0 0
0 0
0 0
0 0
0 0
0 0
0 0
0 0
0 0
0 0
0 0
0 0
0 0
0 0
0 0
0 0
173210605 0
0 0
0 0
0 0
0 0
0 0
0 0
0 0
0 0
0 0
0 0
0 0
0 0
0 0
0 0
0 0
0 0
0 0
0 0
0 0
-452905433 0
0 0
0 0
0 0
0 0
0 0
0 0
0 0
0 0
0 0
-387435165 0
0 0
0 0
0 0
0 0
0 0
0 0
0 0
0 0
1089107252 0
0 0
0 0
0 0
0 0
0 0
0 0
0 0
0 0
0 0
0 0
0 0
0 0
0 0
-28150850 0
0 0
0 0
446680633 0
0 0
0 0
0 0
0 0
-540083403 0
0 0
0 0
0 0
0 0
0 0
0 0
-331429093 0
0 0
0 0
0 0
0 0
-406917776 0
-54789707 0
0 0
0 0
0 0
-18198624 0
0 0
0 0
0 0
0 0
0 0
0 0
361563768 0
0 0
0 0
0 0
0 0
0 0
0 0
0 0
0 0
0 0
-419324505 0
0 0
0 0
0 0
0 0
0 0
-367693980 0
0 0
0 0
0 0
312525424 0
0 0
0 0
0 0
0 0
0 0
0 0
0 0
0 0
0 0
0 0
0 0
0 0
0 0
0 0
0 0
0 0
0 0
0 0
0 0
0 0
0 0
0 0
0 0
-152634420 0
-4421917 0
0 0
0 0
0 0
-49168470 0
0 0
0 0
0 0
0 0
0 0
0 0
0 0
0 0
0 0
-61350752 0
-4102638 0
0 0
0 0
-72125655 0
0 0
-68189678 0
-70333088 0
0 0
0 0
0 0
0 0
15090486 0
0 0
-5020414 0
0 0
0 0
0 0
0 0
0 0
0 0
0 0
0 0
0 0
0 0
76509918 0
0 0
0 0
0 0
0 0
0 0
-62171782 0
0 0
0 0
0 0
0 0
0 0
0 0
0 0
0 0
0 0
0 0
0 0
0 0
0 0
0 0
0 0
0 0
0 0
0 0
0 0
0 0
-211037649 0
0 0
0 0
0 0
0 0
0 0
0 0
235775699 0
243652625 0
0 0
0 0
0 0
0 0
190640141 0
0 0
0 0
-131176347 0
0 0
228102884 0
0 0
0 0
104384273 0
-113243953 0
-160563941 0
-124169331 0
0 0
0 0
0 0
0 0
-249290364 0
0 0
0 0
0 0
0 0
0 0
0 0
0 0
0 0
0 0
0 0
0 0
0 0
0 0
0 0
0 0
0 0
0 0
0 0
0 0
0 0
345189946 0
0 0
839895851 0
287830806 0
419896446 0
0 0
0 0
0 0
0 0
0 0
0 0
0 0
-364691387 0
0 0
0 0
0 0
0 0
0 0
-230053189 0
0 0
0 0
-406238556 0
0 0
0 0
-789545583 0
125015868 0
504143049 0
0 0
0 0
529916346 0
0 0
0 0
0 0
0 0
579176803 0
0 0
0 0
-74511975 0
0 0
0 0
0 0
0 0
0 0
0 0
20219237 0
0 0
0 0
0 0
0 0
0 0
0 0
0 0
0 0
0 0
0 0
-1196590846 0
0 0
541227567 0
0 0
0 0
0 0
435424070 0
-270320607 0
179020354 0
-165947256 0
425465649 0
-202517031 0
0 0
-219752291 0
0 0
0 0
0 0
0 0
0 0
137724904 0
0 0
0 0
-1003133869 0
0 0
0 0
-582730123 0
0 0
0 0
905402109 0
429893215 0
0 0
0 0
0 0
1237470361 0
170423614 0
0 0
0 0
0 0
0 0
0 0
0 0
0 0
0 0
0 0
0 0
-514452639 0
0 0
0 0
0 0
0 0
0 0
0 0
0 0
-179370010 0
0 0
-745830141 0
-817865760 0
249143589 0
0 0
0 0
0 0
0 0
0 0
0 0
-889309128 0
0 0
0 0
0 0
0 0
0 0
0 0
-241196791 0
0 0
0 0
0 0
0 0
0 0
0 0
0 0
0 0
0 0
0 0
0 0
-1162677729 0
-153664451 0
0 0
0 0
0 0
0 0
0 0
0 0
0 0
0 0
0 0
0 0
0 0
0 0
0 0
0 0
0 0
0 0
0 0
0 0
460094372 0
0 0
0 0
0 0
0 0
0 0
0 0
-1483519171 0
0 0
0 0
-1263512458 0
-932231942 0
-165307741 0
664321847 0
0 0
0 0
0 0
0 0
0 0
0 0
0 0
0 0
0 0
0 0
980883003 0
0 0
-173698844 0
0 0
0 0
0 0
0 0
0 0
0 0
0 0
0 0
0 0
0 0
0 0
0 0
0 0
1517275619 0
0 0
0 0
-1205860120 0
-964778491 0
0 0
412053362 0
0 0
0 0
-280275636 0
-1060614520 0
0 0
0 0
0 0
0 0
0 0
-627960515 0
0 0
0 0
0 0
0 0
0 0
0 0
0 0
0 0
0 0
0 0
0 0
-540398847 0
0 0
0 0
0 0
-1003655111 0
-363279440 0
0 0
0 0
0 0
0 0
0 0
0 0
-602711056 0
-24710806 0
0 0
0 0
0 0
0 0
0 0
0 0
0 0
0 0
0 0
0 0
0 0
0 0
-636684446 0
0 0
907042061 0
1110250736 0
852909365 0
0 0
0 0
0 0
0 0
0 0
-172789149 0
0 0
0 0
0 0
533024621 0
244017045 0
-389593455 0
-754566450 0
0 0
0 0
0 0
0 0
0 0
-498963764 0
417367966 0
624756075 0
624580001 0
0 0
341518637 0
0 0
0 0
0 0
0 0
0 0
0 0
0 0
0 0
0 0
0 0
0 0
0 0
840186794 0
0 0
-418554204 0
0 0
0 0
0 0
0 0
0 0
0 0
0 0
0 0
0 0
0 0
0 0
786380741 0
0 0
0 0
0 0
0 0
-119112035 0
0 0
-42369588 0
414485722 0
0 0
0 0
0 0
0 0
0 0
0 0
0 0
0 0
-229868520 0
-515241429 0
0 0
0 0
0 0
0 0
213537988 0
0 0
-87064994 0
0 0
28308308 0
-306355471 0
0 0
0 0
-235786011 0
0 0
335305850 0
-120653315 0
0 0
0 0
0 0
0 0
31668506 0
0 0
-346632540 0
0 0
0 0
0 0
0 0
0 0
0 0
0 0
0 0
0 0
0 0
0 0
0 0
263704111 0
0 0
576646438 0
0 0
0 0
127484094 0
-117256563 0
283042420 0
0 0
0 0
0 0
0 0
0 0
0 0
0 0
0 0
49330490 0
-111361327 0
-390573242 0
16902746 0
0 0
0 0
0 0
0 0
0 0
0 0
0 0
0 0
0 0
0 0
151902632 0
-2446569 0
332480458 0
0 0
-71627401 0
0 0
0 0
0 0
-103307480 0
-237412068 0
0 0
0 0
0 0
40959009 0
39137679 0
0 0
0 0
0 0
0 0
-32017293 0
0 0
0 0
0 0
0 0
0 0
0 0
0 0
0 0
0 0
0 0
0 0
0 0
0 0
0 0
0 0
0 0
0 0
0 0
0 0
70659 0
0 0
0 0
0 0
0 0
0 0
0 0
0 0
0 0
0 0
0 0
0 0
0 0
0 0
0 0
0 0
0 0
0 0
0 0
0 0
0 0
0 0
0 0
0 0
0 0
0 0
0 0
-126612392 0
155340018 0
0 0
65700248 0
0 0
0 0
0 0
-181738251 0
0 0
0 0
-60679694 0
0 0
-39040082 0
0 0
-225576122 0
0 0
0 0
0 0
0 0
-223556173 0
0 0
0 0
0 0
0 0
-315640182 0
0 0
0 0
0 0
0 0
0 0
0 0
0 0
0 0
0 0
0 0
166147683 0
0 0
0 0
0 0
0 0
0 0
0 0
0 0
0 0
0 0
172593890 0
0 0
0 0
86507769 0
-65531797 0
0 0
0 0
0 0
0 0
0 0
0 0
0 0
0 0
0 0
0 0
0 0
0 0
0 0
0 0
0 0
0 0
0 0
0 0
0 0
0 0
0 0
0 0
0 0
0 0
0 0
0 0
0 0
0 0
0 0
0 0
0 0
0 0
0 0
0 0
0 0
0 0
0 0
0 0
71351541 0
0 0
0 0
0 0
0 0
0 0
478009783 0
0 0
0 0
0 0
0 0
0 0
0 0
855317620 0
-314077991 0
0 0
0 0
0 0
0 0
0 0
0 0
0 0
0 0
0 0
0 0
0 0
0 0
-1250039552 0
-998652069 0
0 0
1259854670 0
0 0
0 0
-151316225 0
0 0
0 0
0 0
0 0
-245867792 0
0 0
0 0
0 0
0 0
0 0
0 0
0 0
0 0
0 0
0 0
0 0
43116565 0
0 0
0 0
0 0
0 0
0 0
0 0
0 0
0 0
0 0
-662143649 0
0 0
0 0
0 0
-1494547295 0
0 0
0 0
0 0
-348308555 0
-1371256580 0
-1258524419 0
0 0
-9093066 0
-624075578 0
0 0
0 0
0 0
0 0
0 0
0 0
0 0
0 0
0 0
0 0
0 0
0 0
-1192719857 0
0 0
0 0
0 0
0 0
0 0
0 0
0 0
-413155668 0
277378765 0
0 0
-842326788 0
0 0
0 0
0 0
1127115819 0
884959423 0
498778500 0
0 0
0 0
0 0
0 0
-121703309 0
0 0
0 0
0 0
0 0
0 0
0 0
-67577850 0
0 0
0 0
0 0
0 0
0 0
0 0
945048589 0
0 0
697504575 0
0 0
0 0
-11367771 0
0 0
0 0
0 0
0 0
0 0
0 0
0 0
328259138 0
-889044094 0
0 0
0 0
-207630540 0
0 0
0 0
0 0
0 0
0 0
0 0
0 0
0 0
0 0
442943942 0
1518862125 0
0 0
0 0
0 0
0 0
0 0
0 0
0 0
0 0
0 0
0 0
0 0
0 0
0 0
0 0
0 0
0 0
0 0
1005782828 0
0 0
0 0
0 0
0 0
0 0
0 0
0 0
0 0
0 0
0 0
0 0
0 0
-1243201972 0
-1423396891 0
160943472 0
0 0
0 0
0 0
0 0
0 0
0 0
0 0
0 0
0 0
0 0
0 0
0 0
0 0
0 0
406517783 0
-918472123 0
0 0
18962323 0
0 0
0 0
0 0
0 0
0 0
0 0
844980518 0
0 0
0 0
0 0
1356437242 0
0 0
0 0
576759508 0
0 0
0 0
0 0
-78915613 0
0 0
0 0
0 0
0 0
0 0
-1083854718 0
-1192924727 0
-169498525 0
0 0
506671390 0
0 0
-963809609 0
0 0
0 0
0 0
0 0
0 0
0 0
0 0
-561462990 0
-1296201584 0
0 0
0 0
0 0
-129202198 0
0 0
0 0
31893757 0
0 0
0 0
0 0
796954924 0
0 0
0 0
0 0
-391533486 0
-777170887 0
-35061824 0
0 0
0 0
0 0
0 0
0 0
0 0
347640184 0
0 0
0 0
0 0
103028419 0
-212529070 0
0 0
287799511 0
-18710560 0
0 0
-219015673 0
0 0
0 0
0 0
0 0
0 0
0 0
0 0
0 0
0 0
0 0
0 0
0 0
0 0
0 0
0 0
0 0
0 0
0 0
0 0
0 0
0 0
0 0
0 0
-85954896 0
0 0
0 0
0 0
0 0
0 0
0 0
-312474337 0
0 0
0 0
0 0
0 0
243016681 0
0 0
0 0
535409625 0
0 0
0 0
0 0
0 0
-193930553 0
50724348 0
460303245 0
0 0
-404614033 0
0 0
390576185 0
0 0
0 0
0 0
0 0
0 0
0 0
0 0
72424209 0
0 0
0 0
216768718 0
0 0
0 0
0 0
0 0
475395024 0
0 0
-3680985 0
0 0
64291173 0
0 0
0 0
0 0
0 0
0 0
0 0
0 0
0 0
0 0
0 0
-243667872 0
0 0
-198132153 0
0 0
258839765 0
0 0
0 0
0 0
0 0
0 0
0 0
0 0
0 0
0 0
0 0
0 0
0 0
-66859184 0
-142211390 0
0 0
0 0
0 0
0 0
0 0
0 0
0 0
0 0
0 0
0 0
0 0
0 0
0 0
0 0
0 0
0 0
0 0
0 0
0 0
0 0
0 0
0 0
0 0
0 0
0 0
0 0
0 0
0 0
0 0
0 0
0 0
0 0
-121372760 0
0 0
0 0
0 0
0 0
0 0
0 0
0 0
0 0
0 0
0 0
0 0
0 0
0 0
10446486 0
0 0
-115196395 0
0 0
0 0
0 0
0 0
0 0
0 0
-214943110 0
0 0
0 0
0 0
-174406400 0
0 0
0 0
0 0
0 0
0 0
0 0
0 0
0 0
0 0
0 0
0 0
0 0
-526330985 0
0 0
0 0
0 0
0 0
0 0
0 0
0 0
0 0
-176075065 0
0 0
0 0
0 0
0 0
0 0
0 0
0 0
0 0
0 0
0 0
-307802323 0
0 0
0 0
0 0
0 0
567207481 0
0 0
0 0
0 0
0 0
0 0
0 0
0 0
104735212 0
508491654 0
0 0
0 0
0 0
0 0
-643530602 0
6283211 0
0 0
0 0
0 0
0 0
0 0
0 0
0 0
-788884098 0
0 0
358563500 0
0 0
0 0
0 0
322858330 0
-455225420 0
330707362 0
87325071 0
254700045 0
364598447 0
0 0
0 0
0 0
0 0
661881703 0
0 0
0 0
-874141249 0
0 0
0 0
0 0
0 0
0 0
0 0
-152664529 0
0 0
982481364 0
0 0
0 0
0 0
0 0
0 0
-1117545409 0
0 0
0 0
881124746 0
0 0
0 0
0 0
0 0
-934041933 0
0 0
0 0
-688457274 0
-447016248 0
0 0
0 0
0 0
0 0
0 0
-822494744 0
-255950433 0
0 0
0 0
-539682700 0
0 0
-105846980 0
0 0
0 0
1138010458 0
0 0
0 0
1217259833 0
0 0
0 0
0 0
0 0
0 0
0 0
0 0
0 0
0 0
0 0
0 0
0 0
0 0
0 0
0 0
0 0
0 0
0 0
0 0
72305167 0
-1181673985 0
0 0
0 0
0 0
0 0
126721044 0
-186055971 0
0 0
0 0
0 0
-24010646 0
1048635496 0
0 0
-331558398 0
789344018 0
0 0
1190198231 0
0 0
-874406630 0
0 0
0 0
-469239787 0
0 0
0 0
0 0
0 0
0 0
0 0
0 0
0 0
0 0
0 0
433198576 0
501358444 0
0 0
0 0
0 0
0 0
363412212 0
0 0
0 0
0 0
0 0
0 0
0 0
0 0
0 0
982587625 0
0 0
0 0
0 0
0 0
0 0
0 0
0 0
0 0
0 0
0 0
628323377 0
0 0
0 0
0 0
-716201029 0
0 0
-367496595 0
0 0
0 0
0 0
0 0
0 0
0 0
0 0
0 0
0 0
0 0
393695326 0
0 0
0 0
0 0
-728733351 0
0 0
0 0
0 0
0 0
0 0
0 0
0 0
0 0
0 0
-676730820 0
0 0
0 0
-433517264 0
0 0
0 0
0 0
94407543 0
0 0
0 0
1089153306 0
0 0
-274115893 0
0 0
0 0
0 0
0 0
0 0
0 0
0 0
0 0
0 0
-803529720 0
-77025837 0
0 0
0 0
0 0
0 0
0 0
0 0
0 0
0 0
0 0
0 0
0 0
-1322692044 0
-824950288 0
-461870947 0
442288971 0
0 0
0 0
-783195821 0
0 0
-227194094 0
0 0
0 0
0 0
0 0
0 0
0 0
0 0
0 0
0 0
0 0
0 0
308345140 0
0 0
0 0
0 0
0 0
0 0
795205722 0
0 0
1157313736 0
0 0
0 0
0 0
0 0
549375246 0
0 0
0 0
-384089671 0
-324761978 0
0 0
0 0
0 0
-565649682 0
0 0
0 0
-360356471 0
0 0
0 0
0 0
0 0
1026472502 0
0 0
0 0
-94452440 0
0 0
0 0
-470930061 0
0 0
0 0
0 0
-692755921 0
0 0
-420321363 0
-430246424 0
0 0
0 0
0 0
1207615996 0
1094216590 0
0 0
0 0
0 0
0 0
0 0
0 0
0 0
0 0
0 0
0 0
0 0
0 0
0 0
0 0
0 0
0 0
0 0
0 0
0 0
0 0
0 0
0 0
0 0
0 0
0 0
-805518736 0
-539401418 0
-161572381 0
0 0
0 0
0 0
0 0
0 0
0 0
0 0
-571255455 0
0 0
0 0
0 0
0 0
62724869 0
0 0
0 0
0 0
0 0
0 0
0 0
-792218213 0
0 0
0 0
0 0
0 0
0 0
0 0
0 0
-20933095 0
0 0
-676639203 0
0 0
-5402299 0
0 0
0 0
0 0
0 0
0 0
0 0
0 0
0 0
490855886 0
0 0
0 0
0 0
0 0
0 0
0 0
0 0
0 0
0 0
0 0
0 0
0 0
0 0
0 0
0 0
0 0
0 0
0 0
0 0
0 0
0 0
0 0
0 0
0 0
0 0
0 0
0 0
0 0
0 0
0 0
0 0
115237469 0
0 0
0 0
0 0
0 0
-235850414 0
-53431683 0
0 0
0 0
33589089 0
-168601941 0
0 0
0 0
0 0
0 0
0 0
0 0
0 0
0 0
0 0
0 0
0 0
-64411337 0
0 0
0 0
-11771353 0
0 0
0 0
0 0
37369848 0
0 0
0 0
0 0
0 0
0 0
0 0
0 0
0 0
0 0
0 0
0 0
0 0
0 0
0 0
0 0
0 0
0 0
0 0
0 0
0 0
0 0
0 0
-88304220 0
0 0
0 0
-135268458 0
-75846055 0
-70304950 0
0 0
0 0
0 0
0 0
0 0
0 0
0 0
251130835 0
0 0
0 0
0 0
0 0
0 0
0 0
233466489 0
0 0
124651071 0
-132767122 0
-112575397 0
0 0
0 0
0 0
0 0
-91774930 0
362020718 0
0 0
0 0
378908970 0
0 0
0 0
0 0
0 0
0 0
0 0
0 0
0 0
0 0
0 0
0 0
0 0
0 0
0 0
0 0
0 0
0 0
0 0
0 0
0 0
0 0
0 0
0 0
0 0
0 0
0 0
447324660 0
0 0
-272553144 0
-702011782 0
0 0
0 0
-436957261 0
0 0
0 0
0 0
0 0
0 0
659303317 0
0 0
0 0
0 0
0 0
0 0
169692726 0
0 0
0 0
0 0
539327019 0
-61037558 0
0 0
0 0
0 0
0 0
0 0
0 0
0 0
0 0
0 0
0 0
0 0
0 0
0 0
0 0
0 0
0 0
0 0
0 0
0 0
0 0
-800034135 0
0 0
0 0
532703280 0
26602031 0
0 0
-744474492 0
0 0
0 0
0 0
0 0
0 0
-748539490 0
0 0
0 0
0 0
187651531 0
155599362 0
0 0
0 0
0 0
0 0
0 0
0 0
0 0
0 0
0 0
0 0
0 0
0 0
0 0
0 0
0 0
0 0
0 0
0 0
0 0
0 0
0 0
0 0
0 0
0 0
0 0
0 0
0 0
0 0
-432364580 0
-742407734 0
0 0
0 0
0 0
0 0
0 0
0 0
1126719768 0
0 0
0 0
164947085 0
0 0
0 0
0 0
1223059728 0
0 0
0 0
0 0
0 0
0 0
0 0
-571698590 0
-191230010 0
0 0
0 0
0 0
0 0
0 0
0 0
0 0
0 0
0 0
0 0
0 0
0 0
0 0
0 0
0 0
0 0
0 0
0 0
0 0
0 0
0 0
0 0
-107591064 0
0 0
0 0
0 0
0 0
0 0
0 0
0 0
0 0
0 0
0 0
867759797 0
0 0
0 0
0 0
0 0
0 0
0 0
0 0
0 0
0 0
0 0
0 0
0 0
0 0
475784260 0
1037805106 0
70950515 0
0 0
0 0
0 0
-504386357 0
0 0
414455740 0
0 0
0 0
0 0
0 0
0 0
0 0
0 0
349559379 0
