-1545698275 731957456
-644979551 -1583405720
-1376425609 1494059571
-1481072134 -872019733
1302228541 283259751
-372125114 -109172208
840154921 -1709469566
-1592607928 671510665
-2107386803 1420129375
-1452078024 -1819802611
1995025668 -1374474276
490798758 258467839
1826320705 -1167071740
-1740893980 1267129724
-903244255 -1798405739
1228989608 1386712813
-1067117634 -1314544334
2108041769 1813340630
-1283946943 375957864
-64187959 -1205371804
742980880 -2081359865
1817136077 -770459498
969646908 -948242589
814311518 631512517
2041353239 1533880468
2098543378 -1554905251
-1903247009 -1380357040
-1090473444 1807628910
1717298385 -1714079477
-2130692914 -1382630762
-2009260444 992671628
-1493909408 -128455634
1832934379 971873885
-1736795147 725898818
-1901142791 -279702697
410622395 1377898441
-1820231685 412705484
995928606 -1929194453
627641366 1818301972
1581261494 149315378
-1410336377 749496410
683282027 2047803440
1307536245 1374965262
-1186012566 1780602364
-1448182949 -1299752679
437158936 1453659597
-1491114398 2021125596
826147381 452286610
1593753355 17809922
186658795 -289709563
-1036980496 -1724906639
1239542234 -701018418
-1143389489 941758936
725387925 192931646
1660436139 -1798118119
1568786273 -729765426
1944653574 582634555
720763832 -131188315
1112211844 -635215259
-799887909 -339983488
1305510500 -1948256863
-667255234 -895937722
1253525066 2082210366
-1867913917 -1380918838
-375474608 -1245864328
-2036013725 -1548418821
889134612 325282931
1974654753 113874124
1904801238 2002352001
-1106619337 1337785337
-2012141323 1035905139
-2024929440 1009535410
178138005 222098198
2055731874 700908320
-1255405188 -2119971922
-1069580412 1507603279
705333890 854894038
-1296215354 652749616
1945883897 -1606046161
1228405333 411609030
848989670 -1960834370
-1194120690 1213205542
-1120222262 -988025958
1931850599 -2024295080
216558408 -616068360
2031832119 -2108173426
-431294793 1586636983
151816457 -789056838
1461453258 -1032812270
-681759232 532883888
-579325425 -1217203561
-1657118647 -516799122
1298198971 815659506
-1896428799 879597062
169296141 1423269040
-2143964351 -8593800
-1444737135 208318731
2025334747 -1128174838
-279068427 405669354
1427409749 -2030226999
-1667530841 -716735006
16759267 530547835
1608620146 1598511983
-1676145723 -422999058
-956825519 -1906407122
-110156064 -209840221
-1003751902 1830572496
-435762873 -65295286
1471012626 -1202050124
697195636 -1699275043
-1312486842 -209280364
-1690523130 785484299
-1901145339 -976801814
-484097322 415255283
1691715112 1377110708
341361239 -525762237
893199653 -598124756
2128313801 1585700474
-1903384139 -2049736682
575527386 1436009589
1040478743 -2096125320
-1472536420 1475587044
-1171377077 -1658548723
876473019 -953622148
1775325783 -396626257
-1407540505 -551958028
-557360104 -541313979
-780309833 -1550826872
880456882 185295976
-2108273281 739036976
1598246783 789773695
-2070333752 -84375048
-174550277 -1918050582
-1639414194 327012892
991760823 1589650400
130046659 1610884516
-766944595 -171003065
-785244883 1809056903
-1916657132 -1306453423
1899312974 -1735417676
1208073515 -1575502897
1927285942 743095012
1953873802 -1226754242
-1640891682 -568592831
1673146082 1371352502
1675383659 200304967
-1745476861 -649854457
1814487646 -1537470095
1338849861 1223902241
278577024 -46119873
1929237947 1379400037
-100750443 -202093749
-1092217189 749842573
1049681653 1589000060
1573677606 -83706177
-1914707861 -1427944069
-1509923076 -1723496500
-645341253 -946218546
155361078 1467812731
502616524 1682334630
2099104014 488226082
-849894505 918645367
-1693235710 217324010
-126318969 -527894988
-1364566462 -619496313
-1073773289 -1807745353
1700675973 -1561715372
-2023572195 -365266730
-1750988023 -1468843780
-1298028286 -799712210
-1076424817 -108809279
1195175157 -132698902
-1032438785 -165589201
1934587675 -190360980
872472950 -37741969
-1444966151 1858641980
-1895460039 -277357910
571034249 41945661
1485583801 1972359376
-1543952074 -1020908478
-1684685515 991331096
-554782705 814108875
674637944 -1672878278
1450609984 -2116281884
-1406157880 1268423228
354895385 -1587573435
-1310182936 1608214240
-85165111 85878024
1672820084 -904802222
1851144026 1106037755
-510330083 -1965586662
587549513 -1079773026
-602519067 2075770365
1707624890 687130608
-1524010801 299460037
-1329475220 -1591472468
1719914788 -1566626044
1239843347 -1038203851
-776902568 923480409
1700446224 -2066513793
1971204571 2128157619
1269264480 943882550
-1434927729 -1655693616
-405404249 884707786
-1068459148 -1796436840
-1044434950 452429919
2082445707 1213078799
-1538356175 -1830626178
-1976821894 -725518130
706101434 355045176
1649116858 -667587931
-1043172432 -1822708549
295983195 -749433764
1596857051 1997170230
-1602211318 946042207
328635108 88370806
1985911381 231977995
-515204733 1315934967
890053918 -1267060200
1024518756 -1760614189
-565818031 885466916
1278267621 1942459597
982307555 -834003009
1975345649 918797121
255624475 -681670179
-259619681 -807296063
-1592939200 -24158092
-1859094527 -521130222
-541407387 765445214
1716111206 -653921103
1270304774 -309511610
188870453 1805546560
1404109337 2023165936
247459142 2108243752
4815598 -764304683
1913761561 -1412549296
1020755728 191224336
-1841566181 -1746135449
-1697096606 -1506448125
487584384 -859299253
412423908 -625918760
755776935 -44637957
-1702364526 2083382646
1138271488 380224704
1344098964 -980440531
1413307101 -1872270094
28646361 -1112015672
-1063338261 -1274260537
-1625187212 -1465616859
-437230833 1098684054
-853314336 -573728456
1366877703 1441558460
1259398845 614902833
-581815064 -1534429339
628808639 -409110773
-871237757 631270818
1928132377 -1547011249
978864738 709816759
2144817174 -1876944185
1918926302 -209320996
101668033 1248448164
992146207 1444068402
1159030436 1892936017
-323968762 28012926
1475916043 -1671415244
612081242 -1386169360
2033434856 -2120281776
-714511651 612536769
-898561554 1576629756
-1163427547 1827022431
1163762855 555258729
1322043124 676449950
-1774533401 2005053849
-1710772318 -1675441161
-1997256120 -1738436501
1753094941 693925936
-2046890302 -1808373407
1868548230 -641297208
123912622 -1466181474
1444435242 -1366933991
1022181428 2113673589
1449172247 -1115517457
112644522 601721237
1023666765 1726615522
-1179609241 -1131724081
-1569739613 1823089539
-1334074647 -1492967009
1317092202 1859390716
-49851947 -785669636
-692996519 1065065832
1028050410 -302388675
-113955671 1898658953
950964586 963197295
-1614625787 -1175076314
392628556 1771788408
-1957182615 -726244288
-85857692 1779689235
1420274332 1494988153
2139153632 -1475495115
871971688 -904068043
110255722 -913539238
-1713102094 1881799197
209074090 -17506509
-1253277669 887969603
-1146287203 -1740200178
-1498665547 -643726194
1999401817 1152217660
-1208950265 1532024391
-278933479 418183064
2138154363 -1075336104
1107440870 -701185334
-609985572 1913562805
1208123301 -1742594209
1088248405 -304628582
-462387195 325022707
-229223253 453361146
-1315142836 345015563
-323638590 -1951937840
-2125463202 -277136099
972006046 -718905996
155160619 2106536820
-417202657 641930260
1082327086 1788997124
1207442927 -1979155504
-512645778 -1728002074
1712160024 1080169071
-1739958647 1897149743
320136345 48930340
1796173014 -1563711175
-1901454865 1997128966
1676135880 -2083130904
525150101 930761674
1423844561 1759299284
-196760742 2001367908
347354480 -468352892
-324426516 -1844265605
1640946748 -233141612
-1806805457 -1819497276
2066511572 1080548094
1671086603 525549021
-1816939270 -1333619481
742663019 -837888757
786969959 -685528467
-1478387820 -1871687759
77487617 -1633712087
361179057 -554207015
-893610513 -800428256
2028547951 -1445439209
-1617443721 -1659918447
-482822934 834156793
-1921694075 -255559531
1911323246 141236823
1787156392 -2134273863
-803236407 -492688351
-623258569 644636692
-1684634031 -308676214
1486432344 -1730616395
200962058 1021955843
1961259884 1671673778
-1770302781 -544463314
-982879629 386190238
1378647217 1942027768
-1991861424 2120677946
-1468474612 665547310
2042530966 -1260367393
502576667 1885782299
1014078092 1263557194
1072693198 -198551795
-119065442 -794685170
-235017357 1862669422
-929639047 -443988600
431952830 -817123380
-725192150 1076929346
1536880572 -1670936557
366870359 484843642
-1061121187 -1179444031
-988757927 -862436129
1574187649 -759187857
143616466 1413865378
946843279 108763445
-1373949146 539286463
405122837 1019324988
-1988690824 -1965423927
-912810519 1117375995
-1364459984 1551491796
1534139200 402368562
1583333984 -28249662
-1004867180 -788975819
1877463278 -1609347457
-515997709 -1145707115
-1987788339 -563174367
-1881060614 -1752328588
1847916553 2025516321
1255731488 -1696082956
-1929389712 503735159
-1933958937 -1836894584
31227070 733805722
620231905 1571974861
647871884 -1007286880
-951505133 -703712342
1445921302 -112524413
-286204397 1178551419
774117318 -1861400292
513357678 -554993691
-805435865 342895834
363086777 -226005256
-1004873202 208519289
-209781128 -532139719
700935027 252135495
-1533481394 -1032830949
-1405063633 271146185
-1408479487 1397616884
1706282278 958532105
1215135751 1981226090
-1485361667 -61008155
1431795025 -1447398737
1499038957 -165640208
-1481142732 -2020180291
1701088132 1880990879
1103135435 1192000485
-789191490 1979276541
-350927199 -179033762
371035394 684473679
-1940448820 1491058396
301160765 -1608663571
-665179185 -1051732856
-1304205403 -497577079
1862965723 1668795409
1014570753 1974647429
1952097487 -1187228071
299948032 -1412524179
666119569 -193880705
1094190408 -1552477905
-1976445908 455370170
1008196662 -851142960
792386538 -2087576797
209075124 -2126828503
-2145857009 -566512654
1282386513 -1291617303
1623356300 -645847561
2040570485 2129049473
1205534762 -347508157
720602625 565850033
-1665739524 1303314766
-857744119 1542608046
-1799092312 -1610173602
1823017647 1044344210
-324802505 1819804218
2042453749 507512980
1013856398 1745589445
344913980 193181404
-1082819894 1623133473
-560708484 799395491
-758310353 874551195
427540833 -265798672
-1887906277 -1414621745
1091075740 -1354684352
1682489980 -973258463
-1450974657 -1045398258
241294627 -1685634412
1172523364 1534659004
206095559 934703125
1246446327 -1267024494
1530150081 -793981541
315018310 -2012826653
-1126469135 723528585
1456970373 -2064820760
1976558548 -200129879
1045255881 250262381
-411589255 1859268515
-1994001127 -1874351916
-2007446826 1393648320
-1337329746 -1092584785
-1384948235 -1052749845
1090361780 2001991371
-1877711428 -634511283
481667087 1777213030
-1120842613 655051630
484482715 -818079624
1824226771 1639326813
1012778606 1185456086
635382793 156486986
2144774600 1710435815
1659649294 329343289
-896584442 665800992
1193705943 2136734410
-1499424708 -5748101
2140663325 -295700627
673029787 -1289593346
-1348398702 1262589091
-165259386 -2016271971
-206202368 881139890
437285951 -1283099089
-1053618907 1943367621
-2104373843 -20801828
1638734101 2109533762
-2010831689 1274136231
580239922 -764442119
-2140356800 -366050214
1255388464 629856718
299088127 -461344271
1280944568 991283100
-614064490 -1110002507
-23646799 1808537379
-1926999913 1202120645
1270362772 -1923795739
-1163270515 1236848260
263378295 1484217818
10967061 -990804235
731356812 1275426513
-4296824 1263607776
-537720827 932249618
781312097 165307878
-448928113 -664334242
-1939042283 -1494581623
1279000251 -91022612
1589250241 -1028659023
-2005307625 -1049788124
-487700482 425350043
-2063032673 -1067135835
-179813268 131981167
-337988372 -2119863675
1885704987 -1861304063
-1743692977 -1710222916
-296812335 -983547816
1460310797 -1119580694
1326886400 174341826
-651796942 930060830
819519076 -694638892
-1711313708 -1566404335
2011035597 -1819301600
1730646948 -292044059
-1046507521 -648645484
1630377982 -759052318
1908075425 461177847
1799236917 -173856783
99103161 2016517662
995603779 -1549856507
71815447 1845122270
-1557356298 -1284935478
-634657287 -1539947140
623003311 -97044424
-1841142156 1118690444
-337234805 1228008757
855019272 983679766
-1656365583 360065556
-804019498 -421185656
596773632 -1491320856
-933850565 694629480
460103419 287657217
220661826 1090113130
-1534279718 -1985500829
1484289507 185184122
950528398 -1633978900
1162583159 -2105242552
-1804493011 684447621
-725374217 651562765
-1085461383 1327222977
832161109 -506458784
1585022139 2113098750
1722966257 1704911998
-2000970033 223662948
1351417072 1130058273
-356353861 -590240479
1733410989 -677468047
-1882635577 1295811363
-754195390 -1506523516
1270503921 -878213042
1508933037 573949731
-861642398 1508309159
223528742 28259520
1149455573 1798426643
-268330016 1075737351
-191353414 390301303
-2144665001 -7028351
879273062 1184646234
-307627171 -1541345797
1932310366 -1223206107
233957462 1627718827
1708235396 1879423305
1350043163 659270130
765583651 27104034
2008031052 -2004855170
-702039965 -66898822
-1125047511 -1639715845
-94969063 1661051498
-1379784010 1478153974
771193066 116299291
-679569441 1302654378
2072935504 1721329309
863468450 -1160541201
1377267334 1137058757
326918823 -341709063
925541872 2027105785
920912388 726750654
-1141988480 -297432086
-199838781 -1042472684
-182188687 -1280497610
-886023161 -987194461
779179009 224035777
-179861818 -1386556198
1448345988 2049622566
990705845 -1022728723
1756633283 961762784
1020023614 204519771
-1305148697 1558866056
-1745348536 -19654604
129863752 -857350442
919533764 -641063110
822096097 -294690439
1589000491 472469840
869187741 918967542
-1744362604 -2038379139
637647791 -1544435654
1956647684 1928323298
1961328331 1337554856
-85598100 1370037400
-139274231 624065766
821896387 -524438939
605213080 -788727123
1045910694 -792265812
1110594477 -1343423388
233971755 -437430816
-1436560820 -1092849382
-1946488106 -933596008
1172135518 -29490528
1210333135 -1719817055
-1294081379 1129524133
267545330 -548447239
1539028071 2024138717
1070040560 -1350098697
-895432374 1193118071
1438328400 1428676054
-1979586386 1856213428
1674655462 -2045080232
1171841111 -1153366930
2054696592 1343537949
827754510 581323356
-1969189140 -982695106
-28513197 1323209864
-1492010431 1004764999
-777311407 -947866387
-936709403 818773795
1337888590 -996298502
1072854433 1925904063
1334022658 -808634445
1746636050 -1693321680
1952529080 -137782351
-208537443 59934786
1016722508 -1178981616
-575400138 1991364550
920779158 -1952402585
2061037773 1818245084
-1330185986 -527587941
-716909980 185005101
-799317317 1693486096
-1230842027 66787686
-86478302 -658291780
529236812 -2113423125
-554711978 601698212
1218044988 -1892052197
10307969 175633957
1733568021 1275530135
2113450170 830522555
-1725363687 -1344632874
-493397616 1272970816
-288959552 392402544
-954003937 887102400
1295859862 2078296388
1876852305 1849365393
-804080571 1810262400
-1844494449 885104474
-1020321121 -384358099
1501958522 -1052899556
1063831886 159657180
-484051862 -845029765
585577035 -52912848
-493005697 578243549
-1862102185 1254526011
-2042893281 194216874
-463889943 458636130
1743789323 -1771492569
530759818 -665899187
1652083960 242165118
-770267145 -144935870
-1602201218 -2139579043
1933258172 -1894173049
1596924003 -58079756
1467785968 -67180046
-1117234936 45699616
386316720 752667605
1159726131 1906539116
-403579320 -94897158
1415695943 183874741
-94014409 -1401599586
-1593547096 -1437682897
2071056650 817531064
2009250954 136581409
-1161705448 1475721332
1558760439 1308448593
-367978220 777047048
697154294 -2108244898
629031800 589549337
340969719 -679045857
1444931437 -1153627179
100647820 -1529536149
-613399119 801416993
-1391852078 -720003725
-1350951006 -354225692
-760905218 331080405
103272331 -812362737
1612911354 -635064675
817750810 1952938009
695324834 -522792314
-1207491027 -537325974
1482810220 2092794508
1493819225 -1999131715
-1713657585 271064678
-1733575195 -1024987585
-439938242 -166572012
-1619764344 383628162
-644239133 1373287552
-1282278050 -60687693
-1722392468 -1563053789
1290865061 673975738
-548271720 284346708
1612652949 1791711985
1596144209 1633140098
-1981608213 -1854844115
1288427678 -1601071881
-763084440 -1226117306
-1999690909 -1274395648
526082039 195726822
909474486 -712788576
192761822 11812933
141647625 -1653270822
-1444430330 -1029905307
-927505360 378843416
1620776773 31276790
1768474179 -827238695
-114441981 -969626460
-637611139 626435681
-54603888 1494490783
-966371274 1586210125
-2090423512 1634765379
87276338 -1473244647
-282511318 -304345158
-242086578 -304577818
1849545250 -1673186821
-326015870 1089163865
-1875674508 739214552
1132016755 -634740782
107163494 326650198
-684766614 1619474470
330260936 -137849780
-1838949508 1181930891
632579506 928421913
1293489379 -1174629284
-1557069759 -1365715601
503940033 -630399954
2118275682 448718196
1354681645 1469538295
401270324 -1805841508
-744749821 1451229143
1216062874 1773059460
-495166785 1751525628
-1290341217 -1974390579
1481382948 908641187
2051993541 533973669
-238169698 -1330512764
1425404799 -52200587
-1009662361 53490246
-696271805 2879330
-1744250497 597368909
-1690031491 1017860816
764093666 -707199652
1721427441 -1174244094
-1847481036 1896710326
-1797482984 -242346824
2125741140 -671739171
196131114 488953368
-931724773 -836037959
-1763203718 725666631
-1736768501 -855247605
1354753414 -475133843
-1482428023 -962245774
650563988 -453976330
570323776 1952403801
-467261189 1790354639
-352436865 1964484848
1601012256 -101544007
-2146443259 -40296656
-562344139 1255324739
232064886 -680911162
298711587 1307216557
1067717114 -995069041
1535202244 -1805175119
-1955183059 1902647483
-208809725 -1357509585
-870144216 -669663389
-1362922031 796246898
-249768362 -1184913413
-728657799 317221967
-1162929046 1565624509
1941726454 248627832
86715888 -1583545141
964248539 -786547658
572546615 1284234605
1604832370 1190527349
1427186536 -243764316
-447300465 1191514698
520007198 -149696798
1694749976 -808123218
1175378821 -827433557
-716024620 -1646399220
1751786200 -183292169
-1214957958 -664108035
1604684616 584042406
969755987 -740237386
-1566461934 -1594241283
-646533789 1611488903
-1228961046 -1730481447
-980070685 263411703
-337192749 -953289435
1914132873 655208757
1741389511 -352047914
-231241357 2088967179
1596572141 -1001697016
2064926319 84727665
1266742085 -1772636112
-1523093896 789900325
1707586338 -1398514908
489186862 1347070116
-166364705 -462903042
-1241938803 421703237
-1600539965 -1640763284
18260486 1703979475
224199039 1683849793
937200636 -2049558100
175357329 2053166167
1954439518 -967783980
1901948376 314136983
2099045610 1882014269
-1559066548 -1017558418
-1065085244 383873673
1815972699 2019212254
-788619398 443693920
-762626937 185648479
-1256726989 -139016125
-1896866565 1687923686
-1525341929 -1424948246
-209158920 2127857056
-1151374370 1404829370
-1601300148 -1916874609
-753571959 884869275
-1362547101 -1363992714
-466457072 1860280526
-999240153 2028555137
1029520775 -1307645796
-1837057534 2070725459
1858259442 760514694
-1772562363 -1099481755
-1897421798 -1977565026
1435544838 926615086
489946321 -2022945893
269178522 154758423
2102989344 -1721044498
-661368932 5230769
1983790381 1582601647
1428766613 1624762764
2141456549 -1584234438
-2059839426 -572027943
595860470 887633710
-89019977 -1750828865
-1667959336 -841412304
-379828922 -1759546893
2089265395 430697609
-1787269529 -1945809215
64504421 -1247718238
1962479387 -907235751
-1825138363 1746834070
-1104538815 -116703569
180408860 -2120375684
-1094602608 -927012699
-2072133242 -2000972439
1195890625 -595142356
1256999369 1422468921
1356578257 106973954
-235828303 2085605705
-2137366269 2100123918
2056653856 2133835857
-674993595 -2068419918
-264985243 730934688
-1482837248 688803294
-20483736 1845546986
-1489431855 88676867
1089178526 -310217672
2025281737 -2073302348
-2107389895 685571763
458520336 774040413
131974743 1180974986
76766967 -431150677
-1102816399 -1615123554
-839828455 1881207215
-1409068075 1886061494
-1145566778 -1220625536
704738215 -633592417
-1478426385 609217061
1464039821 1502131505
-1966144086 470870418
-2083186017 1461659123
-1881699704 -1160293724
323815634 -1196076237
198201783 -2072991460
-464565513 -1601101279
1080701435 -1272887056
-47827651 127811222
-611600345 1590511579
-1566024435 1564124201
1356277694 -1455271203
1064704523 -188389833
-1593834306 -333448556
789750006 2070175916
-1971165312 1112741838
-1784320019 826234205
-1491586313 -299436056
-1766086919 -542605933
959256571 -1336105492
1174937384 1483436302
-509688293 36041275
1877600387 -1438551354
1615988082 -577095213
1718002690 924384649
-274039071 1618118620
958546815 -1711784799
-1498819118 -2011597650
-1793331706 -122995467
-225042248 50085172
-1301906652 1557956309
640608113 -2101957219
-1242627738 -1337473950
-1870830309 8014369
1104172863 -1660949792
1023798444 1350129328
-729489944 108956546
-1244553399 1926876714
71415086 -2080157079
759371975 -743606624
1112980388 -1901591419
-1069645119 -136028917
480757817 -1881916406
-255133087 -1658122959
1839469261 -1825737937
-1555655683 698793010
-990117299 -1537637516
-1105798231 -382040277
115763137 -1499936433
100467614 -1372917102
-1808375160 -195219370
-558336151 -9867410
-1193882680 -675494440
992834838 1642297988
-1222326276 -43688451
1525516763 2013109329
-2026014628 1450385423
-162335644 1543797530
165915893 1815059429
-1759375703 1163885313
322260377 349267934
-108528151 -1895054710
-1951543541 -191436916
-94779675 -1957688410
248402841 -1955363264
-908654085 -1253600910
412297948 1333450028
1537908527 -1448763216
-1610017079 -1473140403
606012606 1748350438
-438135886 -1763097612
831588133 -74832879
-1183555070 746936069
-356691981 -427965516
-227406670 286851721
-961399335 -1247468162
-228803463 -868350028
2072281210 829170278
-2002750756 1809852879
-1560036324 1124317676
-721775592 1155184413
-1371325286 905766692
-1048503439 509833134
2082908498 1507517340
-1006608429 -35897905
575906573 663199529
-1126809416 -1516408983
-1487989026 -123655699
-1053511839 1885251625
1904665862 1697090840
175699937 1166811848
1487826445 -563662492
607988290 1918939015
724007807 -327637661
1238061592 -68198154
-437164548 139224666
-1434847106 -1257229356
-1584098587 -1893013555
1392694295 -1332182953
-1471591458 -804528479
-521583626 1296628482
-1285689937 949065765
463961630 -629726387
-437533544 699729602
1509969344 -120266430
-444456059 -1008018
-1650739711 -11389085
-101880935 739757909
1702141491 -57890546
538281854 -1631818737
-1548063895 8457378
-270609145 -2074601569
1387127788 -126833747
-974195354 1043443316
-545018329 328283989
463628761 -889060721
1807182026 -1611657886
-1726868768 -700300442
-1374356447 -207646066
2130335110 -714201004
-602248212 -1048703660
-1904453286 499119218
-963341284 -971147704
1139864996 87085360
-1726264726 -967802145
1061720617 2046115024
1725973458 -1208301211
759885930 996651852
-254522132 444147481
-37406239 1523707128
1272006803 1550723943
-2138792420 -1519377524
867725322 1463034877
258315817 -2070561616
-1549859563 1329609685
-1485097362 -820224278
1297017834 532060148
-1774821111 1406807373
1317922728 -339585934
1589588410 1433227898
-1873703850 1860517983
2073072722 -1775495887
1204878842 -1391626342
-1284848744 -1960063281
805848241 293202592
-1253103551 -31865636
-1661245127 1312037023
-18529682 1024256566
878014546 -1158066638
-1802555793 485094324
1640773326 -69297421
2026449962 958742046
-1336696028 1014319975
1677436324 -2126083559
-19738246 -271145108
2122498934 -1898320938
-1234708592 -1359442884
-322359216 1462309195
1185093997 -1295685671
2025356198 -710597877
1028395468 -1289928068
-354219203 -1479435781
-122410942 167574421
636166916 -2063065881
-802608242 472428748
-1274586892 1739170305
-466253603 -1033719441
458287018 1929366953
1499211771 2052922239
-1639403933 -95031040
-1697276040 -386041558
1892419136 1645295344
1310643047 -1129352459
-904687757 1949840103
1846411542 157329313
1413249857 -1861418084
114801427 144781877
355340477 436755836
1057019018 -989193261
-1249335365 -945717964
-632122808 20524790
1772321035 -885879652
-1582893432 1604515810
-390775394 -1503796623
1539687548 -4931349
1208925095 1726321789
-1837412881 544661574
-377103023 932036870
-1457941817 -827106400
1759374754 -1123135483
-662992213 1988113520
432202020 1513937925
-2021604010 -2013401103
-255515080 1448798059
193339431 649767751
-2125426578 2101887875
1846857936 -139623617
463269458 1358321597
-39734270 -90078985
-629415435 -1766252722
-1415668256 264851628
606331462 -810040794
887293101 -2067223925
-1665686789 -1763759088
-549809752 -1263633527
91171280 -1395955147
882655544 -199092488
-374102640 1967827191
-45442279 599715191
-642184983 -1687968842
-729909396 -1149822438
-1432590678 2043409643
1667966922 129356238
57663164 -688838901
-2065071426 77486859
-1762905991 -276292949
1152416278 516695472
864357996 -1813817545
1123373696 -692773009
163494986 -1606501070
-768903614 532333873
1657438194 -554790157
-1787051063 699060967
-1483046265 -163112010
-2093964706 210302504
1758299685 -412888626
940694212 40850937
-1312986860 1213040846
-876794933 1801290321
1092238797 -61163415
45569423 1041543570
1495201366 796377944
909607207 1505958851
177363383 -1823866129
-487833605 -522646306
1024535374 -1043101323
1309564109 -47319901
1585486040 1981554672
49892975 622027076
-192241665 -1794448359
-2129853555 1447299249
-445333645 1976793441
-20349415 -944827373
366051617 488648475
-1706709435 -992798859
-328974259 2081376641
-2127617330 591640071
-1205230759 148462147
1710177 -308218280
51864903 1645283760
-1183291052 422860959
84626105 -27674428
795147244 -1784162923
743741100 -328359242
1455411417 2010204222
1534765115 -985039913
-1274011561 1377031335
804302863 -894733178
-1108568758 -734236411
-2041937768 219922575
1407920190 -413097582
-1358340883 1201069232
985719840 468083782
-1310532035 -1726055014
2079574684 -1208074052
-1795686097 -827252684
2073271364 -687363701
-309982219 1693721271
-1515899487 1004801878
-971301802 -1396445875
-1894529924 -2119588360
-973965336 175156550
-1967987516 -1899851226
1815162456 695520392
628500122 -1613600344
-225195407 -2092330363
1074870370 -730381886
29596173 -156151492
902278309 -1506838186
-1975792434 -1021096707
1506435780 920852628
657256150 1929867637
-1329603050 1749356053
-392812712 -1515518626
-676273978 -607805167
-1580635650 1650597243
-2123919440 -1646570119
-1817822017 -1753217351
2028759985 1055100442
905726872 498444610
-1836906873 -523660119
977260180 1220459435
2454059 1135794329
56147313 2126581801
-2067758709 1567846605
2082643892 1941085214
-924332919 -937748518
55485674 -436660230
1133973262 115646415
493209245 1062825909
-280375583 -1578131981
782883270 -958800251
-1215219144 152772841
-570583021 950669980
-1605423520 -574668839
776077277 -2102081984
-836667741 1401606826
-185016259 -185291133
1489821508 -401726037
-377562583 257665195
611710592 -1468575736
644076482 198089935
2098765120 224862465
-233912485 -715500972
-275132074 622150166
570656874 -958289639
1710991006 1518209939
-1970089103 1867526268
-52890050 601679295
31153957 1487925170
1331265555 -504868396
1359277621 -11956969
-863719689 288891627
310279638 217089341
1879933464 -1278776457
-829148989 -796221070
1655567774 896258270
-993730538 2015726443
1505407598 -757832263
-246245429 -1445148706
1802349211 489484762
-1326620322 -1117425124
-1612453999 1685872576
1008876271 -2040753524
807617098 -1054573815
-1364560328 -1159457870
-749045395 -904295072
682017530 1017651996
-575101779 1249761443
1935144537 1123823869
-1702723442 -1548364784
-1771720257 -1682399467
-2025784303 810435391
280234133 -313201747
-290143570 -1753365495
1991628883 1731450073
-1288825071 -465281808
1031028869 -991852268
-1703535108 -1110607988
527299582 814528511
1459750805 -1724944632
503573014 -520312594
-807397339 -1161756511
413765156 1410595926
89335622 -1539065250
761355469 530596808
-39838415 -1874691535
-668814620 1840927862
-72886324 72990167
1626239643 -1897779344
-146208305 1568520409
-1861173352 223058881
-1859239078 2015237387
-1756000208 -768002193
1387658689 -1695061794
-385006407 2119673403
1400345293 -638285476
-1379952801 -1351918871
1561958910 934931086
281112254 -2124932560
-1881272447 1394742029
868478128 -1771785664
-1318736359 1145467175
529201528 -997488638
1854156820 884357000
-1420195480 452594739
-2084960458 281979536
1796079221 -388213145
-660422427 534563191
590654487 1990938002
2147467254 957676912
-1603421019 341327351
734688564 -1540404032
-46170102 1642763452
-1304328642 390612772
-204547804 1523205416
904711969 15924537
208392706 -2093502315
1412246547 -755068974
-267079723 1700311380
-879477854 -1899309391
1353065222 597313189
-1518175021 -462495489
421242164 1504987237
-1268302271 918346660
1651710402 -1576509955
-1679080250 2137979948
853926786 1276760306
-887982545 -1593977776
-930984953 -63345253
-462087285 1766735758
-887324170 650811694
-654207366 -1105342790
1609132937 716669846
1813564060 971881669
-76309020 1698362377
1360252734 2015937316
1841194771 916591054
1031431409 981022214
-857532212 297053564
214717066 -1397990727
-353245836 435994596
1046664961 717780642
-1127582482 -772891717
-1807916386 2073496076
-1648597856 789710803
-603276095 -886433468
-1268263397 2095909735
-1431611489 1914183448
2125309844 89745466
20739982 1747210324
1941667482 -1574130801
1654115541 -922017019
-410120900 -1843102413
140700219 1093210119
-30393762 1647348149
921097541 1482304319
567817833 -1028849560
-463736539 904254981
1663053951 870660833
1294782285 1908757840
-1951556616 -1387941336
559338223 -755353333
685018207 2133105696
477338295 474190619
-1900890329 999155559
-453412051 13433020
2072620773 1236620466
1612614921 1183557944
-108457730 -1214123538
-1436980938 1889319447
1228040861 141964695
92412401 1681232206
-1753439102 -1609523969
870560721 172882765
1018893253 710706049
2102952274 276500209
-1732854018 -1384424257
-1535610838 -1980343846
354149111 -1021932493
1000911051 -1231617174
-1914427308 -1527507107
-1994757608 -164497332
-1525616747 1787192550
-1806458723 -1904148232
-2136328585 -965600324
-667726993 1029936132
-639231167 -1292178415
-313528374 -207998356
-327938266 -999334562
2128596660 1710801625
472385879 -1464222222
-879794588 -120845625
-852794752 1805527329
-242218066 1202866490
-436804148 -11631764
-1582453427 2136470836
642505303 -220005434
-1451330307 -1104138365
1691600919 1152758703
-1857709119 -2012212668
-309546648 303806190
-1993193672 1169623617
-688638924 1358238886
-97438459 -1381671324
-1044212932 -606953044
-583693695 -1641125175
-444335021 -1925379171
920111680 680316791
289517669 -528943904
462221996 739925367
584225599 -533349626
-619251112 -139751423
112890918 -404517980
-908791324 -574719740
1078298460 1047975141
-1731756149 1831171332
-1890221130 447301166
991474959 -343639828
637156254 -1006194816
1675675101 1318526982
259685825 2021068680
374414489 1301659807
543917219 -2084389397
-2000556192 -1101387839
1830538477 257047771
-1439816055 -1894693491
-1257219974 -1362434968
795319981 556241309
869586851 217237400
1252164532 -1539173781
434441595 -1380990704
-1479370117 384380382
-2102784542 -834764740
1417558507 -284952973
2072679346 82634972
-31692101 39350747
-420543466 1516721540
-349913391 1721927323
1422306563 -695915524
289237345 -1176187143
392611871 1312418791
-1574422000 -1776516757
2096094175 -332180989
-1766539530 729904997
-685608256 1214455896
-1858792828 738433619
468195755 1191421802
769261733 881804139
390548840 569769376
1855436551 -54092481
-194891353 1181155325
-1713776839 -1438969858
-1234162633 -1972300485
32032662 1812198283
-620527403 1019393088
-1610796932 315810037
-1046619984 -1869657855
1668356530 -44537625
1342382392 657266050
1741363452 520337653
1419453910 127827685
-905210402 312511363
1225285004 -451706654
541930295 -1357643635
1608916544 1780787031
-1894779809 -1347736560
-241013079 -1435244137
-1212585956 1684242117
-1102567938 2132169819
1051918641 -978165700
2134271293 -514996061
2088866317 1558631894
-1875251787 -81934912
-1980582045 1636302826
266870124 -635745463
2093143158 1224606204
237914763 507131668
-395443136 1721639568
-728153241 -1000054116
92507402 -2126309035
1774082918 1831909267
-477869170 166970516
-1207823188 1594453441
-1849454844 2088070050
1196693298 1551266398
-601877694 -540411231
833028636 -79754470
-41153898 1299731277
1883861577 -1648459471
1727258443 -2057526600
-1646088316 1078093197
940362508 -755952197
-260087549 -137513842
-436693848 201385655
-1821780190 -1932725665
-676614483 1204087916
1640304331 1035468259
720594734 25735199
-136306724 -1121315077
2026328776 1056672333
1185746589 352924860
1263021885 -838350476
-1664976908 -1867413799
-281057795 -1258660032
-1087528410 319926703
9645650 920885473
1038923084 1796913366
190793594 1711904402
900793248 491278049
-1041967621 1719711037
-584797304 -1570885020
513527047 1838786260
-379811692 -1375968711
-114189068 1472139749
-1314058403 -2011748156
-828966561 280914634
-1431975636 1910568083
1145324314 -2108284566
-509544729 -1826128511
-1150475808 -445246856
-905284673 -514562325
-726029362 1523192885
-1152936948 1947565358
1209305940 1420253378
-1341974587 -919132881
190621392 -370531772
1602539026 724813335
-1856561985 -1697906146
-1853844075 673544130
2115041419 2967923
-1763392826 -851373749
-905379837 -2136172770
-236468648 1798528203
-523695324 -33887674
-518206347 -992454307
1096381258 911511492
2003592155 1160970031
221309270 -498267537
-2056761326 1816733661
1056395197 -648446315
795814101 2070463173
912457024 1485103615
-1649914776 -607379748
1102076751 1776839222
496406042 -1693512395
-638706593 -630030332
-2135797509 -2006313477
-1056654021 -103305542
-2001166297 -792277995
-1397971818 717064844
449707401 1913977066
-1004463 367745892
-336811234 2116625448
398732845 -650718712
-1268841428 -1341942111
616822232 -457138751
1959440491 790138698
300268003 2014253049
1602434957 -1467453644
1694665966 -1764297002
-1843863022 -1220501755
-397866098 -244222779
952503884 -393880584
1935448387 -1180423461
-673417662 -126414712
-273830747 1808868123
-1210276502 729846081
2111185664 1360731715
-1180294994 1492297109
1321335643 -1891424678
1148499448 1416830692
-976817880 300352004
1044077693 -567671646
-729419649 -861931959
-109244075 -1840246222
333820748 707802655
-150432047 681355992
1453326341 -1268527076
-978388145 158433982
-50319955 437497442
1912176999 1450204812
-258362994 556331251
66721626 -1711183945
93809280 -95621682
-1838132534 -423256271
859218384 -681869673
-439815491 -1106626678
-1846569552 1534379172
-862693932 279150808
-1636323358 -1631857964
-1302653706 -1491190330
-2110814577 1193911007
1801499047 -1453886214
-502418636 -801136076
32735990 1276077967
1016158949 -780511693
767322544 1068925611
1957109833 2052351790
1285395898 829645351
1373188199 79656485
1431031155 -2143620970
1477474615 1080364649
-613295870 1832158102
1225981883 -1298856768
1716269966 732978331
2042361291 -1967349837
-1478214659 746055773
1827780014 -1547668087
975429828 1192535576
1213220542 1504883516
-716371590 266933915
-264378547 1398775315
-327544695 874264603
-1449431013 490546411
-1355666025 -470790917
1964023215 -957302525
1543502790 2124960191
622868907 839444760
1461182535 990324411
1604316664 244687886
-28662399 -645460531
-1404477925 1475493920
-1710306992 -1664146485
154140140 1872296561
1793633269 -2123549150
1750330976 -1086621809
1816065384 -362885951
-3156507 -611783261
-1748488857 -1686787846
614903493 1686941079
341468711 -396877418
-536934835 -343110924
1198562106 -2023097834
-734867784 757818440
-1955033428 208827049
1769434093 -659471867
-914371656 -224999716
-778456526 -901674136
1496771327 -1135090280
299691941 -1321028509
1326826594 -1100505098
1660381081 1546116834
-395670407 -788510535
-820812525 -1903773496
-516478414 -638165020
1582486858 -1968830839
1121741074 874878794
117167524 451151027
1425006196 382919812
-193533760 1508726265
-340220544 2110041218
1792629706 1236771732
799269323 677536190
1607774418 -791311122
-1427854432 -969253932
-1576810299 437013418
-2143299288 628996776
-1595813832 -1018588658
-368110137 1942363316
1216314841 -1390332926
911416050 -1272201148
1570404877 -1577689510
1990252946 -850830015
1098589476 118683276
-442267889 -1367560258
-360917584 636688661
61300239 600250048
-927420373 -1926559491
-1789111961 400737928
557460474 1938597953
-765744877 900732088
1118377198 233491390
-346934759 552180981
-330566482 568200606
284136477 -1927085252
1487054869 -843754546
-808194119 -1788958588
-528390176 -1629818456
-605214552 -1485059667
-1386578001 1733354531
-64275902 2075918123
969946492 -566982600
1750520295 361703821
37699775 1581507009
1114625724 1890033714
-1858302871 -1497403281
-1247054428 -2133774747
214397929 -2064458512
-1174752737 -1980351640
1351179833 -1254441942
-750860727 -2088840153
1533869981 -1231935099
-1213031703 -1367381454
1884581661 -176494205
-294978649 -1765223359
-537508745 -1814237614
98685339 -37169468
-1619023704 -555645346
227507000 -896283454
-185316487 -2096268450
1861456577 501090812
1377921475 1118017634
1612961072 -2126759063
2059518705 614281908
610059321 1299103979
823043308 876745377
1336953582 264706760
-25719014 -1627732566
1572937650 -516397519
-1905723090 -28208106
896753547 1356189162
-1941623384 7347489
163208706 1300433966
-1174527578 232903735
-305438916 1000831787
-1597664223 -1792421791
-1076797755 1391392708
1205751580 393246892
-1659643819 676190578
-972570221 -115022786
-2016952260 1003192366
1232745626 -1495288323
1829492521 1325015469
-587164920 -204161222
1319141249 1415503747
-470685845 889616768
-219989947 1556940387
1816407917 -1588957688
1728924715 1236923048
1869216948 -1892502377
-308671321 -46360933
581002065 -1837722085
35245507 1806658994
-751066581 -475751612
285760680 44923189
460412097 1831867224
463191952 1486846029
-2037613268 -153327979
-664857634 12164109
-1519838443 1843112523
-399874706 1962534183
1038937043 454874014
33222306 1993875795
-1416893423 -162115098
1684776942 381151387
121409823 1275169515
-416932973 -942352507
-509571922 -1245852091
-1471894433 -1611713248
123225974 2024478430
866320673 2094317904
-1224366430 790018408
1068432742 -1569204087
-1810972888 -1366204560
-112505517 1980909897
2075967107 -791736078
-1440855453 1745375198
339329023 -354170187
-1872956651 1388613182
444110480 -1732384382
-1026266051 -597021726
-116421341 -2104432761
1353443106 1170592067
-37306404 2044820267
744765977 2004055934
171549880 1801263537
-339966636 -373664185
-1822174695 -1456993968
-1400592342 -1904835849
981690001 -1102162350
-1122226739 1753253538
2105919543 -1151034024
-981968452 -776377263
-1543644034 -1493293673
1116229287 92736262
2048421150 1106872289
-660638616 -1906205300
1681184144 1320569239
1539764532 -1724986709
802912090 -556403310
-94276619 1559904977
-1032738819 -983500106
1284060900 -1383887427
-1182868231 1055729821
-983990255 1332456575
-106350350 312535810
1012218426 -2038809072
-518795672 -969418304
-588837246 -219827764
262077147 1149059302
-2124897045 1781862098
1979864694 2129186734
-1684999700 -631568285
225756187 422531561
-901921609 -1716190555
-1363583269 1620824237
-1914508705 -163638992
905301575 842463323
807827588 -1506037511
-1558619951 1268422275
-1680400942 1925352461
-1210209495 875576113
1762468441 -1964990557
-196105335 352408300
647681068 213267759
442016693 1982057134
-701520628 1585919763
487402851 -2036614796
231620937 -1218258208
-1512566956 -1045019675
1715680159 -1892729313
-1882186684 -98817647
869854098 -257643432
-1999555952 228286137
1023479455 1857289065
-430246083 -95923888
-1707744507 1421108311
-1470928041 -989145009
-1012017079 -1511228693
-446094944 -2056905596
337925389 894442621
490978619 2107874407
-1723654621 1178287061
2106837530 -574150860
-1922012225 -787246527
-494222978 1620482394
1451011435 986056720
-1147840258 -20549326
1615480168 1315678582
1810888782 1762291754
-1651479214 -936151450
-1291733987 -801147049
-427725086 1621507454
1336884438 -986507255
672861036 -1052688451
-724692180 -563572795
895972135 -499827973
-1078463208 -1971012826
-1818413019 -79260253
-2063981333 1846230453
-542504500 -1897881661
-3357379 1829270413
-2062784225 -994309872
-1063593094 739630581
214008843 1328252062
1825021962 318700176
-2143372265 -336823246
1286571799 604638943
-1310186389 964229478
1644056132 1972253077
985019562 133112048
1227355478 1010423333
-840233369 833026119
-912730948 513009453
-1122148744 -533356270
269531095 -441704749
173363833 2036573826
-398807733 -807250651
-1152139778 2051489094
332330559 -678476841
-388595011 -322688034
13659773 1247123379
-1319788854 -255517319
-2002610439 1869639653
-905486866 1230824891
-2119245920 314073893
-1549839205 -729573816
-1586289619 1737627725
1285486891 509967145
-1907987543 813794421
638336701 27130453
-1882015839 280813487
-798947080 -2143450513
1148919632 310566305
-1976071923 -2087222951
-1852537120 672222402
1661649727 1106514888
1138111468 -1658173548
169981278 1086049464
-285198607 -1209116025
1746744664 -1753667135
-1539845922 -1609638344
1778182891 -773660340
-1672750989 -1600753818
-1500951652 -1386269183
1494564566 324151777
-1485863313 -850182015
-953976248 -1884802523
1558200740 602802813
1983584299 7359294
-1242506075 313922306
-54067540 971307453
-147997995 -1628334200
-816525320 -578182021
-568977901 -1472342344
-1486388734 366130036
904670165 -1306484155
187663682 -886505935
-1789687073 -1748380619
396796291 -173181493
-1688718610 104218589
2004185829 475565447
-793111119 -398183838
-643576286 1256798279
974242600 485794195
259641510 -1115922678
-1968132381 -1548086627
322976833 1995477023
324377749 -1084743518
-495834191 305438949
507918389 -1836291807
2005135754 1469539507
1218503554 1941563455
1012165646 936643692
468876115 -105089562
-1051899334 1973421942
1311659154 1738507483
-963131502 334722175
1468824154 -583578180
-169328790 908599237
271836638 1889056660
1168343037 -1148606497
147505950 1253933592
834858490 -2013095877
-1356492899 -1870158027
-1249904037 -71261756
792117318 -494984195
-1195686195 -676721105
1288463482 1998914925
884599957 1813473469
983010468 -1401827177
-577746322 547535364
-550459894 -1807421834
1859244716 205454015
-638684759 -193518799
-781639118 -1175481748
-1673935591 1379770819
517551965 1018781673
1172817745 767615603
136482400 38091375
-52484405 -1755838942
-909519288 -1052845734
483911100 -1651287318
477689309 -1664596655
-2083769084 118217168
995962807 264237154
-1393391341 -1207005104
-864608110 -1021681700
-1580966417 793483866
95504317 -1164183597
1485250303 1784871082
1251522715 250490576
-55123224 206588123
1769112091 478028749
-662056773 973216821
-1754652345 -592904825
514342277 1345016125
-760853270 1884582588
-389067947 -2042417128
353150104 1650042676
-1370724056 630596079
-104789262 -1294636461
45163822 -2134105584
-123353297 -2136359856
-810649846 -1941991873
-1582380091 443458904
932871664 -1459363581
-854244266 -131911877
1424275759 1019906238
-1780030193 -1525184646
-607866465 1945542037
615608519 1792113459
-534293332 -481818775
298735374 1272767204
-1932090568 -1994717277
-1206912885 -277852891
1461462337 -1641498430
-1576340521 295375485
1097073233 1932646843
259744777 -682934049
1191846850 -2021241848
1436123829 -504080752
573741755 -862395369
-1165195273 904140711
1383103143 -1933302788
-277651651 1663578131
709023684 -1332477279
1908185418 -2083138118
-378781506 1951221560
-1042241355 1277574182
-1605453935 -885251275
-1708623780 432928380
-442001449 185240534
-2077275550 -234774240
1122188461 -1411806972
813032361 1522204034
-48555749 1356921754
-1897315737 -1254731633
908438228 -456206693
-76344183 -2021496536
1010721210 1233989197
-1179574543 913866359
1174098019 -2043839981
1072130081 -622010501
885551797 -207517079
-647914401 610114720
-1994329297 -825983805
867102304 -2039126033
-1123054211 1010630482
818078955 1922557124
2044555793 -530994200
2035942489 -1857112179
534805420 936631199
1289600135 1926204017
899271953 -2136309085
-1645541455 -22475424
1302121411 -1770171822
-1858383037 -1815341686
-2031063905 375528381
-225418106 2066283690
-1744424887 -1601472459
-1134070580 522843726
2142617670 950331573
-1312629400 486517367
888560496 -26847978
-522816918 2071399585
1076339364 596118022
996055137 -111265317
353360533 1830110132
-535120 -1357358908
1643313516 -156150666
-1731425023 -718478804
-1589274236 -2124542372
106636000 -8570023
-1874003042 1775899566
1492897758 1497461363
-1689146469 1315380073
105516134 -564939244
-204918656 883698410
-1475749852 1573772313
-1926187052 -14189601
1813341153 815400226
1450081621 -1877226275
-2063319589 -1940714846
756691710 631626367
-1062730863 -24478766
363158628 1903589322
-554381908 144326030
1191555084 -480070925
-419118651 1545317437
-645136662 -1208690584
-1020102 999622442
-1145078936 478384622
-745676680 1042826665
-1006375100 71252218
1936775734 -474375730
155503717 -1792995891
1760947277 -1041896816
1112715114 -505537295
-1408370772 651010302
-1332292438 415088640
975553020 2010907276
1428844560 -787695380
1799704299 624710969
-1563479805 1954970330
-134023093 -174471221
1430792852 -1105793932
-738599912 -260261278
-609254118 349566082
