0 0
0 0
0 0
0 0
0 0
0 0
0 0
0 0
0 0
0 0
0 0
0 0
0 0
0 0
0 0
0 0
0 0
0 0
0 0
0 0
0 0
0 0
969646488 -948242707
814311098 631512399
0 0
0 0
0 0
0 0
0 0
0 0
0 0
-1493909828 -128455752
0 0
0 0
0 0
0 0
0 0
0 0
0 0
0 0
0 0
0 0
0 0
0 0
0 0
0 0
0 0
0 0
1593752935 17809804
186658375 -289709681
0 0
0 0
0 0
0 0
0 0
0 0
0 0
720763412 -131188433
1112211424 -635215377
0 0
0 0
0 0
0 0
0 0
-375475028 -1245864446
0 0
0 0
0 0
0 0
0 0
0 0
0 0
0 0
0 0
0 0
0 0
0 0
0 0
0 0
0 0
0 0
0 0
0 0
0 0
0 0
0 0
0 0
0 0
0 0
0 0
0 0
0 0
0 0
0 0
0 0
0 0
-1444737555 208318613
0 0
0 0
0 0
0 0
0 0
0 0
0 0
0 0
0 0
0 0
0 0
0 0
0 0
0 0
0 0
0 0
0 0
0 0
0 0
893199233 -598124874
0 0
0 0
0 0
0 0
0 0
0 0
0 0
0 0
0 0
-557360524 -541314097
0 0
0 0
0 0
0 0
0 0
0 0
0 0
0 0
130046239 1610884398
0 0
0 0
0 0
0 0
0 0
0 0
0 0
0 0
0 0
0 0
0 0
0 0
0 0
278576604 -46119991
0 0
0 0
-1092217609 749842455
0 0
0 0
0 0
0 0
-645341673 -946218664
0 0
0 0
0 0
0 0
0 0
0 0
-1364566882 -619496431
0 0
0 0
0 0
0 0
-1298028706 -799712328
-1076425237 -108809397
0 0
0 0
0 0
872472530 -37742087
0 0
0 0
0 0
0 0
0 0
0 0
-554783125 814108757
0 0
0 0
0 0
0 0
0 0
0 0
0 0
0 0
0 0
587549093 -1079773144
0 0
0 0
0 0
0 0
0 0
1239842927 -1038203969
0 0
0 0
0 0
1269264060 943882432
0 0
0 0
0 0
0 0
0 0
0 0
0 0
0 0
0 0
0 0
0 0
0 0
0 0
0 0
0 0
0 0
0 0
0 0
0 0
0 0
0 0
0 0
0 0
-259620101 -807296181
-1592939620 -24158210
0 0
0 0
0 0
1270304354 -309511728
0 0
0 0
0 0
0 0
0 0
0 0
0 0
0 0
0 0
412423488 -625918878
755776515 -44638075
0 0
0 0
1344098544 -980440649
0 0
28645941 -1112015790
-1063338681 -1274260655
0 0
0 0
0 0
0 0
1259398425 614902715
0 0
628808219 -409110891
0 0
0 0
0 0
0 0
0 0
0 0
0 0
0 0
0 0
0 0
612080822 -1386169478
0 0
0 0
0 0
0 0
0 0
1322042704 676449832
0 0
0 0
0 0
0 0
0 0
0 0
0 0
0 0
0 0
0 0
0 0
0 0
0 0
0 0
0 0
0 0
0 0
0 0
0 0
0 0
950964166 963197177
0 0
0 0
0 0
0 0
0 0
0 0
871971268 -904068161
110255302 -913539356
0 0
0 0
0 0
0 0
-1498665967 -643726312
0 0
0 0
-278933899 418182946
0 0
1107440450 -701185452
0 0
0 0
1088247985 -304628700
-462387615 325022589
-229223673 453361028
-1315143256 345015445
0 0
0 0
0 0
0 0
-417203077 641930142
0 0
0 0
0 0
0 0
0 0
0 0
0 0
0 0
0 0
0 0
0 0
0 0
0 0
0 0
0 0
0 0
0 0
0 0
0 0
0 0
786969539 -685528585
0 0
77487197 -1633712205
361178637 -554207133
-893610933 -800428374
0 0
0 0
0 0
0 0
0 0
0 0
0 0
-623258989 644636574
0 0
0 0
0 0
0 0
0 0
-982880049 386190120
0 0
0 0
-1468475032 665547192
0 0
0 0
1014077672 1263557076
1072692778 -198551913
-119065862 -794685288
0 0
0 0
431952410 -817123498
0 0
0 0
0 0
0 0
-988758347 -862436247
0 0
0 0
946842859 108763327
0 0
0 0
0 0
0 0
0 0
0 0
1583333564 -28249780
0 0
0 0
0 0
0 0
0 0
0 0
0 0
0 0
0 0
0 0
620231485 1571974743
0 0
-951505553 -703712460
0 0
0 0
0 0
513357258 -554993809
-805436285 342895716
363086357 -226005374
-1004873622 208519171
-209781548 -532139837
700934607 252135377
0 0
-1405064053 271146067
0 0
0 0
0 0
0 0
0 0
1499038537 -165640326
0 0
0 0
1103135015 1192000367
0 0
0 0
371034974 684473561
0 0
0 0
-665179605 -1051732974
-1304205823 -497577197
0 0
0 0
0 0
299947612 -1412524297
666119149 -193880823
0 0
0 0
0 0
0 0
0 0
0 0
0 0
0 0
0 0
0 0
720602205 565849915
0 0
0 0
0 0
0 0
0 0
0 0
0 0
344913560 193181286
0 0
-560708904 799395373
-758310773 874551077
427540413 -265798790
0 0
0 0
0 0
0 0
0 0
0 0
206095139 934703007
0 0
0 0
0 0
0 0
0 0
0 0
1045255461 250262263
0 0
0 0
0 0
0 0
0 0
0 0
0 0
0 0
0 0
0 0
0 0
1012778186 1185455968
635382373 156486868
0 0
0 0
0 0
0 0
0 0
0 0
0 0
0 0
0 0
0 0
0 0
0 0
0 0
0 0
0 0
0 0
0 0
0 0
299087707 -461344389
0 0
0 0
0 0
0 0
0 0
0 0
263377875 1484217700
0 0
0 0
-4297244 1263607658
-537721247 932249500
781311677 165307760
-448928533 -664334360
0 0
0 0
0 0
0 0
0 0
0 0
0 0
0 0
0 0
0 0
-296812755 -983547934
0 0
1326885980 174341708
0 0
0 0
0 0
0 0
0 0
0 0
0 0
0 0
0 0
0 0
0 0
0 0
0 0
-634657707 -1539947258
0 0
0 0
-337235225 1228008639
855018852 983679648
0 0
-804019918 -421185774
0 0
0 0
460102999 287657099
220661406 1090113012
0 0
0 0
0 0
0 0
0 0
-725374637 651562647
0 0
0 0
0 0
0 0
0 0
0 0
0 0
0 0
0 0
0 0
0 0
1508932617 573949613
0 0
0 0
0 0
-268330436 1075737233
-191353834 390301185
0 0
0 0
0 0
0 0
0 0
0 0
1350042743 659270012
765583231 27103916
0 0
0 0
0 0
0 0
0 0
0 0
0 0
0 0
0 0
0 0
0 0
0 0
920911968 726750536
0 0
-199839201 -1042472802
-182189107 -1280497728
-886023581 -987194579
0 0
0 0
0 0
0 0
0 0
1020023194 204519653
0 0
0 0
0 0
919533344 -641063228
822095677 -294690557
1589000071 472469722
869187321 918967424
0 0
0 0
0 0
0 0
0 0
-139274651 624065648
821895967 -524439057
605212660 -788727241
1045910274 -792265930
0 0
233971335 -437430934
0 0
0 0
0 0
0 0
0 0
0 0
0 0
0 0
0 0
0 0
0 0
0 0
1171840691 -1153367048
0 0
827754090 581323238
0 0
0 0
0 0
0 0
0 0
0 0
0 0
0 0
0 0
0 0
0 0
1016722088 -1178981734
0 0
0 0
0 0
0 0
-716910400 185004983
0 0
-1230842447 66787568
-86478722 -658291898
0 0
0 0
0 0
0 0
0 0
0 0
0 0
0 0
-288959972 392402426
-954004357 887102282
0 0
0 0
0 0
0 0
-1020321541 -384358217
0 0
1063831466 159657062
0 0
585576615 -52912966
-493006117 578243431
0 0
0 0
-463890363 458636012
0 0
530759398 -665899305
1652083540 242165000
0 0
0 0
0 0
0 0
1467785548 -67180164
0 0
386316300 752667487
0 0
0 0
0 0
0 0
0 0
0 0
0 0
0 0
0 0
0 0
0 0
0 0
340969299 -679045975
0 0
100647400 -1529536267
0 0
0 0
-1350951426 -354225810
-760905638 331080287
103271911 -812362855
0 0
0 0
0 0
0 0
0 0
0 0
0 0
0 0
-439938662 -166572130
-1619764764 383628044
-644239553 1373287434
-1282278470 -60687811
0 0
0 0
0 0
0 0
0 0
0 0
0 0
0 0
0 0
0 0
909474066 -712788694
192761402 11812815
141647205 -1653270940
0 0
-927505780 378843298
0 0
0 0
0 0
-637611559 626435563
-54604308 1494490665
0 0
0 0
0 0
-282511738 -304345276
-242086998 -304577936
0 0
0 0
0 0
0 0
107163074 326650080
0 0
0 0
0 0
0 0
0 0
0 0
0 0
0 0
0 0
0 0
0 0
0 0
0 0
0 0
0 0
0 0
0 0
0 0
0 0
-696272225 2879212
0 0
0 0
0 0
0 0
0 0
0 0
0 0
0 0
0 0
0 0
0 0
0 0
0 0
0 0
0 0
0 0
0 0
0 0
0 0
0 0
0 0
0 0
0 0
0 0
0 0
0 0
-870144636 -669663507
-1362922451 796246780
0 0
-728658219 317221849
0 0
0 0
0 0
964248119 -786547776
0 0
0 0
1427186116 -243764434
0 0
520006778 -149696916
0 0
1175378401 -827433675
0 0
0 0
0 0
0 0
969755567 -740237504
0 0
0 0
0 0
0 0
-337193169 -953289553
0 0
0 0
0 0
0 0
0 0
0 0
0 0
0 0
0 0
0 0
-1241939223 421703119
0 0
0 0
0 0
0 0
0 0
0 0
0 0
0 0
0 0
-1065085664 383873555
0 0
0 0
-762627357 185648361
-1256727409 -139016243
0 0
0 0
0 0
0 0
0 0
0 0
0 0
0 0
0 0
0 0
0 0
0 0
0 0
0 0
0 0
0 0
0 0
0 0
0 0
0 0
0 0
0 0
0 0
0 0
0 0
0 0
0 0
0 0
0 0
0 0
0 0
0 0
0 0
0 0
0 0
0 0
0 0
0 0
1356577837 106973836
0 0
0 0
0 0
0 0
0 0
-1482837668 688803176
0 0
0 0
0 0
0 0
0 0
0 0
131974323 1180974868
76766547 -431150795
0 0
0 0
0 0
0 0
0 0
0 0
0 0
0 0
0 0
0 0
0 0
0 0
-464565933 -1601101397
1080701015 -1272887174
0 0
-611600765 1590511461
0 0
0 0
1064704103 -188389951
0 0
0 0
0 0
0 0
-1491586733 -299436174
0 0
0 0
0 0
0 0
0 0
0 0
0 0
0 0
0 0
0 0
0 0
-225042668 50085054
0 0
0 0
0 0
0 0
0 0
0 0
0 0
0 0
0 0
759371555 -743606742
0 0
0 0
0 0
-255133507 -1658123077
0 0
0 0
0 0
-1105798651 -382040395
115762717 -1499936551
100467194 -1372917220
0 0
-558336571 -9867528
-1193883100 -675494558
0 0
0 0
0 0
0 0
0 0
0 0
0 0
0 0
0 0
0 0
0 0
0 0
-908654505 -1253601028
0 0
0 0
0 0
0 0
0 0
0 0
0 0
-356692401 -427965634
-227407090 286851603
0 0
-228803883 -868350146
0 0
0 0
0 0
-721776012 1155184295
-1371325706 905766574
-1048503859 509833016
0 0
0 0
0 0
0 0
-1487989446 -123655817
0 0
0 0
0 0
0 0
0 0
0 0
1238061172 -68198272
0 0
0 0
0 0
0 0
0 0
0 0
-1285690357 949065647
0 0
-437533964 699729484
0 0
0 0
-1650740131 -11389203
0 0
0 0
0 0
0 0
0 0
0 0
0 0
-545018749 328283871
463628341 -889060839
0 0
0 0
-1374356867 -207646184
0 0
0 0
0 0
0 0
0 0
0 0
0 0
0 0
0 0
-254522552 444147363
-37406659 1523707010
0 0
0 0
0 0
0 0
0 0
0 0
0 0
0 0
0 0
0 0
0 0
0 0
0 0
0 0
0 0
0 0
0 0
-18530102 1024256448
0 0
0 0
0 0
0 0
0 0
0 0
0 0
0 0
0 0
0 0
0 0
0 0
1028395048 -1289928186
-354219623 -1479435899
-122411362 167574303
0 0
0 0
0 0
0 0
0 0
0 0
0 0
0 0
0 0
0 0
0 0
0 0
0 0
0 0
355340057 436755718
1057018598 -989193379
0 0
-632123228 20524672
0 0
0 0
0 0
0 0
0 0
0 0
-377103443 932036752
0 0
0 0
0 0
432201600 1513937807
0 0
0 0
193339011 649767633
0 0
0 0
0 0
-39734690 -90079103
0 0
0 0
0 0
0 0
0 0
-549810172 -1263633645
91170860 -1395955265
882655124 -199092606
0 0
-45442699 599715073
0 0
-729909816 -1149822556
0 0
0 0
0 0
0 0
0 0
0 0
0 0
1123373276 -692773127
163494566 -1606501188
0 0
0 0
0 0
-1483046685 -163112128
0 0
0 0
940693792 40850819
0 0
0 0
0 0
45569003 1041543452
0 0
0 0
0 0
-487834025 -522646424
1024534954 -1043101441
1309563689 -47320019
0 0
0 0
0 0
0 0
0 0
0 0
366051197 488648357
0 0
0 0
0 0
-1205231179 148462029
1709757 -308218398
0 0
-1183291472 422860841
84625685 -27674546
0 0
743740680 -328359360
0 0
0 0
0 0
0 0
0 0
0 0
0 0
0 0
0 0
0 0
0 0
0 0
0 0
0 0
0 0
0 0
0 0
0 0
0 0
0 0
0 0
0 0
0 0
29595753 -156151610
0 0
0 0
0 0
0 0
0 0
0 0
-676274398 -607805285
0 0
0 0
0 0
0 0
905726452 498444492
0 0
0 0
2453639 1135794211
0 0
0 0
0 0
0 0
55485254 -436660348
1133972842 115646297
493208825 1062825791
0 0
782882850 -958800369
0 0
-570583441 950669862
0 0
0 0
0 0
0 0
0 0
0 0
0 0
644076062 198089817
0 0
0 0
-275132494 622150048
0 0
0 0
0 0
0 0
31153537 1487925052
0 0
1359277201 -11957087
0 0
310279218 217089223
0 0
0 0
0 0
0 0
0 0
0 0
0 0
0 0
0 0
0 0
807616678 -1054573933
0 0
-749045815 -904295190
0 0
-575102199 1249761325
0 0
0 0
0 0
0 0
0 0
0 0
0 0
0 0
0 0
0 0
0 0
0 0
503572594 -520312712
-807397759 -1161756629
0 0
0 0
0 0
0 0
0 0
0 0
0 0
0 0
0 0
0 0
0 0
0 0
0 0
0 0
0 0
0 0
0 0
0 0
0 0
0 0
0 0
0 0
0 0
0 0
0 0
0 0
0 0
0 0
0 0
0 0
0 0
0 0
-204548224 1523205298
0 0
0 0
0 0
0 0
0 0
0 0
0 0
0 0
0 0
0 0
0 0
0 0
0 0
-930985373 -63345371
0 0
-887324590 650811576
0 0
0 0
0 0
0 0
0 0
0 0
1031430989 981022096
0 0
0 0
0 0
1046664541 717780524
0 0
0 0
0 0
0 0
0 0
0 0
0 0
0 0
0 0
0 0
0 0
0 0
-30394182 1647348031
0 0
0 0
0 0
0 0
0 0
0 0
0 0
0 0
477337875 474190501
0 0
0 0
0 0
0 0
0 0
0 0
0 0
0 0
0 0
0 0
1018892833 710705931
0 0
0 0
0 0
0 0
1000910631 -1231617292
0 0
0 0
0 0
0 0
0 0
0 0
0 0
-313528794 -207998474
-327938686 -999334680
0 0
0 0
0 0
0 0
-242218486 1202866372
-436804568 -11631882
0 0
0 0
0 0
0 0
0 0
0 0
0 0
-688639344 1358238768
0 0
-1044213352 -606953162
0 0
0 0
0 0
289517249 -528944022
462221576 739925249
584225179 -533349744
-619251532 -139751541
112890498 -404518098
-908791744 -574719858
0 0
0 0
0 0
0 0
637155834 -1006194934
0 0
0 0
374414069 1301659689
0 0
0 0
0 0
0 0
0 0
0 0
869586431 217237282
0 0
434441175 -1380990822
0 0
0 0
0 0
0 0
0 0
-420543886 1516721422
0 0
0 0
289236925 -1176187261
0 0
0 0
0 0
0 0
-685608676 1214455778
0 0
0 0
769261313 881804021
390548420 569769258
0 0
0 0
0 0
0 0
0 0
-620527823 1019392970
-1610797352 315809919
0 0
0 0
1342381972 657265932
0 0
1419453490 127827567
0 0
0 0
541929875 -1357643753
0 0
0 0
-241013499 -1435244255
0 0
0 0
0 0
0 0
0 0
0 0
0 0
0 0
0 0
0 0
0 0
0 0
0 0
0 0
0 0
0 0
0 0
0 0
0 0
833028216 -79754588
-41154318 1299731159
0 0
0 0
0 0
0 0
-260087969 -137513960
-436694268 201385537
0 0
0 0
0 0
720594314 25735081
-136307144 -1121315195
0 0
1185746169 352924742
1263021465 -838350594
0 0
-281058215 -1258660150
0 0
9645230 920885355
0 0
0 0
900792828 491277931
0 0
0 0
0 0
0 0
0 0
0 0
0 0
0 0
0 0
0 0
-1150476228 -445246974
-905285093 -514562443
0 0
0 0
0 0
0 0
190620972 -370531890
0 0
0 0
0 0
0 0
0 0
0 0
0 0
0 0
-518206767 -992454425
0 0
0 0
0 0
0 0
0 0
0 0
0 0
0 0
0 0
0 0
-638707013 -630030450
0 0
0 0
0 0
-1397972238 717064726
0 0
-1004883 367745774
0 0
0 0
0 0
0 0
0 0
0 0
0 0
0 0
0 0
0 0
952503464 -393880702
0 0
0 0
0 0
-1210276922 729845963
0 0
0 0
0 0
0 0
0 0
0 0
0 0
0 0
0 0
-150432467 681355874
0 0
0 0
-50320375 437497324
0 0
0 0
0 0
93808860 -95621800
0 0
0 0
-439815911 -1106626796
0 0
-862694352 279150690
0 0
0 0
0 0
0 0
0 0
0 0
0 0
0 0
0 0
1285395478 829645233
1373187779 79656367
0 0
0 0
0 0
0 0
0 0
0 0
0 0
0 0
0 0
0 0
0 0
-264378967 1398775197
-327545115 874264485
-1449431433 490546293
-1355666445 -470791035
0 0
0 0
622868487 839444642
0 0
1604316244 244687768
0 0
0 0
0 0
0 0
0 0
0 0
0 0
0 0
0 0
0 0
0 0
-536935255 -343111042
0 0
0 0
0 0
0 0
0 0
-778456946 -901674254
0 0
299691521 -1321028627
0 0
0 0
0 0
0 0
-516478834 -638165138
0 0
0 0
117167104 451150909
1425005776 382919694
0 0
0 0
0 0
799268903 677536072
0 0
0 0
-1576810719 437013300
0 0
0 0
0 0
0 0
911415630 -1272201266
0 0
0 0
1098589056 118683158
0 0
0 0
61299819 600249930
0 0
0 0
0 0
-765745297 900731970
0 0
-346935179 552180863
-330566902 568200488
0 0
0 0
0 0
-528390596 -1629818574
-605214972 -1485059785
0 0
0 0
0 0
0 0
0 0
0 0
0 0
0 0
0 0
0 0
0 0
0 0
0 0
0 0
0 0
0 0
0 0
0 0
0 0
0 0
0 0
0 0
0 0
0 0
0 0
610058901 1299103861
823042888 876745259
1336953162 264706642
0 0
0 0
0 0
0 0
0 0
0 0
0 0
-305439336 1000831669
0 0
0 0
0 0
0 0
-972570641 -115022904
0 0
0 0
0 0
0 0
0 0
0 0
-219990367 1556940269
0 0
0 0
0 0
0 0
0 0
0 0
0 0
285760260 44923071
0 0
463191532 1486845911
0 0
-664858054 12163991
0 0
0 0
0 0
0 0
0 0
0 0
0 0
0 0
-509572342 -1245852209
0 0
0 0
0 0
0 0
0 0
0 0
0 0
0 0
0 0
0 0
0 0
0 0
0 0
0 0
0 0
0 0
0 0
0 0
0 0
0 0
0 0
0 0
0 0
0 0
0 0
0 0
0 0
0 0
0 0
0 0
0 0
802911670 -556403428
0 0
0 0
0 0
0 0
-983990675 1332456457
-106350770 312535692
0 0
0 0
-588837666 -219827882
262076727 1149059184
0 0
0 0
0 0
0 0
0 0
0 0
0 0
0 0
0 0
0 0
0 0
-1210209915 875575995
0 0
0 0
647680648 213267641
0 0
0 0
0 0
231620517 -1218258326
0 0
0 0
0 0
0 0
0 0
0 0
0 0
0 0
0 0
0 0
0 0
0 0
0 0
0 0
0 0
0 0
0 0
0 0
0 0
0 0
0 0
0 0
-1291734407 -801147167
0 0
0 0
672860616 -1052688569
-724692600 -563572913
895971715 -499828091
0 0
0 0
0 0
0 0
0 0
0 0
0 0
214008423 1328251944
0 0
0 0
0 0
0 0
0 0
0 0
1227355058 1010423215
0 0
-912731368 513009335
-1122149164 -533356388
269530675 -441704867
0 0
0 0
0 0
0 0
-388595431 -322688152
13659353 1247123261
0 0
0 0
-905487286 1230824773
0 0
0 0
0 0
0 0
0 0
0 0
0 0
0 0
0 0
0 0
0 0
0 0
0 0
0 0
0 0
0 0
0 0
0 0
0 0
0 0
0 0
0 0
0 0
0 0
0 0
0 0
-54067960 971307335
0 0
-816525740 -578182139
-568978321 -1472342462
0 0
0 0
187663262 -886506053
0 0
0 0
0 0
0 0
0 0
-643576706 1256798161
0 0
0 0
0 0
0 0
0 0
-495834611 305438831
0 0
0 0
0 0
1012165226 936643574
468875695 -105089680
0 0
0 0
0 0
0 0
0 0
0 0
0 0
0 0
0 0
0 0
0 0
0 0
0 0
0 0
0 0
0 0
0 0
0 0
0 0
0 0
-781639538 -1175481866
0 0
0 0
1172817325 767615485
136481980 38091257
0 0
-909519708 -1052845852
0 0
0 0
0 0
0 0
0 0
-864608530 -1021681818
0 0
0 0
0 0
1251522295 250490458
-55123644 206588005
0 0
0 0
0 0
0 0
0 0
0 0
0 0
0 0
0 0
0 0
0 0
0 0
0 0
0 0
0 0
0 0
0 0
0 0
0 0
0 0
0 0
0 0
0 0
0 0
0 0
0 0
0 0
0 0
1436123409 -504080870
573741335 -862395487
0 0
0 0
0 0
0 0
0 0
0 0
-1042241775 1277574064
0 0
0 0
-442001869 185240416
0 0
0 0
0 0
-48556169 1356921636
0 0
0 0
0 0
0 0
0 0
0 0
1072129661 -622010619
885551377 -207517197
0 0
0 0
0 0
0 0
0 0
0 0
0 0
0 0
0 0
0 0
0 0
0 0
0 0
0 0
0 0
0 0
0 0
0 0
0 0
0 0
0 0
0 0
996054717 -111265435
0 0
0 0
0 0
0 0
0 0
0 0
0 0
0 0
0 0
0 0
-204919076 883698292
0 0
0 0
0 0
0 0
0 0
0 0
0 0
0 0
0 0
0 0
0 0
0 0
0 0
-1145079356 478384504
-745677100 1042826547
-1006375520 71252100
0 0
0 0
0 0
1112714694 -505537413
0 0
-1332292858 415088522
0 0
0 0
0 0
0 0
0 0
0 0
0 0
-609254538 349565964
