900718724 -2147483647
900718724 -2147483647
-731446058 2147483647
-104646525 -2147483647
2147483647 1155279484
-1674353655 -392431959
1212280035 -1600297358
-2147483647 2147483647
-514778875 748618710
655308779 -2147483647
2147483647 445328335
-1504226910 1632942115
1335521947 -1425539579
-2147483647 2147483647
837649725 -2147483647
2132233863 2147483647
-2147483647 -2147483647
2147483647 2147483647
-2147483647 -1437382766
1219758984 -1581329668
807168839 -875988061
1074155197 1310900367
-847489169 -177783091
-155335390 1579755106
1227041721 902367951
57190139 -2147483647
-2147483647 174548211
812773565 2147483647
2147483647 -2147483647
-2147483647 331448715
121432470 2147483647
515351036 -1121127262
2147483647 1100329519
-2147483647 -245975067
-164347644 -1005601515
2147483647 1657601138
-2147483647 -965192957
2147483647 -2147483647
-368287240 2147483647
953620128 -1668986594
-2147483647 600181032
2093618404 1298307030
624254218 -672838178
-2147483647 405637102
-262170383 -2147483647
1885341885 2147483647
-1928273334 567465999
2147483647 -1568838986
767605974 -434476688
-1407094560 -307519485
-1223639291 -1435197076
2147483647 1023888221
-2147483647 1642777354
1868777414 -748827290
935048214 -1991049765
-91649866 1068352693
375867301 1312399981
-1223889742 -713822870
391448012 -504026944
-1912099753 295231771
2105398409 -1608273375
-1972765734 1052319141
1920780300 2147483647
-2147483647 -2147483647
1492439309 135054510
-1660539117 -302554493
2147483647 1873701752
1085520141 -211408807
-69853515 1888477877
-2147483647 -664566664
-905521986 -301880198
-12788117 -26369729
2147483647 -787437212
1877593869 478810122
-2147483647 -2147483647
185824776 2147483647
1774914302 -652709241
-2001549244 -202144422
2147483647 -2147483647
-717478564 2017655191
-379415663 -2147483647
-2043110360 2147483647
73898428 -2147483647
2147483647 -1036269122
-1715292191 1408226720
1815273711 -1492105066
-2147483647 2147483647
583111250 -2147483647
1309636801 -243755432
-2143212490 1565696158
102433807 -1750087449
-1077793222 700404439
2147483647 1332458628
-2147483647 63937556
2065724940 543671978
-2147483647 -1431862840
699227216 216912531
2147483647 -1336493569
-2147483647 1533844192
1706478176 -2147483647
-2147483647 1313491993
1684290108 1247282841
1591860879 1067964148
-2147483647 -2021511041
719320204 -1483408064
846669455 1696566901
-893595838 2040412717
567989029 -1895867782
1906775499 -1136754838
-773816990 -497224919
-2009682478 1489994679
-378036288 994764663
-210622209 -1762286113
1417048017 1392057097
2147483647 961855425
-1350353873 -1902872945
551838414 -72362519
1235114148 2147483647
-2147483647 -2147483647
2147483647 2147483647
464951357 -2147483647
-2147483647 2147483647
301159343 -2147483647
2047850096 704926575
898852764 556995891
-2147483647 -155331771
850180401 10644049
-222949729 -1009512893
1660766715 1736122848
-2147483647 553741000
2147483647 50736719
-2147483647 -874148743
1895783475 -1833675534
-1464863917 2147483647
2147483647 1262637508
-861714164 21234116
-896991254 -1781887581
-18300288 1980059968
-1131412249 -2147483647
2147483647 -428964253
-691239459 159914779
719212427 2147483647
26587860 -1969849254
-2147483647 658161411
2147483647 1939945333
2237577 -1171047535
-2147483647 -850159424
2147483647 -887615638
-475637785 2147483647
-1060272837 -1270022114
1650660923 1425519910
-2029988390 -1581493786
-991466746 951936322
2141898842 839157487
523995953 -1672706237
-2147483647 -1344237892
404784785 -295552431
864581823 777277954
800702331 2147483647
347255446 214521899
1596487490 -1194108548
-2147483647 430419285
-843341205 -701321357
1566916741 -745218998
-1238247493 -91601325
290793173 -1188249040
2147483647 246029981
-2147483647 1196448642
272584172 -1103577050
452959737 669131570
221603469 690902931
2147483647 -23889623
-2147483647 -32890299
2147483647 -24771779
-1062114725 152619011
-2147483647 1896383949
-450493888 -2135999890
2147483647 319303571
914549552 1930413715
-2147483647 -2147483647
-140733441 2012239574
1129902810 -177222221
1229420649 -2147483647
775972040 -443403606
-2147483647 2147483647
1761053265 -2147483647
-1665078321 2147483647
1225017825 -1522336216
1757985195 -990680246
178323942 2010839977
-2147483647 -2147483647
1097879596 885813636
-1190068580 2147483647
2147483647 -1388639757
-2147483647 -387670571
194535581 -1890932505
2147483647 24846424
-480071441 528422193
-2016745915 1961684260
2147483647 -2147483647
270758347 2147483647
-701940091 -1184275069
-2147483647 -2147483647
1029523480 2147483647
-663054899 -2147483647
24024198 2147483647
2147483647 760648880
-2147483647 -2147483647
-438465719 1105108048
2147483647 1080563306
943015424 -1022633107
-2147483647 -1155120618
1339155627 1073274785
1300873856 2147483647
-2147483647 -1051128023
1930846426 -857671401
1657276273 143607189
-2147483647 1083956972
1405258651 -2147483647
134464838 -493553989
-1590336787 2147483647
1844085652 1056992681
-295960066 -2147483647
993038094 1752800130
-1719721174 -1600467300
-515244156 -125625884
-1333319519 783137971
-266155327 -496972130
1317687140 1286575436
2147483647 -1419366317
-445806432 344409493
-1081434321 2115058170
1215238884 217619376
-1156650195 85077816
-242643544 -2147483647
1908945963 -648244613
-893005833 1603773632
-2147483647 -1937359785
144469575 239687324
2147483647 647148872
-75160476 233380493
343353027 581280803
-2147483647 2128020603
2147483647 -1703157942
205827476 -1360665235
69208137 -891829563
-1384660740 760254422
-1091984622 -162244865
-561848951 -191356322
1187956379 2147483647
-416083503 -1672412510
2147483647 2015286916
-107478858 -826655627
-1841213909 -2147483647
1210623703 1125318566
-1500046396 1040381591
2147483647 -2147483647
-949267639 2147483647
1165952436 -2147483647
-225890872 1667623189
-1817258269 1457769160
890478174 195620238
166884229 448867615
-1482999198 -1864923091
1799884805 -1699428170
-863834801 285245884
1421353614 -734112416
-2147483647 2147483647
-184049903 964092987
-264865993 250392675
2147483647 -1271763702
158280269 121191221
-2147483647 1328603899
63761083 -2147483647
-286483802 -62995340
2147483647 2147483647
-2147483647 -2147483647
2147483647 1167076199
-1744635608 -824884266
1320522620 99247483
-422253814 2147483647
426990819 -2147483647
-1336527725 1717238694
911022243 1124894285
-2147483647 -2147483647
-390130372 2147483647
235664966 -2147483647
2147483647 2147483647
-1366944149 -2147483647
-643144572 1850735468
1721046929 -1367454507
-1142006081 2147483647
1064920257 -935461658
-2147483647 -2138273609
2007254343 2147483647
-2147483647 -2147483647
1871324923 2147483647
1506132024 -284701082
718879300 -2147483647
-1267181944 571427072
-761715966 -9471195
-1823357816 2147483647
1922176184 -1899305706
-1462351759 905476112
106990466 -2147483647
-352378344 1096473984
2147483647 1795943854
-2147483647 379806731
930016786 -1113841327
2147483647 -1493519168
-1030713493 374150770
-1717426442 2147483647
1818108873 -2147483647
-119874896 1437965627
-1550635600 629651289
233163942 128338439
-1085919583 -108345583
991504246 -2147483647
-1801824612 1674801741
2147483647 -441769897
-816845427 2147483647
-572363276 -1464606560
1499529743 1147066864
125115841 -2147483647
-1720088705 251153430
2147483647 2147483647
-2147483647 816980672
2060094992 -1848219403
1476036669 -1612641515
-2147483647 2147483647
2147483647 -2147483647
-1150985779 2147483647
898694460 828537610
-1620605303 242068624
544115222 -2147483647
-671780996 -1375912713
1965373264 1611123993
-2147483647 -1586355664
2147483647 2147483647
-395424969 -554999073
-2147483647 -1859168502
2147483647 495730724
44306940 152360290
-2147483647 -1186159292
1555875437 237975672
283691440 1079505072
-1254789570 -246221241
2147483647 -645010953
-2147483647 -214479238
1134620787 2147483647
-1438871141 -1089716324
2147483647 396796354
-124166854 -2147483647
-2147483647 1641585512
179977838 1137325043
-1061375462 -953312906
2147483647 -1421940181
-1285470286 2147483647
1760297826 649717935
-2147483647 -2147483647
787423152 930653552
2147483647 1555837530
-2147483647 178650178
523386812 -1455130636
2147483647 -1925914703
-1539954299 2147483647
511501425 -622225105
58615106 -1462108989
-1191758640 -596133375
-115951915 2147483647
-694621690 -2147483647
1361591877 -373134780
-1157144980 1894052726
2147483647 -2147483647
-1170010213 2147483647
-1427991546 -1664287673
72363260 317007902
2147483647 103248272
-1430571183 2147483647
803226813 -1305101933
-2147483647 430523018
1779071983 480038525
-2147483647 -2147483647
1075880305 2147483647
-451649465 434115801
2147483647 -1149123234
49194784 -430618224
-2147483647 -760726157
2147483647 -820371638
-2147483647 463640342
-1471790630 582532748
106727725 -1189154221
2147483647 2147483647
-592185065 -2147483647
-2147483647 2147483647
-4569225 -2147483647
1965186007 2147483647
589004835 838169139
27639979 -2147483647
-1599377017 303574538
2147483647 591187929
-1732125699 1291075832
1060321715 -2147483647
-260759640 1306406601
-1318793543 897889525
1168522642 -568901090
-1367959979 434524545
795092074 -740659008
910716155 784275214
-2147483647 -1284966444
128417761 1303977134
-3415854 1126470699
2147483647 -439084779
-491146527 1022693985
-2147483647 -2042234245
2147483647 -1386390582
67243932 1281758529
-2147483647 -1854540083
2147483647 2147483647
-597952697 -688990394
-1892326925 787276056
438264291 -2147483647
721962593 863507441
-2147483647 806584717
2147483647 -2147483647
-966339950 556930715
-639026218 554155777
2147483647 2147483647
-848394970 305852020
937526734 -2147483647
-1652149455 -225296108
366171537 1218643474
428070839 -1358597200
-2147483647 2007848075
2147483647 -1306513130
-215810124 -1236433837
-583311414 -39251706
-2147483647 1560315849
2147483647 -725104649
340969787 645769742
417214185 2147483647
-835035723 -2147483647
-484932137 913358190
-2147483647 737464733
807995405 239293280
-941348193 -2147483647
2147483647 2147483647
-2147483647 775460008
2147483647 -1312291238
-1028597351 1238076465
-668942418 -1552408041
-1427733874 1429952069
522111410 -823737982
-197601869 75155704
1185851186 -1140349867
-2147483647 -1148823073
2147483647 59937393
591414240 381425889
-2147483647 -72139795
1692269284 -640236154
931228737 2147483647
-966427805 -599955879
1040350768 -2147483647
283703754 473042953
-1215131771 -1218845112
-1441487445 2147483647
2147483647 -2147483647
519588175 1864690881
-931302667 450392260
-1456845136 1609006134
-1582411872 -2147483647
-13445699 2147483647
670117080 -2147483647
-47618489 39834940
2147483647 2147483647
-2147483647 -2147483647
2147483647 2147483647
-1602509700 -1122161400
1605325328 -1473131254
1339744056 2147483647
-811448165 -453870727
-377395813 -1028969100
1509391807 1553948829
-485125306 -1381092526
-2147483647 336457703
2090290385 1470933418
-2147483647 -2142482511
2147483647 -289952526
-1467633538 -993892719
-2021428489 2147483647
1183139316 -2147483647
-40942982 2147483647
643488319 -2147483647
-1490904858 2147483647
-1050754936 -1964169449
2147483647 2130335590
-2147483647 -835397531
2147483647 -2038578350
-2147483647 398391905
2147483647 995906932
-956300337 -1091200989
981856441 1452627371
-1895009058 -2101285607
590417691 2147483647
-1903353114 -606416734
2147483647 -2147483647
-2147483647 2147483647
1426648810 247369558
-252411234 -2147483647
720389751 2147483647
-735653636 -11818737
-533424003 -331358158
1319032924 -766941740
-1230240210 -829642120
-1490114170 -830247381
2147483647 1403559011
310249990 -937636411
-2147483647 -21129101
1517607143 1475138167
-1575332191 -1492485878
1883219405 1199117002
-158175104 -2147483647
2147483647 258559612
-2147483647 151081147
1446880642 726675100
1757123132 -136032878
-133424397 1293922520
-1978683342 755719004
1471316018 -1624699722
-2147483647 -871765443
2147483647 -252897265
-280388649 1527257541
-2147483647 -356601425
2147483647 -110406834
277697443 1220230165
-108838508 -635034630
-1700133756 2147483647
896500618 -2147483647
-923788332 2147483647
-1629171745 -2147483647
922699011 -255011662
1257660598 1442902716
-2147483647 1215734868
1503907351 109318313
1192254077 -244328991
-2147483647 -623614210
852346085 -781251212
1400793130 -1070135200
-1530624197 2147483647
1393953984 -406972263
-239441593 802455913
-1754941544 -2147483647
2147483647 2147483647
-533761109 -1819163022
212054761 -471263652
-2147483647 2147483647
1079118794 -32884856
-360087166 675660212
1917622492 -1833681761
752861030 2147483647
137944118 -408186752
-2147483647 -1481249050
2147483647 906395325
-1707770933 -1720298752
2089764850 -87227568
-2147483647 1973279410
1128440187 -2147483647
2024699311 628310474
238429116 1452162773
-2147483647 934359428
1085171140 -1480049639
925926831 1770167123
-1417785589 -722689292
76976602 -685436048
-1953311587 -397329654
2147483647 1191674585
-1186900233 -2147483647
2147483647 318139690
-1698352904 2147483647
1474277934 251704478
-358192233 -1220153175
-584459512 -632166096
1242447401 -2031959204
-2147483647 1937956348
-423007546 -1572817023
1030078448 2147483647
-1284814947 -182897524
2147483647 -1361854683
-1450762507 1186355087
2147483647 418674931
-1209467054 -2147483647
513798884 2147483647
-1050348511 -1478767820
598623049 2147483647
-4629484 -1300355131
-2062900868 -1024182740
942149699 -745040598
17650094 -238024926
-703834474 293303149
1665202170 1211230238
-959040827 -1610591975
1628207806 2147483647
-457640143 -2147483647
765927438 1984491507
-736609669 -757243013
-2147483647 1354346285
-440199839 -1578520660
1875212288 -837695838
789670012 216287332
-97437667 346372671
766904394 767160279
-719812750 446497702
-2147483647 -2147483647
2147483647 493943485
1318999893 2147483647
4680647 -590768442
-2046926431 32482544
-53676131 -745971634
961170618 -1148504705
-216683307 -264288184
440697614 -3538689
64683783 -551157576
-876622722 905992572
-1670532575 -655418566
-509927286 159253374
2147483647 904105480
38197617 -1690326527
-2147483647 2147483647
1561626709 -1677971372
1271482741 2147483647
-468987511 -2147483647
-1965472934 2147483647
2147483647 235557983
-2147483647 427537374
2147483647 -2147483647
-502814351 891713302
882855481 2147483647
-1226942082 -762214593
-2147483647 -1564018462
1940675943 2147483647
-1463497234 -318444865
714699024 -1952631386
-159397996 1766640182
2147483647 -1815072297
-265034157 2147483647
261168225 -2147483647
412613392 -884687235
205893030 1555539329
-2147483647 197717137
1225259951 -1238916402
-1592122646 2147483647
1496179296 -2147483647
1140258615 2147483647
-2147483647 -2147483647
613276006 712593042
-82407337 1508480995
-431524710 -1626698410
1144363725 -725079466
615715114 -1455131345
-1083948790 2147483647
1772756966 -2147483647
-1207737019 2067686154
1723260052 1099896178
379882149 -445007580
-2147483647 -2147483647
1231966071 2147483647
204438064 -880568272
-665044385 494699856
2147483647 1191193988
580992443 -228930995
-2147483647 -39102993
-1040413878 -925157926
824173328 -1269462573
2147483647 -668541457
-438126636 1212556736
-1547883748 -1004686945
1069628897 792116917
-1078582732 631156397
-1369096488 676282462
-180791096 -1060309137
1579003338 264419256
2147483647 -2147483647
-1213029505 1105593382
1121324142 908064305
-2147483647 -387100988
-831934073 -1994643173
2147483647 245405994
-336334169 1836093293
-129138035 -9100290
-2147483647 112879662
1503551656 706967989
773409411 1153871511
-1563305451 -2001436274
1819275263 278771899
-1509710352 -1585474327
-1499532687 -36083311
2147483647 2147483647
-61805696 -680949655
-2147483647 1339139923
2147483647 -167272739
-1926738659 -531401545
1065132514 -2147483647
-68122494 2147483647
-288062081 -1268595194
1103961718 -474581322
-1344283617 -375908970
-714046939 2147483647
-778452959 -1521420718
40901072 365778033
590045788 685306097
864177549 -1143443142
1509639023 177298062
-795160544 2147483647
-122425976 -2147483647
-1902815861 -14533660
2147483647 2147483647
11009005 -2147483647
-2147483647 2147483647
-19917610 -1296052263
1293636953 858415573
-1179826102 550200174
975525211 989659390
-638038917 -1433975245
-440114418 -1502366096
2147483647 2147483647
-1839136781 -389629030
2147483647 1507365277
-16508740 -158571887
-2147483647 -2147483647
2147483647 253772234
-2051512118 374954575
-1236606469 -48278342
2147483647 1470122470
383392447 -908515398
-716712664 724601509
-51114197 -1665083755
-1586077955 623365515
516924970 1408748723
2147483647 -347566626
147697406 -858515485
-1882916160 -142387765
-523169158 1596062141
583007251 868055102
-911767386 91719342
-1124052238 48555254
2147483647 -2147483647
-369787656 1168899489
40424740 -232660
2091631828 -1368609003
-2147483647 2147483647
-1549658638 -349949313
2147483647 -1373955334
-1024853261 961390980
-791930108 1292824272
1015027550 -1757324250
-2147483647 1319780671
2147483647 -253508978
660909873 -2103051197
-2147483647 -191086317
2061009792 735315647
1614335649 1079118150
-763594037 1020820099
-953411321 -2147483647
-1146020145 2147483647
1960812695 321830317
-1711229659 -21533832
-795174432 -2147483647
2147483647 2147483647
570610593 -374667518
-2147483647 -1864486433
1663574497 1278312177
-2147483647 105690833
313390556 -50610916
-1047978692 594489579
54219006 420491907
2147483647 -1725060468
957333775 -467044442
-2147483647 2147483647
49998052 -2139057150
2147483647 -429392347
-1929610026 1160692539
-1127855887 -1324991327
-831478945 1561704590
26435217 -1580914236
2147483647 380113762
-2147483647 -487111931
2132992011 508269444
-80240212 2147483647
-1037584965 -162049162
114824324 174130209
1953449121 -2066028855
-2147483647 61247351
1584099120 1295621395
794409025 -1936235901
66646701 1988127719
769005527 -2147483647
467485130 -810106078
-2147483647 2147483647
1746373334 -2147483647
-661334491 687846196
-492777815 1465910287
1113153669 -1981160311
-478889437 1502135380
-434271247 1248402542
2147483647 -1316996677
-1855010566 -1832172973
877532651 796997483
-391701924 2070782263
1032285755 -93707256
-177645834 -1434291665
-1874487001 1435279014
967307663 -1341211496
1174742778 -658426420
-519371155 -19310339
-1891403441 -818965663
2147483647 1463107051
-2147483647 -480815866
2147483647 1248150441
-634928629 -1324279792
-2147483647 -854003897
919928145 2147483647
-582427257 -2147483647
248890361 1993893150
642877936 -1216701138
2147483647 1608498192
-172743362 -1007256671
-1972630868 2147483647
1827813498 -2147483647
468354178 1086424681
-798184234 -1857363777
-2147483647 2147483647
2147483647 -2147483647
-1218399476 2147483647
-655551567 -1809973158
-1075574098 884606279
-358601162 -2062466521
1618800451 2147483647
205938553 -20129682
713001597 -2147483647
-761843307 2147483647
1779082189 -2147483647
-52491142 1281920963
197097234 1567877286
-2147483647 -2147483647
493981304 1401432091
2147483647 1635338581
-2147483647 -1575518334
25992461 -258045441
-494100052 -324664604
-640139576 1826939811
371524636 -2147483647
1316183009 2147483647
-942215450 -723027686
-449925778 -2147483647
847728189 2147483647
-608975142 -2147483647
896090029 2147483647
-532783081 168274611
2028760928 -2147483647
-2147483647 2147483647
2147483647 -1310210765
-2147483647 -1859996449
-124859435 -878083271
2147483647 2147483647
-945598517 -2147483647
-220767799 2147483647
1833810822 -1875802921
-2147483647 1726275267
2147483647 1577370878
-555023768 42161117
712689936 -2147483647
-2147483647 1012206495
2147483647 1459661653
-684880447 -2147483647
-1578939359 909416561
1288130414 -918134589
2147483647 2147483647
-2147483647 -2147483647
1851773950 698090977
1897974966 340482487
-2147483647 2147483647
720599548 -1863537639
1284947675 -2003672115
-1275011468 1193362985
-977530634 -1073959740
2147483647 1405830083
61108744 2017611277
99578888 -1315494967
-1592406560 1978631751
-1901537966 14518213
2147483647 33711939
-2147483647 -2147483647
410008352 2147483647
-1217852005 -42131394
1462353512 1156743692
-1468948119 -1756870119
2147483647 -398894539
936103211 -1763084676
-2147483647 2147483647
2147483647 88468650
-326545593 406934573
-55207776 -1612125663
-1179583366 -1183972877
262987944 2147483647
-569239620 4854279
263501297 -2147483647
1850304993 587033119
-2147483647 1242809478
2147483647 892914444
-2147483647 -1031261087
-117041931 990788705
201486313 -2147483647
2147483647 -35782513
-125613851 -876915223
-662767296 471890181
1545266948 328214223
-1128529086 1400698278
-563772694 1462700357
-954424090 -26387378
2147483647 -2147483647
-291573171 1266881370
-2147483647 -145058723
2147483647 2147483647
-2147483647 -957434078
186845293 -286507633
292733706 -1125670261
-274500606 -243169877
2147483647 -793499559
215680813 2147483647
-1684625677 -1447395027
2147483647 -1474592629
-261612305 861456141
102014608 1501479862
-1992041761 693733971
1232585886 -2147483647
-2147483647 -299812851
-294512588 1888602183
1568289458 173080639
-1076864404 1507871137
1942514765 -2147483647
-1883235851 764483269
-628202571 1345488319
2147483647 -1668964161
-80374419 2147483647
-1753288388 -1241172782
-515063455 1817920168
1315968485 -2147483647
687956889 1336550455
353608413 -1157984795
-2147483647 1765562502
1550402936 -1745887489
-735890904 223793447
2094602348 -167614978
-2147483647 2147483647
565538384 -2147483647
-115680932 1155597239
1221561368 -1117896156
-15295523 127019331
-1908842774 1177697732
1250039009 185351960
-635546529 -665627030
2147483647 2147483647
-2147483647 -1685986439
2147483647 2056797780
-2147483647 -562723906
1863678984 93412107
328251537 271261899
-1925291596 -651174116
2081636080 -814617379
-430788528 -2147483647
-1843015390 1703617794
1856763866 -1766251494
343182516 2325146
-1157056926 701762354
1320952033 2147483647
1125610579 -2147483647
-2147483647 -24377187
2147483647 2147483647
-1044148492 -2147483647
1269724019 1688264733
-2015143203 821768948
826863089 -1174901585
129285311 714817237
-733992665 -1534319883
732595872 379118134
2147483647 1697520306
-2147483647 980682601
442714432 -685535203
838260732 30866737
-649549694 -249417721
322821847 -395933558
2147483647 997684206
-2147483647 -1543415245
1582515002 699097434
-1702715989 -2147483647
-361179610 1392753284
434477187 2008907324
2147483647 -188160785
-1728965925 -530278992
1312126508 -1730474340
-879838155 2147483647
116019517 -2147483647
514053785 259439507
-1675226140 207422820
-997682558 -1396454022
-149251481 -635784199
2147483647 560830602
-2147483647 527654474
950007832 2101156961
-764106311 -347562717
1749651567 -1578792152
-901495174 1329455989
1947502888 -819996032
-1954425403 119258412
-1206283652 -10381067
1548858776 751146994
1804022426 -797648455
-1163859637 -1573928191
-2086345749 1640276115
1277454750 -2083058947
1657736933 1947767822
-2147483647 1170277063
429177025 -715159327
1008647090 -1217344710
1343553265 -722597165
-2147483647 911357444
352512321 492654376
2147483647 -506554938
-2147483647 -334502656
-1302205074 1547822878
941112002 -1470266922
2103206280 1058233064
-2147483647 -1054887505
2147483647 2147483647
664252841 -2147483647
-966087528 2147483647
-1014408062 -552504371
217115893 1079559647
1309413042 27016815
-2147483647 -2147483647
2147483647 2147483647
-609409505 -2147483647
-1808175380 2147483647
64762201 -2147483647
2147483647 1352284426
-2147483647 874747225
2147483647 -1746393307
271665682 1772813832
-2147483647 427290085
2147483647 -2147483647
-868193880 383869545
-2147483647 -568436939
2090696985 2147483647
-2058951792 -325068228
-408141576 1343902659
1642715445 -287780457
896544228 -2147483647
-2147483647 1643160962
2147483647 -554391745
385676636 1028039467
-2147483647 55577929
2147483647 -2147483647
-1697174570 1854938451
2142237180 -1627175830
-2147483647 538878054
912349376 2147483647
1507453213 -2147483647
840262201 585087794
-996960730 -579330191
-1382614671 -189507713
231808261 1647010202
758577858 -2147483647
-1438775158 2147483647
-471978650 1266741557
808333289 -2147483647
924540621 2147483647
1040924753 123555286
-2147483647 -2147483647
-57872107 -291010518
2147483647 2031336902
-581776089 -2147483647
-2147483647 2147483647
2147483647 -1792510790
-433161685 -2018747397
-1298448430 2006199961
240539050 291973959
701678541 -1425949097
-2147483647 43475297
617212557 966242754
2147483647 -906404442
-2147483647 2147483647
1192118038 -2147483647
1930462942 1498865274
-330762453 1731253138
-2147483647 -1181660215
1460309858 387375296
-1080838794 -1759143270
2147483647 -296029083
-2147483647 2147483647
1095194233 -474175595
-2147483647 -2147483647
1766088930 2147483647
448854511 -799030308
-2147483647 1452120124
2147483647 -2147483647
-1383588478 1497945214
-503003728 -1448400582
-589681165 -1676173737
-786252821 2031104350
2021999718 -1074892422
280961639 -1257183131
-2147483647 303464837
1115877037 500125561
640981032 -132321620
791484264 1196862659
-1256758184 2147483647
328660361 -1368112000
-596742704 -2147483647
-87724413 538146404
-702681282 2147483647
2147483647 -1914053405
-1610303758 -818195139
-2122734590 766325760
302165435 -353779808
2147483647 792988421
-288058282 -2147483647
259015700 1121044536
-959878710 -913728061
-932398600 2138834943
2147483647 -1087124030
-2147483647 1253851124
304004798 -862172977
-610918441 373414514
2147483647 -623191130
-817605473 453739563
-2147483647 1172189909
436191927 588249475
1969033730 -1862453736
-1046669374 1102706985
1449631943 -245165626
-585594159 709580907
-732243824 -2147483647
-665196988 1301219823
1512368979 -520455017
285028735 995781422
275921931 2028874573
-1535593065 -1359527596
-242134640 -2147483647
-1937611890 2147483647
1684519910 529494192
424984230 -2147483647
386401032 1433475848
-2072761052 -1481447334
1377735176 2147483647
-1798643071 -1489736570
922386571 -443177924
1206940936 -456680427
50154726 1953502040
-1235155955 -1222422801
1267917157 -450535387
710521139 -1756488495
-51406144 1455803681
711670317 2147483647
79353698 -2147483647
-2147483647 2147483647
2078314424 -2147483647
-1912871621 160496767
-933369010 954158986
2147483647 -633020157
-2147483647 1614166814
2147483647 -732985450
-2147483647 -2147483647
2147483647 517980962
-2147483647 380821368
2147483647 139888983
-2147483647 2147483647
-1205917268 -688919393
544597685 -2147483647
-923228122 -723142485
920564588 2147483647
-994022180 -2075007776
2147483647 2147483647
-1186662334 -2147483647
-853695529 -478730019
1300065777 1361948477
-1045274197 574230394
872682136 -1350686694
-2147483647 485741479
2147483647 1941949335
-849179630 1009015009
-1986859200 -180511584
936790338 -2147483647
-283461266 907713459
-904361672 2147483647
-543283790 -2147483647
306097423 -106647232
2147483647 2147483647
-1123033113 -556655832
-2147483647 -1022104729
2147483647 1744119554
-974806121 -84665106
53693254 990787472
-2123906022 -558735196
2147483647 373238609
-2147483647 -2147483647
979818593 501088288
1078487588 552306645
-640764017 947179494
-773584828 -2147483647
1063258853 619331730
-1998102414 1111573092
644636123 797897139
-1034840499 -1525338819
2147483647 -1527413145
-1612745018 2147483647
651651482 -1586897959
1674837767 -216434904
-1867384091 659391232
989273175 -1726240931
32365890 1666665671
1454688638 26772530
-2147483647 -940363437
-41219589 1337651138
845788948 -1580439805
1140334132 2147483647
-2147483647 349316329
1917199053 -1265846973
84044007 886245875
1300111598 -1992793566
28012066 492911427
-2147483647 300848596
1173999327 -71802286
1569653826 -1495865798
-2147483647 482555387
2147483647 1692479340
-2147483647 1119468173
2147483647 -2147483647
-1751653027 -687316443
2048594640 1934633468
-2147483647 -1606909886
-285833677 2147483647
2147483647 -2147483647
-201259173 986179709
-2147483647 -104884055
615514933 255162798
1431062925 1921947068
-1257119309 232109447
2147483647 -125937574
-2147483647 -2147483647
-68996815 -134034683
-254064046 2147483647
2147483647 -1123637138
-570377703 -1440163748
2147483647 2147483647
-2147483647 -2147483647
2147483647 -526570460
-2147483647 -118755720
2147483647 1925136499
932451223 -2147483647
-956177791 1204632038
-1310970353 -641443917
1221162495 2147483647
-324429534 -2147483647
672019847 2069662058
-801193884 -2147483647
-628976205 2147483647
595928296 -1767937695
1699125967 -1970769511
-1772447948 2147483647
-1714965047 -1345461528
1934274 1792178506
103238870 -2147483647
2147483647 -927059601
-1772665096 2147483647
1785351700 -2147483647
-2147483647 -713633395
2147483647 2147483647
-1280846656 -2147483647
-2147483647 2147483647
2147483647 -2147483647
-2147483647 2147483647
1847937887 -2142955813
1324955292 1881845638
-2147483647 -431762261
-664764978 -170615203
2147483647 -670192681
-2147483647 922776336
1251076914 1456374811
1556812767 -1033261090
-2147483647 -616349561
2147483647 -1881731383
-780858666 2147483647
-1258158540 -1252150680
1099780838 1132592644
1109259773 -1507280879
-696319263 -2109426852
1203853841 1338433341
-1679326270 2147483647
-612398131 -2147483647
2147483647 2147483647
-2147483647 -1059808678
1939417185 1967482726
-1689544435 -586640577
2147483647 -2147483647
-2147483647 2147483647
2147483647 -861219642
-1741909331 -2147483647
-43002408 1530632523
468897668 1830081011
-425236885 -1115924064
233116804 -1756154484
2147483647 1822012636
204431123 255211823
-1889873080 726480708
1436561754 317574939
480942037 -1099346262
-809763362 64431160
-1888963621 -683968650
1072249278 -1695044291
-567962902 1833985323
1399910797 281786046
-2147483647 -1490672359
-680333904 2147483647
159318530 -1283785273
1045321761 -1676144271
-664987302 2147483647
-163348092 -181726287
2147483647 -1824437982
-2104569862 1657464858
1920927500 -2147483647
-287551941 652113782
-2064236441 -921085394
550821119 2147483647
-171093981 554138030
951491303 -165043830
-353279708 -2147483647
-1031554372 1933104541
2126790490 -33594148
-368271666 1038097007
-2147483647 -2147483647
2147483647 632588003
125679984 2147483647
-207679912 -1658915077
-2147483647 524964940
1447478278 -985722539
2147483647 1223187446
-460005852 -53062522
-1721072651 -2147483647
-1328523208 2147483647
2147483647 -1747354752
-1135628460 1539267511
-1845851503 -2147483647
2147483647 1782406734
148332532 537823284
1084059021 -434205840
-2147483647 -1660924466
197243180 -595919589
1889759949 958411353
646761940 -209684681
-2147483647 -295889933
-80330300 1363009775
469140861 1951689882
-280841976 -2147483647
-329869862 938547908
1468601592 1995536456
28495826 -2147483647
325702793 1084180059
-14409892 -791336206
2147483647 2147483647
-1656210781 -2147483647
-1352180467 1343376597
26999836 1926372954
610576686 -602660839
-194586082 -1214498254
-1145649279 2147483647
2147483647 -2147483647
-2093835610 -884132931
2147483647 2147483647
-2147483647 -2147483647
1548162471 2147483647
-1683647024 865817427
1304554748 188615269
591200465 -2147483647
-946774473 774718280
460519237 -1034172131
139358674 -284253996
1364446701 2147483647
-630594011 -1209260695
172704327 1268869271
122003603 -1273274993
-1203476711 393598203
732142030 -264766557
-1021682242 -170201760
1987089784 1622694881
-2147483647 783196191
-158464981 -1383870166
2147483647 -790940994
-354318705 -662554988
1038518847 2147483647
-1415989276 702541698
114728664 -719408873
169502730 -2147483647
-2147483647 983001558
2147483647 1358435610
-2147483647 -2147483647
182596081 532258523
2052539955 1918676277
74266870 -339003909
382577681 -1756411181
-817722937 158183077
-1913811712 1765371086
-623414425 -1219145122
2147483647 549811767
655120839 367587945
-2104371447 -43284225
-388851365 1477370793
70630075 205205783
1772219954 -2147483647
-1133069218 -480271619
103374526 2147483647
-1967033871 -2147483647
2147483647 1444335768
-2147483647 1062085986
1080931274 484550899
-1173184572 -476022277
2147483647 452988183
301065978 -309617663
-378712893 -312034763
1464887711 -623861857
-2050327904 1235247806
-1518885486 -2147483647
479614206 -533330627
1266195295 2147483647
-652560065 -792805195
-990269529 -703583051
564176948 -2147483647
2147483647 1825120230
-325974138 701803675
398981060 -136928397
-321909542 -392509968
-2147483647 184683678
2130495406 -764218017
-683354709 -905936981
1066986249 2147483647
-2147483647 -2147483647
1653766730 -87507577
-971572877 2147483647
110018018 447927702
2147483647 -2147483647
1082352652 463169639
-45404976 2073627955
-2147483647 -1640566806
-105330258 1718237738
2147483647 -2147483647
1826273034 1860351667
-1855228395 -717474536
-633357899 1214507900
-332710105 -2147483647
820660643 -1126254919
1681575516 2147483647
-2147483647 -1664938751
-729954018 1427482925
-641631656 493616609
2147483647 -536803652
-1798570992 -2091677629
1434906330 460656761
-874182534 1379485747
1925015475 -2147483647
-156603134 -409067129
-2147483647 2147483647
2147483647 -1834045394
-1200450057 618438355
-176606299 338899497
-1385086342 -2134111320
1145165707 2147483647
2147483647 -168619657
-919709597 -1009733060
-856901458 -1147050276
2147483647 2147483647
-840582187 -703747473
77275296 -1191275336
-2147483647 -1029063323
1383919113 608753767
-806470615 1578586735
1097174060 600958770
1029277434 876027893
-848129490 -85008964
709999654 -1220626353
-1942760869 1228432988
457170317 -2147483647
1098324351 2147483647
-893338739 -2147483647
265622624 2147483647
-1199869335 -2147483647
485091842 2147483647
-603009075 1629653449
2147483647 -2147483647
-1654869043 282156055
-640931079 1380881655
245191135 -69315469
179255311 2037755210
-426907586 424372473
2147483647 -527311980
-2147483647 -2147483647
1532595979 548601109
1411917634 1095345107
-2147483647 -2147483647
2717910 2147483647
2147483647 -670576207
-2147483647 -854341672
858012989 -1284799021
668911189 2147483647
-287226676 -1832415877
5488977 -958566633
1614587605 1903965799
907210897 249458539
-1782282885 -1659237568
-2147483647 2147483647
2147483647 -2147483647
-260581096 2147483647
116642923 -585359558
-2147483647 -2092483363
2147483647 2147483647
-605670709 -2147483647
-1135112635 1063482063
-1497090916 -1376283145
1079143488 1903007935
-944512276 -688972453
603194479 1509342839
1847679219 1196912222
-450711864 -1546231174
-335806771 1748879556
735544079 -2147483647
-1667574273 -691223399
1885663660 884803360
1342618259 1247277449
-1659172488 1224114351
1302166954 -2147483647
92231009 -296843358
-2147483647 543795247
1445996924 976278976
1350369982 -149657805
982944503 -786542877
-2147483647 1054008749
399586915 1935282835
-936445755 -1079022042
2147483647 630885634
-2147483647 131565394
2147483647 -2147483647
-172836195 2147483647
-2125317328 -1116478688
2020895573 -868023650
-1773497342 -294260313
620175574 -978314263
443064823 2147483647
-484252795 -26446663
1603758388 -1949883068
-2147483647 1426961058
928068190 279063460
1962496954 1012707370
-2147483647 -893873561
325084620 -2147483647
27087654 1615562263
-1931941814 -327634589
2147483647 -258613402
-1299033875 -424757005
-1406754061 2147483647
983875620 -1255228364
-773629426 -1911008772
333669652 140667634
-808160871 2147483647
2147483647 -2147483647
-2147483647 652750138
535154626 2077214043
983422959 -2056589660
-248836405 1849437304
1189787289 983426179
-671713935 -1222706439
87792301 -749988866
57842956 -2147483647
46443460 2147483647
-2090770485 751793453
1839277753 -2147483647
490288083 2031835099
326091325 -2147483647
-2147483647 2147483647
2147483647 -2147483647
-852350186 2147483647
237790714 312347940
-1929592132 -1237949601
451993043 1131841400
-63166148 -524510712
-1121886318 -383718192
93764988 -961337328
2147483647 -486511608
-420520425 2147483647
-920633883 -1285515431
838313628 150879651
143134129 -745636525
-1632979063 -890148417
-1375815526 2120954451
-305829067 -2147483647
1864447132 2147483647
1639493129 -2147483647
-43302293 1036927341
65734408 723735858
-1819221891 -248897310
-1745332350 -1075004585
2147483647 2147483647
-273434782 -2083818497
-878403546 53766494
1735496941 -1679986910
-1933429890 2147483647
-1220165644 -548991391
2147483647 -868298916
-2147483647 434472151
135915130 -676674420
2147483647 -233416144
-1197079386 -185938229
1027134653 220523411
333554487 2147483647
-2056051488 -2147483647
-425142118 -1115262961
304334111 1265608476
2098965272 -1330665819
-460745784 2147483647
-1004573550 -423727767
1307838672 -68231215
-1618539956 1125806453
-146686784 601314953
2132850250 -873269486
-993360383 -559235542
808505095 -1468847312
-2147483647 -177942810
-148955867 1406267350
-566488989 191983358
547485456 -1647585434
1227703695 2147483647
1584424978 -2147483647
-304898791 118131778
658988827 -305488362
419848069 726859495
-891663470 969513291
-1540857365 -1486243534
81350305 2004248919
422217823 -36438613
-988720612 -2147483647
-861691588 2147483647
2147483647 1537860025
-1323205351 -1037865865
1884122075 -667240698
-1465311957 318689591
16368277 16019625
614702959 -2147483647
1202918392 1083330706
-2147483647 -945204042
279803943 159140132
-76824376 144758789
-781363449 2147483647
1322302099 342563592
1034222394 -2147483647
780573803 928686421
-1712820520 1219803188
1076925949 308526705
-2147483647 -2147483647
611248443 -636371466
1461452357 69316235
-1389150666 84106872
2147483647 725909698
-2102040560 -834398211
2147483647 856905054
-2147483647 -135446355
2147483647 1190887249
-2147483647 -1588729154
-242530096 -49014255
636194084 1777068146
-1717709043 -518475878
1846530704 -340638108
-412823487 -1199984996
2046773064 2147483647
-483535102 616926822
235039597 -2147483647
446557633 2147483647
-1449459384 684822071
212983987 -422358602
513910274 -612038617
-1362672596 -1892439326
1598656664 1111335047
-2147483647 488189413
2147483647 1384397268
-2147483647 -1348841673
2104832090 1293086477
-1337736284 -1067530231
869088662 767928052
-1292225307 -2147483647
520866468 2147483647
2147483647 -998145816
-2147483647 282943686
687073598 -791213364
-1044382039 1118215152
2147483647 -2147483647
596746895 2147483647
-2147483647 -1529176691
1906306169 1619664969
-1789827094 -525886979
250695898 667323619
2036397864 -2147483647
-87483202 2147483647
140292233 -2147483647
-2147483647 1846141444
889673386 -1791361152
-545756558 2147483647
-786312088 -2147483647
1036827261 520674801
174651417 1786944035
2779855 -345021195
-2147483647 -1640174008
1372755634 165492088
-854980809 1830948414
1119963737 119421660
1438811749 -1507660169
-1005714737 1539001781
-1450115729 -2147483647
2147483647 543266485
-1563367119 894018128
-538342796 -2147483647
-92638949 -303499584
-962322511 -365861157
1595120407 2147483647
743094699 69839474
-2090687103 -1304299496
2147483647 -2147483647
-2147483647 202999527
1698467371 2147483647
2147483647 -2147483647
-2147483647 2147483647
1780184476 -2099545385
-2147483647 1742783369
2147483647 -2147483647
-1470376531 1135362656
909844710 -1507411035
1469864447 2147483647
-1390749510 874228200
782072381 -40764333
-573216097 -202792397
-511516516 -2147483647
-1482208059 -1083329783
421582353 -447841881
2147483647 802673499
-2103916740 2147483647
2147483647 -2147483647
-2147483647 374656761
-561675582 -716916410
2147483647 1586029935
932191863 1014136027
-2147483647 -2147483647
2147483647 2147483647
-141419612 -2147483647
-736852442 1168583399
-897188709 2116308287
-938462200 -2147483647
2147483647 -400387321
-2147483647 2147483647
198877976 276726754
877639905 -1019920765
1118568776 -2147483647
-1531014098 1069390768
-70041574 749590540
850914393 1368887066
-2147483647 632802796
2147483647 347324636
-2147483647 -2147483647
1910755887 1054099846
-1127677796 -2138722116
-461661660 2147483647
-550925436 -1784463229
2147483647 1006102315
-97473987 -2147483647
-2147483647 2147483647
-121780991 656930186
470191447 -1049776348
2147483647 -2147483647
-1958573776 2147483647
843786403 -139140541
-205664375 1768789375
-1143537321 -396137371
1188923479 -2147483647
-255781914 818356588
-1744187893 173238533
2147483647 -847709638
-2147483647 1793911666
2147483647 -158825785
-2147483647 485929569
2147483647 1629002928
-1453725538 -1953212953
-1277498424 1517032199
236816466 -2147483647
458910962 -522083684
565922135 -545676903
784020333 2147483647
153053230 1213431786
-2147483647 -929587346
2147483647 -1752437921
-2147483647 -213095667
1427789247 2147483647
1945234413 -634425674
-2147483647 -1006606046
2147483647 1336227908
195408614 446613172
-2147483647 -2147483647
359745227 135004401
864008901 2147483647
1764609524 -2147483647
-664023402 -66181196
-1397553216 489115656
1620664315 63744822
-1974435343 -1471184853
-739949811 1891752573
-245568314 1925490706
1521476833 -2147483647
539147121 2147483647
-2059426846 -2147483647
999191131 1733940453
1277601937 588621481
1611013119 -1009551886
-2147483647 -655523422
2147483647 941462189
-2147483647 359590535
2147483647 1008023599
-659036570 -1839141029
242335916 877311285
-2067588847 -177397214
-72497579 -320016666
-209417796 -1046365723
1391679839 91651521
-96167262 2147483647
-572171566 -2147483647
-753332045 2147483647
1484470337 -2147483647
-720925570 355788807
402254784 1569811413
-1333448627 -1502640698
-682821585 2125156972
1097123573 -638814762
-1213759054 -916750998
569406715 -1043647709
-36450414 2147483647
2147483647 -1227660580
-2147483647 303827276
2147483647 -786663968
-2147483647 253683034
1083068759 -2147483647
1947866712 2147483647
-2147483647 -2147483647
123534803 2147483647
2147483647 434292486
-523538259 -2147483647
-968130190 2147483647
-455179885 -2147483647
2031943271 -544551110
-2147483647 144028791
2147483647 835978004
-2147483647 -827093478
171799337 214484635
2147483647 1710420960
-2147483647 -1174333792
531887065 -1034620508
2147483647 2147483647
425383559 -595443519
-2147483647 306563012
1188438535 657385147
-93930455 -2147483647
-668527325 1050152179
247547419 -894160323
-917410833 1838472380
2147483647 -1672614191
-717006483 419978220
-1977350755 -861874684
2147483647 1575199126
-2085514901 277400082
2147483647 371346858
-2147483647 -873749285
149534833 1654982117
1617818886 -771004084
-714601090 -1601716873
-2147483647 -432163949
2147483647 2147483647
1400916 -2147483647
-820211940 1390182467
1003752580 -2141730756
1497217365 2147483647
-786632200 472023948
-206337908 -1004919763
-543289531 -1041733254
-1520775449 2078511504
2147483647 -234914459
-2147483647 -1403785308
2147483647 -918300355
-1638152944 1492177417
441165428 980457423
896506399 -2147483647
-1020837087 2147483647
687352540 -2147483647
-2147483647 142937850
106588862 1798896271
2042021355 -423722439
-1987803513 -181736910
2147483647 2147483647
-403863525 -185441456
98410511 -2147483647
-1560756790 1949362541
27286428 -2147483647
2147483647 2012875849
-2147483647 -398972814
-142954359 -981962949
-892296473 2147483647
2147483647 -360989146
655265780 -251166070
-1036335345 -729524228
-188966805 -1793930317
-857034883 702993208
1393430388 -598441584
-6221791 -13309337
-2147483647 1782813823
2147483647 146019986
-2147483647 -1471242258
528783231 185323404
-716358307 1815165566
1676470734 -1957667463
1389745986 2147483647
-233727588 -1534380506
-1306645939 -43902453
1824235315 271440626
-2147483647 495188072
-1092595572 -1566121646
2147483647 1937920950
-1275195547 539566463
371785323 -2147483647
742218051 2147483647
-1723874160 -1019446597
1265934794 -1925232540
149953084 -839469123
-168517119 -2254272
-687296549 194367983
-771730245 2147483647
2147483647 -1902822485
-1787115930 1327451704
2147483647 1151818115
-2147483647 -2147483647
1172163728 2147483647
1223474984 -153428578
-1149901851 -2147483647
833028706 1754585979
-2147483647 -2147483647
725177683 1716864386
2147483647 -1363645539
-2147483647 1936873915
2147483647 1637271358
-837328456 -2147483647
932102073 -1338307799
244276979 1517161096
-862382074 -358314617
-1738937028 1766536080
2147483647 -2147483647
-1660754794 2147483647
986675335 -2147483647
1199161734 -750660839
-2147483647 2147483647
-663459849 -673647378
-563212580 -2147483647
-103169845 1318179655
1266622331 -247687846
-1635274101 -420014774
2147483647 -1177032732
-309156100 2147483647
-861588110 -165282280
-1848759988 -2147483647
2147483647 798524940
-984782411 -1565289843
1087065393 2147483647
-2147483647 -320122838
2147483647 -2147483647
-101967938 1421829480
-186578284 414493422
-1533466198 817631799
-1346414896 -1436098525
2147483647 -1213142228
-1990156515 2147483647
1941133166 911926642
1226476838 -2147483647
-8613304 -1326117979
-1501137069 2147483647
754794715 989572818
-390328182 -2147483647
-2147483647 2113833661
2147483647 -1747696398
-2147483647 -45169864
-172680868 2147483647
1805645799 1690755309
-1519006781 -2147483647
610354307 2124316185
2147483647 427487847
-2147483647 -463814206
2147483647 -513365345
-1411377414 2098247563
1599156282 -1475281563
-80284227 -707383339
-642694604 1941375449
-353895653 -2147483647
1643848636 1201208242
-2147483647 -562328138
142150787 -1406063568
1695910236 2115972349
-1980639042 1784469589
2147483647 -278438203
-2147483647 -182081290
1794662603 -1880319317
-310434790 1448637654
-1270831196 690073903
-450437200 -1587961914
2147483647 829589827
-363259532 -2147483647
-2147483647 -63488571
2147483647 2147483647
-1819422573 -656105133
1425889491 1928068088
-917540536 -1759263292
1745936992 -624396955
-1610673735 2025388362
-226018011 -2147483647
644116560 2147483647
-1144058834 -521237820
399402256 564442043
-260698420 -971574447
2147483647 -545627948
-1781272017 -1318620161
1605443560 751099075
-648232163 536359521
-2147483647 1156547597
76078334 -235921662
2147483647 1595818636
453291540 -2147483647
370859739 1412406349
-2147483647 1330259361
1429456712 -2129441551
1564815945 -931322711
-2147483647 845532654
129345794 609827360
