486 253
548 236
612 220
682 203
754 187
830 172
912 157
996 143
1086 130
1180 118
1278 108
1378 99
1482 92
1590 87
1698 84
1810 83
1920 83
2032 83
2142 86
2250 90
2358 96
2462 104
2564 114
2662 125
2756 137
2848 151
2934 166
3016 181
3094 197
3168 213
3238 229
3304 246
480 294
540 278
604 262
674 246
746 231
822 216
904 202
990 188
1080 176
1174 164
1272 155
1374 146
1480 139
1588 134
1696 131
1808 130
1920 130
2032 131
2144 133
2252 137
2360 143
2466 151
2568 160
2668 171
2764 183
2854 196
2942 210
3024 225
3102 240
3176 256
3246 271
3312 287
472 336
532 321
598 305
666 290
738 275
816 261
898 247
984 234
1074 222
1168 212
1268 202
1370 194
1476 188
1584 183
1696 180
1808 179
1920 179
2032 179
2144 181
2256 186
2364 191
2470 199
2574 208
2674 218
2770 229
2862 242
2948 255
3032 269
3110 284
3184 299
3254 314
3320 330
466 378
526 364
590 349
658 335
732 321
808 307
890 294
976 282
1068 270
1164 260
1262 251
1366 243
1472 237
1582 233
1694 230
1806 228
1920 228
2034 229
2146 231
2258 235
2368 240
2474 248
2578 256
2678 266
2776 277
2868 289
2956 302
3038 315
3118 329
3192 343
3262 358
3328 372
458 422
520 408
584 394
652 380
726 367
802 354
884 341
972 330
1062 319
1158 309
1258 301
1362 293
1470 288
1580 283
1692 281
1806 279
1920 279
2034 280
2148 282
2260 286
2370 291
2478 298
2582 306
2684 315
2780 325
2874 337
2962 349
3046 362
3124 375
3198 388
3270 402
3336 416
452 465
514 453
578 440
646 427
718 414
796 402
878 390
966 379
1058 369
1154 360
1254 352
1358 345
1466 339
1576 335
1690 333
1804 331
1920 331
2034 332
2150 334
2262 337
2374 342
2482 349
2586 356
2688 365
2786 375
2880 385
2968 397
3052 409
3130 421
3206 434
3276 447
3342 460
446 510
508 498
572 486
640 474
714 462
790 450
874 439
960 429
1052 420
1150 411
1250 403
1356 397
1464 392
1574 388
1688 386
1804 385
1920 385
2036 385
2150 387
2264 390
2376 395
2486 401
2590 408
2694 416
2792 425
2884 435
2974 446
3058 457
3138 469
3212 481
3282 493
3348 505
442 555
502 544
566 532
634 521
708 510
786 500
868 490
956 480
1048 471
1146 463
1246 456
1352 450
1460 446
1572 442
1686 440
1802 439
1920 439
2036 439
2152 441
2266 444
2378 448
2488 454
2594 460
2698 468
2796 476
2890 485
2978 495
3064 506
3142 517
3218 528
3288 539
3354 550
436 600
496 590
562 580
630 570
702 560
780 550
864 540
952 532
1044 524
1142 516
1244 510
1350 504
1458 500
1570 497
1686 495
1802 494
1920 494
2036 494
2152 496
2268 499
2380 503
2492 508
2598 514
2702 520
2800 528
2894 537
2984 546
3068 555
3148 565
3222 576
3294 586
3360 596
432 647
492 637
556 628
626 618
698 609
776 601
860 592
948 584
1040 577
1138 570
1240 564
1346 559
1456 556
1570 553
1684 551
1802 550
1920 550
2038 550
2154 552
2270 554
2382 558
2494 562
2602 568
2704 574
2804 581
2898 589
2988 597
3072 606
3152 615
3228 624
3298 633
3364 643
428 693
488 685
552 676
622 668
694 660
772 652
856 644
944 637
1038 631
1136 625
1238 620
1344 615
1454 612
1568 609
1684 607
1800 607
1920 607
2038 607
2154 608
2270 611
2384 614
2496 618
2604 623
2708 628
2808 635
2902 641
2992 649
3078 657
3158 665
3232 673
3302 681
3368 690
426 740
486 733
550 725
618 718
692 711
770 704
852 697
942 691
1034 685
1132 680
1236 676
1342 672
1452 669
1566 666
1682 665
1800 664
1920 664
2038 665
2156 666
2272 668
2386 670
2498 674
2606 678
2710 683
2810 689
2906 695
2996 701
3080 708
3160 715
3236 722
3306 729
3372 737
422 787
482 781
546 775
616 768
688 762
766 756
850 751
938 745
1032 740
1130 736
1234 732
1340 729
1452 726
1566 724
1682 723
1800 722
1920 722
2038 723
2156 724
2274 725
2388 728
2500 731
2608 734
2712 739
2814 743
2908 748
2998 754
3084 760
3164 766
3240 772
3310 778
3376 784
420 835
480 829
544 824
612 819
686 814
764 809
848 804
936 800
1030 796
1128 792
1232 789
1340 786
1450 784
1564 783
1682 782
1800 781
1920 781
2038 781
2158 782
2274 784
2390 785
2502 788
2610 791
2714 794
2816 798
2910 803
3002 807
3086 812
3168 817
3242 822
3312 827
3378 832
418 882
478 878
542 874
612 870
684 866
762 862
846 859
934 855
1028 852
1128 849
1230 847
1338 844
1450 843
1564 841
1680 841
1800 840
1920 840
2038 840
2158 841
2274 842
2390 844
2502 846
2612 848
2716 851
2818 854
2912 857
3004 861
3088 865
3170 868
3244 873
3316 877
3382 881
418 930
478 927
542 924
610 921
684 919
762 916
846 913
934 911
1028 908
1126 906
1230 904
1338 903
1450 902
1564 901
1680 900
1800 900
1920 900
2038 900
2158 900
2276 901
2390 902
2504 904
2612 905
2718 907
2818 910
2914 912
3006 915
3090 917
3172 920
3246 923
3316 926
3382 929
416 978
476 977
540 975
610 973
682 971
762 969
844 968
934 966
1028 965
1126 964
1230 962
1338 961
1448 961
1564 960
1680 960
1800 960
1920 960
2038 960
2158 960
2276 960
2392 961
2504 962
2614 963
2718 964
2820 966
2916 967
3006 969
3092 970
3172 972
3248 974
3318 976
3384 978
416 1027
476 1026
540 1025
610 1025
682 1024
760 1023
844 1023
934 1022
1028 1021
1126 1021
1230 1021
1338 1020
1448 1020
1564 1020
1680 1020
1800 1020
1920 1020
2038 1020
2158 1020
2276 1020
2392 1020
2504 1020
2614 1021
2720 1021
2820 1022
2916 1022
3006 1023
3092 1024
3172 1024
3248 1025
3318 1026
3384 1026
416 1074
476 1075
540 1075
610 1076
682 1076
762 1077
844 1077
934 1077
1028 1078
1126 1078
1230 1079
1338 1079
1448 1079
1564 1079
1680 1079
1800 1079
1920 1080
2038 1079
2158 1079
2276 1079
2392 1079
2504 1079
2614 1078
2718 1078
2820 1078
2916 1077
3006 1077
3092 1076
3172 1076
3248 1075
3318 1075
3384 1075
416 1121
478 1123
542 1125
610 1126
684 1128
762 1129
846 1131
934 1132
1028 1134
1126 1135
1230 1136
1338 1137
1450 1138
1564 1139
1680 1139
1800 1139
1920 1139
2038 1139
2158 1139
2276 1138
2392 1137
2504 1136
2612 1135
2718 1134
2818 1133
2914 1131
3006 1130
3090 1128
3172 1127
3246 1125
3318 1124
3384 1122
418 1169
478 1171
542 1174
610 1177
684 1179
762 1182
846 1185
934 1187
1028 1189
1128 1192
1230 1193
1338 1195
1450 1197
1564 1198
1680 1199
1800 1199
1920 1199
2038 1199
2158 1198
2276 1197
2390 1196
2502 1194
2612 1192
2716 1190
2818 1188
2914 1186
3004 1183
3090 1180
3170 1178
3246 1175
3316 1172
3382 1170
420 1215
480 1219
544 1223
612 1227
686 1231
764 1234
848 1238
936 1242
1030 1245
1128 1248
1232 1251
1340 1253
1450 1255
1564 1257
1682 1258
1800 1259
1920 1259
2038 1258
2158 1257
2274 1256
2390 1254
2502 1252
2610 1249
2716 1246
2816 1243
2912 1240
3002 1236
3088 1232
3168 1228
3242 1225
3314 1221
3380 1217
422 1262
482 1267
546 1272
614 1277
688 1282
766 1287
850 1291
938 1296
1032 1300
1130 1304
1234 1307
1340 1310
1452 1313
1566 1315
1682 1317
1800 1318
1920 1318
2038 1317
2156 1316
2274 1314
2388 1312
2500 1309
2608 1305
2714 1302
2814 1298
2908 1293
3000 1289
3084 1284
3164 1279
3240 1274
3310 1269
3376 1264
424 1309
484 1315
548 1321
618 1327
690 1333
768 1339
852 1344
940 1350
1034 1355
1132 1360
1234 1364
1342 1368
1452 1371
1566 1373
1682 1375
1800 1376
1920 1377
2038 1376
2156 1374
2272 1372
2386 1369
2498 1365
2606 1361
2712 1357
2810 1352
2906 1347
2996 1341
3082 1335
3162 1329
3236 1323
3308 1317
3374 1311
428 1355
488 1362
552 1369
620 1376
694 1383
772 1390
856 1397
944 1403
1036 1409
1134 1415
1238 1420
1344 1424
1454 1428
1568 1431
1684 1433
1800 1435
1920 1435
2038 1434
2156 1432
2272 1429
2386 1426
2496 1422
2604 1417
2708 1412
2808 1406
2902 1400
2992 1393
3078 1386
3158 1379
3234 1372
3304 1365
3370 1358
432 1401
492 1409
556 1417
624 1425
698 1433
776 1441
858 1449
946 1456
1040 1463
1138 1470
1240 1475
1346 1480
1456 1485
1568 1488
1684 1491
1802 1492
1920 1493
2038 1491
2154 1489
2270 1486
2384 1482
2494 1477
2602 1472
2706 1466
2804 1459
2900 1452
2990 1444
3074 1437
3154 1428
3228 1420
3300 1412
3366 1404
436 1446
496 1455
560 1465
628 1474
702 1483
780 1492
862 1500
950 1509
1044 1516
1140 1524
1242 1530
1348 1536
1458 1541
1570 1544
1686 1547
1802 1549
1920 1550
2036 1548
2154 1546
2268 1542
2382 1538
2492 1533
2598 1526
2702 1519
2800 1512
2896 1504
2984 1495
3070 1487
3150 1477
3224 1468
3294 1459
3360 1450
440 1492
500 1502
566 1512
634 1522
706 1532
784 1542
868 1551
954 1560
1048 1569
1144 1577
1246 1584
1352 1590
1460 1596
1572 1600
1686 1603
1802 1605
1920 1606
2036 1604
2152 1601
2266 1598
2380 1593
2488 1587
2596 1580
2698 1572
2796 1564
2890 1555
2980 1546
3064 1536
3144 1526
3218 1516
3290 1506
3356 1496
446 1536
506 1547
570 1558
638 1569
712 1580
790 1591
872 1602
960 1612
1052 1621
1148 1630
1250 1637
1354 1644
1462 1650
1574 1655
1688 1658
1804 1660
1920 1661
2036 1659
2150 1656
2264 1652
2376 1647
2486 1640
2592 1633
2694 1625
2792 1615
2886 1606
2974 1595
3058 1585
3138 1574
3214 1563
3284 1552
3350 1541
452 1581
512 1592
576 1604
644 1616
718 1628
796 1640
878 1651
964 1662
1056 1672
1152 1681
1254 1690
1358 1697
1466 1704
1576 1709
1690 1712
1804 1715
1920 1715
2036 1713
2150 1710
2262 1706
2374 1700
2482 1693
2588 1685
2690 1676
2788 1666
2880 1656
2970 1644
3054 1633
3132 1621
3206 1609
3278 1597
3344 1585
458 1624
518 1637
582 1650
650 1662
724 1675
802 1688
884 1700
970 1711
1062 1722
1158 1732
1258 1741
1362 1749
1468 1756
1578 1761
1692 1765
1806 1768
1920 1769
2034 1767
2148 1763
2260 1758
2372 1752
2478 1745
2584 1736
2684 1727
2782 1716
2874 1705
2964 1693
3046 1680
3126 1668
3200 1655
3270 1642
3336 1629
464 1667
524 1681
588 1694
658 1708
730 1722
808 1735
890 1748
976 1760
1066 1772
1162 1782
1262 1792
1364 1800
1472 1808
1582 1813
1692 1818
1806 1820
1920 1821
2034 1819
2146 1815
2258 1810
2368 1804
2476 1796
2580 1786
2680 1776
2776 1765
2868 1753
2956 1740
3040 1727
3118 1714
3194 1700
3264 1686
3330 1673
470 1710
532 1724
596 1739
664 1753
738 1767
814 1781
896 1795
982 1808
1072 1820
1168 1831
1266 1841
1368 1850
1474 1858
1584 1864
1694 1869
1808 1871
1920 1872
2034 1870
2146 1866
2256 1861
2364 1854
2472 1845
2574 1836
2674 1825
2770 1813
2862 1800
2950 1787
3034 1773
3112 1759
3186 1745
3256 1730
3322 1716
478 1752
538 1767
604 1782
672 1797
744 1812
822 1827
902 1841
988 1855
1078 1867
1172 1879
1272 1890
1374 1899
1478 1907
1586 1914
1696 1918
1808 1921
1920 1922
2032 1920
2144 1916
2254 1910
2362 1903
2468 1894
2570 1884
2670 1872
2764 1860
2856 1847
2944 1833
3026 1818
3104 1803
3178 1788
3248 1773
3314 1758
486 1793
546 1809
612 1825
680 1841
752 1856
828 1871
910 1886
996 1901
1084 1914
1178 1926
1276 1937
1378 1947
1482 1955
1590 1962
1698 1967
1810 1970
1920 1971
2032 1969
2142 1964
2250 1958
2358 1951
2462 1942
2564 1931
2664 1919
2758 1906
2850 1892
2936 1878
3018 1863
3096 1847
3170 1831
3240 1816
3306 1800
494 1834
554 1850
620 1867
688 1883
760 1899
836 1915
918 1931
1002 1945
1092 1959
1184 1972
1282 1984
1382 1994
1486 2002
1592 2009
1700 2014
1810 2018
1920 2019
2030 2016
2140 2012
2248 2005
2354 1998
2458 1988
2560 1977
2658 1965
2752 1951
2842 1937
2928 1922
3010 1906
3088 1890
3162 1874
3232 1857
3298 1841
