365978669 0
322489985 0
688213014 0
436009925 0
141629816 0
54586163 0
420077250 0
335755273 0
710064628 0
726039222 0
687237197 0
129233860 0
583535929 0
633564803 0
451622337 0
614494594 0
533559027 0
906670256 0
187978873 0
32094189 0
371490230 0
385229808 0
474121353 0
315756199 0
766940175 0
777452684 0
690178579 0
545236932 0
857039797 0
691315440 0
496335755 0
64227876 0
485936883 0
362949350 0
139851407 0
205310987 0
206352683 0
497964093 0
313820473 0
74657630 0
374748146 0
341640803 0
653767912 0
593006493 0
649876398 0
218579258 0
745557409 0
226143246 0
8904902 0
93329187 0
518490458 0
350509268 0
470879409 0
96465764 0
830217859 0
364882772 0
291317218 0
65594216 0
317607688 0
169991803 0
652755040 0
333627827 0
626762323 0
690459478 0
187737514 0
774209469 0
162641406 0
56937003 0
952400409 0
553309878 0
517952510 0
504767646 0
89068792 0
350454101 0
627702804 0
534790416 0
352666735 0
326374749 0
803023139 0
205804456 0
424494625 0
597060555 0
494013038 0
965925089 0
108278994 0
1015915849 0
215647606 0
75908018 0
516406194 0
266441885 0
289662922 0
258399620 0
407829694 0
439798472 0
84647860 0
4296959 0
104159306 0
564087478 0
139534423 0
713704664 0
358367562 0
8379423 0
799255932 0
211499588 0
478412969 0
55078242 0
501876161 0
32647702 0
601025121 0
348597608 0
104640241 0
392742090 0
488400966 0
207627582 0
688555295 0
170680409 0
299062437 0
792850178 0
951692279 0
287763483 0
520239161 0
736268420 0
585688748 0
438236299 0
198313187 0
275979073 0
270657048 0
390155126 0
92647929 0
369518429 0
394886788 0
42187583 0
87275348 0
163506387 0
495880201 0
65023119 0
85501591 0
392622651 0
653226770 0
867708897 0
604036547 0
371547447 0
613377180 0
284296474 0
685676192 0
100152424 0
324927287 0
768735106 0
611951061 0
23059995 0
689699959 0
50375431 0
374921227 0
524840616 0
41853147 0
713972093 0
754961748 0
322670836 0
77680329 0
251308052 0
244112982 0
424947462 0
108661946 0
63159694 0
309748215 0
536886854 0
780857745 0
182633424 0
734421949 0
399856164 0
54404698 0
66349510 0
82794659 0
95180549 0
18871043 0
722483285 0
138679014 0
20972771 0
742791690 0
510454298 0
495665489 0
277391562 0
337318762 0
725304782 0
634211555 0
177447482 0
655091678 0
42582765 0
452401170 0
553018818 0
255165251 0
293774546 0
301259743 0
343565245 0
149729959 0
664737820 0
783313081 0
519101984 0
388451494 0
850222902 0
985602075 0
471941216 0
717464074 0
202702334 0
534229784 0
226214900 0
606539340 0
769178297 0
362759124 0
177522529 0
333794024 0
521586426 0
147991387 0
798428315 0
473021044 0
44185344 0
115988938 0
257602576 0
445026749 0
512259168 0
282909225 0
639133600 0
417001563 0
459398501 0
127812027 0
129810050 0
12079105 0
260565170 0
270703903 0
326960610 0
154755864 0
94435016 0
702054458 0
123729361 0
2407589 0
706274707 0
95612109 0
873067783 0
753224121 0
243791982 0
206211744 0
22319037 0
851182473 0
190112293 0
490220324 0
706653340 0
14322970 0
531669340 0
732808488 0
218615626 0
286864287 0
683438641 0
307451357 0
290907742 0
204555445 0
315635350 0
773505683 0
354908320 0
938472151 0
104660557 0
50833806 0
496072893 0
579515008 0
14006404 0
737957811 0
306040411 0
1016717218 0
306268325 0
449280987 0
581713983 0
277629305 0
338224916 0
887266910 0
837720639 0
869218309 0
346962909 0
904186762 0
320648663 0
61956101 0
683467054 0
511090504 0
557758787 0
56322051 0
511833172 0
565862099 0
784870016 0
667037533 0
658545891 0
24926183 0
346498469 0
151194396 0
56978045 0
475482083 0
587538216 0
196314068 0
363122203 0
42929056 0
710136956 0
737747616 0
435985634 0
55127651 0
856551257 0
8753313 0
443984742 0
573143811 0
321863156 0
576108771 0
604475342 0
139466949 0
537668111 0
350592726 0
304992996 0
604061440 0
152314350 0
162511294 0
114611836 0
172507722 0
161819505 0
138568108 0
359453057 0
77580099 0
208601538 0
541163333 0
603721253 0
256323099 0
540084476 0
869979533 0
24465111 0
781855646 0
950727642 0
838067730 0
262574840 0
711922070 0
98380581 0
173677030 0
162213468 0
116570865 0
903402938 0
540273988 0
262774451 0
666809799 0
371331299 0
342764292 0
739194120 0
38743598 0
180589318 0
400214187 0
722719663 0
808722070 0
241411677 0
127779824 0
70618352 0
893577986 0
246344234 0
311629494 0
154338166 0
743215962 0
100480819 0
835836830 0
272231716 0
193095060 0
689323398 0
995930922 0
332773596 0
630183755 0
251288123 0
507038836 0
99275956 0
59532931 0
117508888 0
221994359 0
215976205 0
362596285 0
768440076 0
183434969 0
530560803 0
431218123 0
379593987 0
71808023 0
54381663 0
269643172 0
202561208 0
982712022 0
456405469 0
682230202 0
201184222 0
14124890 0
394487968 0
804673787 0
257999064 0
281587242 0
876164353 0
923958066 0
627865534 0
251867520 0
918447351 0
15613325 0
310115742 0
323935732 0
351856230 0
56262265 0
143102408 0
387058449 0
256678629 0
171447858 0
113002687 0
104259585 0
104890774 0
126067688 0
516415533 0
135573033 0
698808383 0
479265993 0
607567665 0
30504136 0
715897302 0
82820163 0
740571576 0
850543856 0
551567507 0
394595955 0
89516940 0
185517487 0
745529139 0
150580172 0
332589802 0
248788598 0
834397645 0
507285166 0
593614094 0
149973806 0
96940411 0
547094994 0
227685026 0
425571539 0
396193059 0
104537352 0
283256386 0
641193046 0
322923839 0
1020285032 0
173754137 0
282924957 0
651657324 0
428872269 0
805086860 0
522172046 0
162401462 0
253756431 0
506927989 0
96590643 0
541410157 0
280354452 0
379155386 0
132899395 0
707310931 0
545537660 0
486629290 0
522699188 0
120647103 0
586261472 0
103047569 0
623222953 0
396990829 0
157508945 0
361764233 0
728484976 0
100064998 0
125131131 0
205794837 0
937176017 0
696824101 0
546292451 0
526374981 0
545180680 0
317255700 0
240833333 0
327525756 0
242241147 0
819663347 0
506389093 0
78243434 0
855217848 0
164671585 0
332900437 0
596852761 0
2874109 0
147850372 0
336514683 0
631294486 0
82629903 0
103101394 0
218642765 0
526809663 0
10400973 0
819366840 0
637068056 0
290119751 0
183025166 0
314928300 0
149543853 0
495641491 0
307032455 0
11823609 0
601060263 0
635181176 0
581635467 0
131688937 0
5483320 0
365678196 0
2148622 0
268860623 0
82653880 0
224464266 0
747290870 0
45511365 0
514329570 0
524894121 0
212674962 0
533567976 0
65990524 0
168994396 0
930652090 0
855111517 0
148406377 0
559790406 0
87170854 0
325898681 0
347319505 0
783202226 0
909650859 0
146022088 0
324322801 0
379526218 0
230588864 0
86928450 0
49551370 0
497801679 0
35907513 0
642467798 0
317328853 0
48522271 0
559345163 0
168617612 0
427509426 0
180032719 0
210592887 0
298386606 0
347314681 0
143828549 0
110330703 0
767140069 0
92592002 0
475263989 0
581291369 0
342223751 0
325781323 0
542730901 0
253229451 0
792510859 0
852455940 0
111831415 0
565029077 0
178177140 0
338734082 0
647905622 0
377097905 0
439106580 0
286974806 0
430821409 0
14129701 0
574727576 0
134165218 0
95676917 0
3514234 0
439636321 0
153813795 0
611603112 0
116978521 0
854117488 0
329635006 0
13551958 0
1002427644 0
33449470 0
562523965 0
47484741 0
689892215 0
58149586 0
339784930 0
860664595 0
431734015 0
568529319 0
163459201 0
462770726 0
363375268 0
148716102 0
99919600 0
91094553 0
443011790 0
112017829 0
89931119 0
724172784 0
495352712 0
480881333 0
102259826 0
652574558 0
9827361 0
64931666 0
320531614 0
147345278 0
236234861 0
434593660 0
872181512 0
318823685 0
964161590 0
668777369 0
42799260 0
69637325 0
262219528 0
302606330 0
396132965 0
555297028 0
116985667 0
546424750 0
466798063 0
14745323 0
605166357 0
564762007 0
133772455 0
769513825 0
535020070 0
447716397 0
714337968 0
928106655 0
837327521 0
576683524 0
671768915 0
290661619 0
491347612 0
14256808 0
502382440 0
388655913 0
409386838 0
498149310 0
536427006 0
404317281 0
846660899 0
68891234 0
29967334 0
508361044 0
287700279 0
460389369 0
909122483 0
263794029 0
92502491 0
399658868 0
33393784 0
43239361 0
264618196 0
277356199 0
609022284 0
5153774 0
637765008 0
415261218 0
672316496 0
246699018 0
144479986 0
443551141 0
647929721 0
924682637 0
402040495 0
442552178 0
192179108 0
526449837 0
79828531 0
242026141 0
26456483 0
246503058 0
627262946 0
97108378 0
229318006 0
871894451 0
265379699 0
121082500 0
72467994 0
801100819 0
947086583 0
29039937 0
33590082 0
22849749 0
193158150 0
579862855 0
47448638 0
91937311 0
47007414 0
718841507 0
408765473 0
68290645 0
580852934 0
654224237 0
183989320 0
348576937 0
294774609 0
170484649 0
576813648 0
50323700 0
306699769 0
360001921 0
177112905 0
165540143 0
51635955 0
317532396 0
408875195 0
261396216 0
268663046 0
741404900 0
746909402 0
135532280 0
512493851 0
83286065 0
191814022 0
322119776 0
30343905 0
781526953 0
336987810 0
142173295 0
806326264 0
798071894 0
927422116 0
644213629 0
381542430 0
637197883 0
97863352 0
356394347 0
5906407 0
70823602 0
514952712 0
189421649 0
15638336 0
413619406 0
57221200 0
313217781 0
27302154 0
483185847 0
817382630 0
43637959 0
141255869 0
121043499 0
836593469 0
163008145 0
369607217 0
317370450 0
53581537 0
342383517 0
68924949 0
590965386 0
316289543 0
587314701 0
682857859 0
251969806 0
224359039 0
677340612 0
200634952 0
372375120 0
608031227 0
247583602 0
645170818 0
454320534 0
266986775 0
119085059 0
26100352 0
26745064 0
1439606 0
298684395 0
508930349 0
353599885 0
587122106 0
923740728 0
121173471 0
335869644 0
98065347 0
418019038 0
362833256 0
427623861 0
237566980 0
481122946 0
226988224 0
285161678 0
233630804 0
176218642 0
50772062 0
20148387 0
281172279 0
116032233 0
149355583 0
497534579 0
767600912 0
951323682 0
104405072 0
334831753 0
398123390 0
124884391 0
158610924 0
581464733 0
124313857 0
43357734 0
393273888 0
286273097 0
595263615 0
121882217 0
223650442 0
74848458 0
404061668 0
413716837 0
358012520 0
91646143 0
332054076 0
292021144 0
370118752 0
783231177 0
323267104 0
614480733 0
131705792 0
168596584 0
327604319 0
176024016 0
115620888 0
500848567 0
42363773 0
633370832 0
394950103 0
699257513 0
244593221 0
83182562 0
210851559 0
800270192 0
9130033 0
112099309 0
468600108 0
87678454 0
483892049 0
157068432 0
941007075 0
508779268 0
191936777 0
907986139 0
221846901 0
92824180 0
69508121 0
843961784 0
712474182 0
104579670 0
575687395 0
800650284 0
376786189 0
681273760 0
233228746 0
499620286 0
514760177 0
918528977 0
380257288 0
549740936 0
948711109 0
463307484 0
244972950 0
77379152 0
860522308 0
2615325 0
791300764 0
714383096 0
792117278 0
286014030 0
297930025 0
44510198 0
420706211 0
189914671 0
215348745 0
893634974 0
32252000 0
453617934 0
873416976 0
58351843 0
90204220 0
463506408 0
1000486278 0
297571237 0
628499474 0
53486918 0
117914361 0
1050061900 0
1028326718 0
337497007 0
132492831 0
344401588 0
10242078 0
44338374 0
155108895 0
1012640658 0
342785822 0
229259958 0
65987161 0
38383273 0
551408409 0
419914437 0
704534247 0
572783599 0
316796267 0
304608471 0
732019700 0
235435150 0
730829502 0
580146921 0
161907607 0
99100681 0
232282966 0
540350507 0
23914035 0
305800382 0
782062041 0
678138637 0
94194975 0
166724337 0
394874793 0
556370860 0
413117043 0
149718087 0
271303025 0
479628075 0
587468482 0
18020578 0
719275736 0
288547665 0
462192265 0
137019745 0
479273197 0
749409769 0
61497792 0
25042527 0
650953536 0
320303846 0
621314079 0
4007125 0
552086221 0
511899012 0
54478214 0
622276909 0
35707333 0
371803371 0
556489984 0
68014517 0
240378698 0
127566753 0
912869027 0
349396446 0
495058859 0
191020197 0
57881358 0
50233597 0
97609744 0
4933764 0
337747279 0
496417209 0
21844284 0
762758171 0
725192652 0
81168032 0
82957736 0
581942597 0
161129978 0
54264285 0
95718517 0
47390047 0
124201210 0
454327252 0
206148764 0
724381667 0
736570260 0
303006093 0
219068153 0
37416498 0
373467975 0
178346200 0
113703545 0
480699877 0
114401941 0
414585080 0
904926380 0
562158779 0
360888006 0
452883287 0
254916508 0
753758611 0
17949011 0
287953076 0
563404918 0
61827908 0
526756129 0
848545361 0
87849758 0
281831305 0
303993935 0
163818889 0
34099136 0
69612274 0
628614737 0
792049503 0
666091535 0
402264298 0
260792023 0
474532823 0
231980605 0
218766982 0
60133274 0
504068 0
5694601 0
50940677 0
28945332 0
269140717 0
4228630 0
135304782 0
63416932 0
487097887 0
164141935 0
231814170 0
805829002 0
350150280 0
103823092 0
357100561 0
301124316 0
249559550 0
481670852 0
43542621 0
483901131 0
530860098 0
604150664 0
379942755 0
127261276 0
18703329 0
636003191 0
759688821 0
433862451 0
129157698 0
664804783 0
410112198 0
266030015 0
703403627 0
169793026 0
716613890 0
930258932 0
887748002 0
602439211 0
642424582 0
146601237 0
15932877 0
656018452 0
9265051 0
439007063 0
242547103 0
34648769 0
479370964 0
507159928 0
838717952 0
9869333 0
949160528 0
617354506 0
161179818 0
592546788 0
355298997 0
514197524 0
177109811 0
61205681 0
318083248 0
236214315 0
637293656 0
233127011 0
229143299 0
749605675 0
47515579 0
193020838 0
822647613 0
564676288 0
452344088 0
78664597 0
706624718 0
57400503 0
177670028 0
494596689 0
472859041 0
10262336 0
442939885 0
791446926 0
195387907 0
2465733 0
604462337 0
272330728 0
188551721 0
413553259 0
561567800 0
331496316 0
216100800 0
1006700610 0
127757750 0
96669505 0
1050943878 0
69811867 0
231634519 0
19867345 0
314707927 0
132425755 0
303165521 0
443646340 0
832843604 0
274905086 0
45585430 0
99546303 0
187051530 0
22721349 0
321092701 0
364954908 0
716295549 0
64678060 0
28831372 0
38743370 0
138146533 0
258347677 0
432178788 0
346386563 0
81747283 0
266166877 0
277395137 0
349530424 0
81556064 0
105151193 0
206444372 0
20425409 0
606520364 0
438397676 0
30581766 0
22784501 0
398188913 0
454803393 0
88681481 0
243917012 0
512267477 0
23660009 0
792742810 0
24946277 0
96121042 0
723649565 0
222667032 0
10174917 0
183025598 0
496399488 0
164487339 0
295819976 0
74231014 0
854878 0
25932241 0
211430420 0
13837273 0
397573412 0
164179680 0
727705498 0
492520015 0
637005990 0
402151221 0
367118264 0
109961228 0
206548850 0
600534557 0
234041832 0
655266227 0
604037085 0
413626401 0
343681909 0
154991319 0
502400880 0
485651111 0
947265172 0
87578216 0
949925672 0
347760137 0
314249851 0
112597913 0
365191002 0
14797876 0
451138944 0
510548412 0
460426255 0
328627865 0
664801735 0
196406566 0
303902642 0
790318035 0
823285118 0
876608734 0
527550162 0
249222246 0
261830118 0
488629880 0
1226819 0
28073446 0
783923243 0
970542548 0
462166669 0
27742627 0
57823148 0
246604412 0
140188001 0
391441425 0
76386361 0
285291720 0
287334478 0
388038428 0
418334080 0
92508339 0
200863077 0
128832538 0
305855086 0
99044908 0
112431173 0
116956452 0
137566247 0
285328227 0
759104910 0
933763075 0
26445235 0
15576768 0
252434257 0
5978543 0
144445754 0
108544611 0
639388287 0
398110594 0
448129076 0
496865479 0
378916190 0
123122924 0
244742322 0
558712621 0
806227209 0
504437925 0
403808339 0
579728994 0
374522907 0
341008555 0
287551099 0
561911875 0
774182451 0
841199792 0
405217636 0
140116856 0
145071995 0
865724977 0
232640963 0
495926193 0
555304053 0
263649581 0
729875192 0
251786297 0
403698879 0
206882368 0
44667601 0
265298345 0
19919417 0
334407520 0
36443372 0
813119611 0
73104362 0
111529381 0
929619749 0
384001155 0
693829134 0
192503413 0
319142797 0
675959494 0
467465484 0
140555917 0
697370955 0
434238854 0
572733528 0
264600554 0
442178441 0
226297310 0
140989709 0
194106631 0
267281536 0
295327033 0
478838397 0
170663616 0
367344072 0
23085261 0
195306327 0
102274112 0
7962209 0
104196143 0
377534546 0
133540071 0
439739137 0
298656535 0
231247803 0
210620872 0
459173271 0
788255036 0
839540335 0
426963183 0
443991482 0
31672685 0
231043852 0
325405788 0
327103893 0
358334864 0
485940775 0
38154720 0
680126157 0
458295468 0
490511048 0
148526723 0
107358323 0
176623128 0
358890262 0
386445917 0
903958403 0
394855342 0
301638257 0
634131908 0
715805954 0
44872674 0
10369781 0
787065459 0
461008568 0
205060660 0
70349899 0
15197091 0
460548560 0
283908706 0
231868479 0
435330357 0
647390932 0
693970727 0
279668901 0
342508893 0
237095250 0
499577720 0
6716451 0
618310174 0
591778913 0
54229075 0
718490679 0
70982288 0
46205990 0
804762043 0
86441323 0
355352965 0
138250045 0
692212187 0
767805629 0
177074345 0
500455315 0
763753612 0
82248725 0
762808583 0
903229571 0
482800221 0
333863706 0
319615793 0
103999237 0
163969343 0
855400753 0
236192729 0
60422871 0
426397586 0
121109243 0
5815941 0
791226923 0
110002776 0
552069241 0
576379292 0
928854769 0
151903036 0
584811749 0
344319672 0
48719439 0
303476581 0
291847057 0
222167720 0
340158336 0
144758624 0
231110788 0
266674872 0
69875770 0
56445249 0
287359929 0
523987511 0
865878284 0
223650524 0
171819973 0
318577917 0
659263432 0
129842702 0
187207034 0
271958399 0
550693978 0
128523826 0
719908237 0
628610197 0
278120595 0
108618641 0
626082056 0
217220587 0
192190132 0
417382429 0
142476545 0
41317427 0
15846260 0
210271943 0
174956905 0
347957821 0
144618462 0
196305725 0
787211210 0
166090553 0
364952439 0
342804338 0
369216750 0
234097667 0
384630656 0
195274210 0
27046299 0
97445886 0
719484988 0
617081526 0
16016121 0
310263911 0
157904959 0
523310202 0
22268871 0
328632966 0
260168767 0
63913783 0
156255622 0
225853386 0
270964937 0
804458062 0
673868339 0
120506749 0
606293188 0
551284179 0
489082909 0
257498089 0
779315888 0
40967515 0
818151354 0
133434852 0
612303043 0
118957171 0
197721778 0
364076830 0
46253491 0
887041249 0
83485199 0
603911804 0
924727632 0
598346439 0
270205674 0
39877294 0
20577159 0
824229794 0
863629011 0
539046539 0
377976157 0
68756980 0
100692768 0
910890305 0
338307451 0
517734070 0
12867540 0
68153572 0
528336107 0
176462371 0
419175297 0
832488664 0
140529107 0
159963292 0
4822615 0
519461332 0
95396587 0
245638965 0
520984020 0
292398862 0
256763313 0
189906056 0
57094744 0
657029411 0
140457258 0
715988028 0
572661947 0
254772574 0
222623487 0
257281221 0
363014891 0
576468684 0
604652760 0
459566499 0
95310486 0
362406608 0
848953132 0
336772006 0
1483902 0
425686933 0
452690128 0
118234534 0
16943896 0
259103383 0
455755687 0
580484956 0
110654425 0
908366771 0
324223216 0
397906840 0
456228302 0
303689933 0
551038165 0
248202811 0
315015225 0
1003156797 0
51652830 0
396139056 0
358532363 0
224853490 0
502441 0
168405827 0
199366212 0
634420924 0
228569434 0
395069290 0
150133791 0
733726881 0
847332773 0
610250936 0
122111448 0
196940351 0
590211789 0
63207415 0
136915583 0
364922981 0
680365798 0
590147707 0
660667611 0
574249514 0
150175943 0
283835882 0
364710034 0
54622247 0
166910164 0
75216233 0
634263597 0
79216932 0
25160187 0
725102347 0
129181707 0
33360603 0
46904430 0
211628194 0
340934895 0
219907955 0
767189527 0
139575345 0
815929041 0
651327063 0
596955444 0
726943166 0
251209528 0
16367785 0
390255905 0
383661062 0
978554706 0
414822616 0
39828183 0
715515367 0
540182265 0
306648145 0
612990731 0
366489106 0
983674977 0
373027827 0
773834102 0
487714704 0
606610061 0
133466898 0
132189483 0
163772557 0
245273146 0
235395517 0
478651321 0
771751185 0
311434243 0
495162146 0
122343884 0
14331409 0
702239172 0
832073301 0
77069860 0
896816424 0
543310963 0
181443034 0
1578463 0
843393982 0
307451536 0
170734145 0
171555521 0
599280843 0
367434102 0
104413465 0
329735992 0
112499917 0
389228473 0
567545199 0
149845760 0
550252608 0
773058358 0
197835413 0
410406472 0
258239417 0
791243219 0
437439338 0
58583552 0
191459847 0
96767090 0
170110482 0
618385807 0
338768036 0
395655620 0
484627025 0
218506650 0
314498329 0
509294388 0
184055278 0
608157210 0
455707815 0
785202228 0
425415066 0
59341579 0
221134154 0
180459002 0
30649909 0
463710396 0
200368905 0
278730027 0
382872648 0
116745636 0
173467589 0
165283451 0
142068028 0
421877332 0
404097269 0
264195298 0
302607486 0
693289210 0
32138161 0
283491359 0
180851851 0
18849677 0
557312652 0
748701699 0
623527424 0
107198754 0
587376578 0
627221030 0
375430573 0
615967608 0
606516061 0
88247161 0
147489534 0
268754582 0
18584793 0
277822732 0
113753290 0
92658453 0
250545347 0
559008758 0
806480326 0
307140895 0
305029450 0
411521444 0
132353321 0
12859717 0
258198818 0
14104112 0
448376563 0
3673685 0
81604143 0
116451808 0
152719668 0
798832321 0
538399087 0
196623387 0
338095230 0
57511452 0
501596124 0
616372603 0
662507675 0
102080670 0
659570414 0
235343132 0
109995183 0
794478903 0
618461465 0
934608264 0
23180525 0
290500822 0
17622543 0
237875865 0
22461535 0
230205838 0
231595766 0
76664048 0
6081995 0
759919431 0
199937563 0
227436948 0
16610943 0
81057608 0
190575634 0
60704701 0
208466696 0
254786171 0
735947426 0
61612777 0
433160126 0
395009145 0
534216161 0
683102339 0
56252968 0
395868098 0
720427936 0
169664301 0
694306532 0
222055030 0
298510922 0
58210880 0
585295974 0
18653412 0
372382778 0
85774730 0
169983528 0
728497043 0
700296381 0
490844790 0
561113579 0
575517071 0
388188690 0
746646895 0
46368072 0
553436085 0
330319518 0
660284560 0
769882056 0
278201714 0
47138519 0
491750112 0
642030240 0
527864851 0
491995337 0
53175385 0
506109003 0
259398046 0
109913941 0
131038363 0
890930990 0
989932137 0
315784201 0
112877883 0
450961014 0
681791844 0
81819555 0
421231602 0
403913584 0
634211078 0
840200681 0
437787997 0
881234010 0
98052877 0
106633820 0
221008136 0
350760524 0
243701215 0
115810258 0
522509896 0
857839869 0
49408882 0
128821775 0
114143009 0
511739517 0
47962003 0
710554096 0
494572563 0
506008749 0
223047682 0
168962484 0
245489099 0
589143471 0
287075489 0
393623322 0
247111699 0
493028301 0
10274722 0
657839232 0
881145818 0
468075784 0
400573583 0
213862753 0
493253686 0
336430308 0
281786456 0
249914045 0
539231814 0
39630185 0
923115167 0
271252460 0
1678899 0
497154995 0
369815231 0
107004211 0
159350029 0
168411682 0
302319412 0
482114680 0
822027856 0
66555965 0
505211607 0
416513000 0
256504667 0
266678194 0
134765337 0
86681706 0
199404076 0
576070099 0
166165069 0
161344076 0
6829676 0
127758718 0
934819767 0
452743643 0
157036887 0
364786967 0
793145019 0
254983513 0
406897151 0
13565167 0
140406684 0
399473750 0
155283093 0
988036171 0
336111142 0
553257385 0
569055524 0
84990429 0
142599513 0
873372122 0
769923171 0
386830229 0
800376968 0
693134650 0
162075829 0
425091066 0
476988334 0
301401347 0
3679588 0
156961094 0
27033980 0
73999207 0
289091069 0
284489160 0
183064959 0
452334872 0
93831631 0
874190368 0
86590805 0
52109235 0
237782664 0
199091978 0
321788353 0
242897038 0
129820545 0
774043372 0
161488206 0
162188664 0
152719415 0
253958984 0
734769694 0
609251567 0
468321787 0
52544840 0
525949877 0
655829367 0
167361028 0
291789149 0
84664605 0
135918109 0
574303307 0
73752765 0
417429035 0
678246659 0
35630937 0
247492156 0
338360611 0
644231531 0
442299768 0
491505024 0
273767623 0
275230157 0
102726948 0
96759458 0
390819769 0
689885350 0
258775772 0
383807742 0
19045628 0
26242412 0
454759854 0
241955340 0
238844444 0
59108525 0
132118518 0
603502611 0
432304265 0
396741874 0
47751948 0
742624941 0
125245229 0
27561822 0
239014315 0
331028596 0
296452471 0
257170928 0
380426845 0
194534183 0
176574842 0
315297980 0
52394841 0
22581701 0
61676858 0
405325133 0
221729393 0
466435622 0
65955997 0
509953060 0
762592382 0
303933442 0
307804049 0
240909446 0
149367477 0
966045494 0
138926504 0
730730958 0
147687683 0
548536406 0
129872178 0
595923215 0
252040435 0
286870667 0
452070296 0
691551361 0
138826035 0
354511632 0
954092499 0
189390963 0
521120887 0
442625696 0
216464131 0
92620208 0
117387179 0
561094020 0
406515970 0
24278084 0
627365875 0
228103405 0
38172301 0
505360395 0
456933120 0
587048799 0
311005309 0
103758598 0
305057301 0
412991961 0
433550942 0
505315182 0
409039267 0
265497159 0
928556148 0
267402500 0
644799857 0
449635766 0
11237771 0
651060495 0
907670902 0
187764131 0
112709263 0
800736288 0
261421804 0
475165727 0
243258624 0
13424048 0
261408669 0
298058952 0
55632717 0
176680056 0
267770 0
78075392 0
359239461 0
794637328 0
4285070 0
887949724 0
746448669 0
657689977 0
52757857 0
102459538 0
737875136 0
7094859 0
407700054 0
725040600 0
970357482 0
315813124 0
12239442 0
181579104 0
72162956 0
240035521 0
209559535 0
322568541 0
510261 0
239192252 0
372838550 0
35626050 0
237187924 0
77751648 0
520948467 0
252768706 0
325505092 0
207544261 0
487776300 0
393847749 0
312355425 0
781740112 0
67011756 0
552897025 0
130130698 0
174782982 0
