1352486359 0
1385480109 0
1307302022 0
1295938485 0
1139449606 0
325609843 0
1495785974 0
1393532305 0
1843963821 0
1592327388 0
1745647092 0
429448546 0
1598030250 0
1523282600 0
1573605125 0
1213373609 0
1150226396 0
1844536181 0
1123453943 0
1054700432 0
1821189986 0
1589993700 0
848440677 0
712522211 0
1786183717 0
1836225089 0
1665341501 0
1581675193 0
1502635720 0
1864356668 0
1758103256 0
1307171100 0
1603817215 0
1519696122 0
1663500310 0
1205661033 0
1592703092 0
1688045250 0
1591014123 0
1383603440 0
1234044698 0
1791827907 0
1203094501 0
1558026966 0
1267160448 0
1271952045 0
1768484794 0
722878591 0
1394533819 0
253495971 0
1509293413 0
1084599088 0
1000466171 0
634714067 0
1573353458 0
1372687622 0
1701571510 0
630667986 0
973184996 0
699902288 0
1704724859 0
783945610 0
1821933967 0
1634425045 0
1090131391 0
1781512377 0
777992418 0
1727822542 0
1752057898 0
1170562067 0
1760624026 0
1771813628 0
194335820 0
1798765023 0
1854975535 0
1319152766 0
748032180 0
1134188803 0
1702648043 0
1074854299 0
1715730177 0
1061554746 0
980194847 0
1771258299 0
539059919 0
1844651851 0
1388307257 0
690424837 0
1278771234 0
596539696 0
1065053220 0
1449979184 0
1135923733 0
1659375567 0
1245360307 0
1875969175 0
1264145361 0
1772167537 0
354960582 0
1776448728 0
1459089854 0
464229253 0
1407542261 0
1466627876 0
1668106335 0
183610297 0
1601750831 0
381292882 0
1287135681 0
1486865766 0
1148426355 0
1479208107 0
1663502540 0
423585525 0
1480250356 0
460042061 0
781549329 0
1862274209 0
1793519700 0
1256508288 0
1834109759 0
1291138561 0
1451230236 0
834419483 0
1553409693 0
1231598310 0
487690459 0
1356973617 0
770399405 0
1844739489 0
1398465568 0
1811542401 0
1678294363 0
1434487788 0
1390943997 0
1409523849 0
671076889 0
1582924687 0
1677075358 0
1661898485 0
1378565139 0
1686374832 0
1709639210 0
1435780590 0
1464002455 0
1465960335 0
1527292621 0
1587676323 0
1171493261 0
243754529 0
1688082837 0
176832134 0
955690408 0
1390374950 0
1376967538 0
1675369746 0
1508059541 0
827941331 0
1284336037 0
1472042698 0
1836715645 0
803814593 0
1481581614 0
461908218 0
1193996022 0
1581777288 0
1488091109 0
1770626039 0
1532114888 0
1135775118 0
941872083 0
1045777895 0
903384305 0
1692763849 0
763413464 0
1626311630 0
1658527902 0
499654601 0
1725814351 0
1350958433 0
1474100194 0
712345163 0
1463768597 0
1851746752 0
1230388513 0
1389126859 0
1407187357 0
75143168 0
1463717206 0
1619750656 0
1719888433 0
944801501 0
1816298967 0
1494171412 0
1333509819 0
1392538513 0
1504925072 0
1084862562 0
808045255 0
1808199673 0
1862137814 0
1110606053 0
1448732018 0
774119210 0
1571882339 0
913880949 0
1822139627 0
1601798009 0
1729719525 0
617838388 0
1442976884 0
1594870084 0
655754647 0
1747523848 0
1401935271 0
287555352 0
1737672091 0
1151442993 0
1108677779 0
1540537519 0
774783449 0
1699652045 0
859518744 0
1728427076 0
596461510 0
706384159 0
1393822168 0
1626708079 0
669764459 0
1501596938 0
1111516310 0
1579853137 0
1770270091 0
1844713180 0
668766701 0
1674540999 0
893160895 0
1611370776 0
1484959898 0
751886950 0
547679019 0
661304451 0
1822959712 0
995987185 0
1176086226 0
1638236436 0
973013817 0
1114978074 0
1422039178 0
961348444 0
746650412 0
1261363550 0
1101973622 0
1342625775 0
550207192 0
762333405 0
1687115463 0
856506279 0
1876714660 0
1679060147 0
1092392041 0
1263559749 0
1656318912 0
283473035 0
1462488442 0
1212898294 0
1855246658 0
625198063 0
1379550934 0
1598644524 0
1018292131 0
1156787366 0
1754422015 0
1496926146 0
1747599473 0
1533957706 0
1791029382 0
1634979334 0
1282908893 0
1263880470 0
1849464288 0
1268025349 0
526505980 0
1510788479 0
1032158454 0
1595203244 0
1306346237 0
1626966774 0
687461035 0
931932500 0
899543742 0
1661326481 0
842797530 0
1412797932 0
1550314754 0
1712535156 0
1557227978 0
1308114531 0
1871759061 0
791059641 0
799346937 0
1646574195 0
182939462 0
1096618328 0
1522675259 0
1311332722 0
1749476223 0
1340521239 0
365910078 0
1870884701 0
969010394 0
1674367352 0
1524770037 0
952216987 0
404589164 0
396690900 0
1150750349 0
1707945714 0
1859780670 0
850504923 0
1843219615 0
561688875 0
1565372381 0
1731761170 0
1512001918 0
1498139654 0
1660005922 0
280118935 0
1571651020 0
1747487742 0
1822739645 0
814416362 0
1539386771 0
1751196817 0
409808884 0
1613732508 0
1435828037 0
1592060220 0
1808197258 0
1462200411 0
1589822229 0
733152766 0
688598347 0
1637726893 0
1429498180 0
484931242 0
781909567 0
1774979090 0
1452428745 0
729887091 0
1681482684 0
1672407473 0
1867489734 0
702832224 0
564057003 0
1474055145 0
1514289449 0
894211260 0
1716102031 0
1549015301 0
860020043 0
1699274194 0
1855593100 0
1284915653 0
1787214228 0
1650059409 0
1105612442 0
938606181 0
695349627 0
1629835641 0
813434534 0
714983061 0
942313075 0
1462069591 0
424238084 0
1032013631 0
865163554 0
1377413826 0
1237132103 0
828487502 0
1202205871 0
891909262 0
1740104839 0
977703893 0
1357555219 0
1342371433 0
1385416869 0
879259150 0
1642780001 0
1002493829 0
1739315165 0
1645928405 0
1772326678 0
1484072690 0
1688216366 0
1692214438 0
642079904 0
1375477901 0
881376124 0
832567359 0
1265180772 0
1031232389 0
1628725359 0
485619583 0
704756750 0
317700563 0
879264420 0
465622358 0
613317782 0
1341796588 0
1229431047 0
1232419919 0
1492996626 0
1733572726 0
1299691827 0
1266473999 0
1311658720 0
1767657858 0
1645866916 0
1043000322 0
1731866871 0
307061667 0
598914366 0
1697893085 0
1407580728 0
920266353 0
1141180096 0
1630094641 0
1727816398 0
1708084934 0
1235958760 0
582854256 0
1358418271 0
1729390537 0
882171712 0
1826629801 0
1860975044 0
1877625251 0
1130165244 0
1420436395 0
1862918186 0
1054842550 0
630526930 0
1457522451 0
1349781937 0
1574206141 0
1595140074 0
1592328588 0
1787146663 0
1527390662 0
301799365 0
1420241686 0
699470952 0
765232193 0
374097862 0
1651918360 0
1185348912 0
1472178365 0
1269603193 0
1474930214 0
1342826526 0
817865132 0
1108646536 0
1338880954 0
1761223425 0
985660861 0
1806718269 0
1729488362 0
914598529 0
1626859848 0
1744751354 0
1756516341 0
1170163896 0
1211830074 0
1751742347 0
1642997867 0
1555061298 0
980737654 0
715819775 0
1596198058 0
1037273972 0
555959577 0
1876677408 0
1452192765 0
784511755 0
1869642506 0
1311996987 0
1873080042 0
1128394281 0
1179849232 0
1764238078 0
770997301 0
1122711807 0
1700446566 0
1841327481 0
1845841939 0
1759478096 0
668886958 0
1872812568 0
1098464539 0
403676341 0
1120826130 0
971252297 0
1582470104 0
1686125292 0
1683321375 0
1082242125 0
1298690488 0
866953809 0
1115998096 0
1105656701 0
815718313 0
683647718 0
581292565 0
1696662366 0
1119124853 0
1390593594 0
1754644540 0
426738290 0
1805153957 0
157336977 0
1854880819 0
1649991497 0
1525731723 0
860604443 0
1277771580 0
1161025233 0
813803123 0
717078824 0
1497399862 0
1759655780 0
1514315712 0
915694449 0
1426580367 0
1669565630 0
1574331935 0
1764452851 0
1356124547 0
1614481883 0
1362687129 0
1347453851 0
545127530 0
1610999754 0
1074507560 0
860719692 0
1449320253 0
703517429 0
1304905853 0
817119612 0
402590125 0
953848886 0
1737313329 0
1298752952 0
1429731641 0
1842087337 0
1578931753 0
634702808 0
1161320002 0
728140603 0
1848961303 0
1507595108 0
1750849147 0
1182489571 0
516460523 0
1516734248 0
1647306498 0
1318208180 0
1111690564 0
1320316040 0
1319770411 0
195587282 0
1573623210 0
941270079 0
341513537 0
1876582244 0
1036565352 0
1348677676 0
1690771203 0
1424253871 0
1644495289 0
1181287401 0
669885328 0
1757026803 0
614285337 0
1434751468 0
1453419958 0
1293384624 0
674793566 0
1139822478 0
1813818199 0
1015473655 0
1205108550 0
298995534 0
1773717459 0
805797972 0
999240288 0
912163702 0
1120435512 0
863795257 0
681781266 0
1213236777 0
1793419642 0
894887736 0
1537053756 0
892520295 0
1364007696 0
1527180337 0
750181740 0
804591676 0
719333718 0
1390375063 0
804096496 0
1783581850 0
1351381301 0
1712066356 0
1716161923 0
1198782622 0
546057442 0
719158972 0
690136336 0
915171490 0
1175495568 0
382752068 0
1256991085 0
1703177461 0
1025618211 0
1504840027 0
1132321575 0
479891438 0
1771121275 0
1181336464 0
1043978209 0
1258536983 0
1732138456 0
1789445307 0
1025360605 0
1797859151 0
724284829 0
1723040865 0
1157808528 0
1305509495 0
829383192 0
819621096 0
1170652149 0
1685165952 0
1167269459 0
1528306177 0
1708462578 0
182470631 0
1031609018 0
1742443878 0
1708352366 0
1803407684 0
1163913106 0
627296600 0
1481800231 0
1076987142 0
576005411 0
1849245338 0
526485833 0
1655545776 0
153679610 0
1516871651 0
1849268532 0
1509693594 0
1113849361 0
343352123 0
834753813 0
1818509237 0
1642245400 0
1583979497 0
1613933011 0
892781349 0
1314213340 0
930852533 0
739401148 0
512379539 0
505963003 0
1629339780 0
1787531989 0
405904068 0
1550056102 0
582661892 0
1445573098 0
673984120 0
1872131766 0
1691600533 0
1397308136 0
1284312355 0
977580937 0
658584052 0
1668221624 0
353132273 0
1238733583 0
1226399741 0
1394354077 0
1812174202 0
1758094218 0
1291256063 0
1363915017 0
679916064 0
1844714389 0
550402458 0
594165229 0
1264314640 0
1338344234 0
701239766 0
1217870936 0
1182082498 0
665792434 0
710817499 0
1411297068 0
1708820655 0
608408863 0
1056555017 0
1831195092 0
1749240354 0
1499450755 0
1516878664 0
384946330 0
1417294169 0
1201626505 0
1121993662 0
1507093777 0
1129506561 0
479738123 0
1567747884 0
1428997483 0
1733907554 0
1400938000 0
1072852746 0
1749729913 0
460321417 0
795789808 0
168666227 0
1446612073 0
1263876907 0
811567558 0
1418179309 0
1547414540 0
848423256 0
557910115 0
1307679332 0
1387933757 0
1829120941 0
1289089170 0
266302117 0
266505694 0
1618351727 0
953018279 0
1641215562 0
990514294 0
285818820 0
1417040058 0
288977952 0
1609081187 0
812369071 0
1131802840 0
1362436407 0
551600063 0
1853490855 0
1285845905 0
1580111423 0
1269825397 0
1551426925 0
1532584822 0
1727591860 0
1296209712 0
1795493981 0
1164198772 0
1247228832 0
883454934 0
609238197 0
1526219553 0
1478777923 0
668581591 0
1506248644 0
1659621432 0
1572797979 0
1860023130 0
427834094 0
815259544 0
1542803621 0
1519672806 0
1185408870 0
1297124888 0
569243122 0
1708353223 0
1566560206 0
1718924139 0
1400885357 0
1878138220 0
1098409044 0
595797370 0
1143814385 0
934252108 0
1579528333 0
1710785545 0
1187820991 0
761376557 0
1192557145 0
1036799340 0
637575942 0
1369921343 0
1699010280 0
1385602102 0
843717105 0
1123705177 0
1404227957 0
1248787852 0
1042575258 0
455005931 0
1482905862 0
1028456101 0
1440599421 0
1532812558 0
1063088581 0
1404098672 0
848536122 0
1394961226 0
1410052687 0
1514171370 0
857562217 0
834128359 0
1674865897 0
1523715455 0
1827846179 0
1397000256 0
1806810162 0
1551056702 0
1332707527 0
1494137679 0
1178686249 0
405040265 0
1086696821 0
1435667977 0
1490981938 0
1473368466 0
1793363441 0
1796520293 0
1710134211 0
1664204462 0
1836664542 0
1364183597 0
931949956 0
1766810619 0
690042341 0
667298938 0
1099636483 0
1659758612 0
1334674556 0
1861874821 0
1229225596 0
1677265387 0
774260513 0
1193493728 0
1627745357 0
1774985642 0
1144190175 0
1811884674 0
1625976645 0
1550992436 0
1730369501 0
1256101366 0
1770077760 0
235530840 0
1840115309 0
578698183 0
1735816216 0
1421667316 0
1873774113 0
1802359866 0
776679393 0
1531975361 0
1459464787 0
1539603635 0
1828106854 0
1702583167 0
1091753562 0
1717169097 0
1596996436 0
966471831 0
1855328827 0
957777650 0
1813116955 0
1046403930 0
1244660203 0
1187005608 0
1824904889 0
1870195853 0
1867106272 0
1809867532 0
639567749 0
1297482960 0
1614853510 0
1303253241 0
953030843 0
1814139658 0
1843966526 0
677285259 0
1033353010 0
377256946 0
1413233213 0
1646056210 0
1650303704 0
1068047448 0
616645571 0
1293623455 0
1314364964 0
1720376443 0
1822788133 0
1646487609 0
1046566811 0
1813867631 0
1400963723 0
1113776278 0
111834716 0
1391697529 0
1370271749 0
1273362406 0
931616091 0
1394605386 0
1811403824 0
1724770016 0
1561280385 0
1305138392 0
1545326422 0
1169092409 0
1298006661 0
445977624 0
1642899972 0
1413989205 0
1503251987 0
1415853690 0
1497811803 0
1760148047 0
1569165611 0
196912335 0
1363211668 0
1839212670 0
1170289810 0
1636976888 0
1453331172 0
1181363059 0
638304069 0
1686017022 0
1820137548 0
664450111 0
1663892595 0
935939847 0
1646676959 0
1450857693 0
1609535236 0
1361199091 0
1345432930 0
967573820 0
1312444483 0
1201302568 0
1582328633 0
488544500 0
1044647713 0
1437010637 0
1069535859 0
1761470560 0
1772763167 0
1350822736 0
1588176898 0
1539454108 0
305609339 0
1658172975 0
1707600966 0
1712977462 0
1710942960 0
1096900900 0
1166768672 0
1345669594 0
1408765312 0
1529806530 0
1542710514 0
727639249 0
1035611054 0
374469930 0
250995153 0
1091534745 0
759806378 0
1813245692 0
1752407279 0
1365032151 0
1010786259 0
1199909993 0
917440877 0
1822544569 0
880782743 0
580299485 0
1326857964 0
1301990766 0
1649595069 0
1666582262 0
1020960264 0
1301847772 0
1679071535 0
633506464 0
1083303526 0
382519347 0
1255491586 0
1656386964 0
1218607141 0
1287642894 0
1134549819 0
1124979063 0
551010692 0
612263299 0
1321222809 0
388899420 0
1444397615 0
647288068 0
1489373438 0
1427841499 0
1354556276 0
1815276477 0
1213736447 0
913012799 0
476891406 0
777928235 0
1581283906 0
1511010540 0
1202562259 0
1864042854 0
917615806 0
1666396993 0
849754345 0
997381504 0
1510482003 0
1790350543 0
1510226409 0
872070268 0
388628943 0
1333243634 0
1356883347 0
1871443735 0
1280155415 0
1811741518 0
1356127486 0
1299460560 0
1134890238 0
1552968840 0
1153182020 0
1390889492 0
1639491237 0
1813938265 0
1217673153 0
1715055475 0
705116844 0
1096465975 0
1453589854 0
896224392 0
1013308412 0
1577236687 0
1435676293 0
1773143350 0
1169609392 0
1860323218 0
237252073 0
1857186200 0
1189512627 0
1279520443 0
1133725066 0
1772186306 0
1128687163 0
1294506412 0
146627516 0
1805182750 0
702282580 0
1521773914 0
904504615 0
1688195981 0
1796306856 0
1434478809 0
1485116903 0
1655866377 0
1146812299 0
1706109987 0
1615609732 0
1628740927 0
126684040 0
382161254 0
924891274 0
1093168812 0
553107825 0
1550780539 0
1403951231 0
1315822149 0
1347226237 0
1510531463 0
1607736639 0
815532158 0
1275699458 0
1539452543 0
1739599227 0
1324695582 0
1768903877 0
1267698199 0
568546679 0
1859748624 0
1616000327 0
1188531295 0
78819216 0
1545471235 0
1238710092 0
708785798 0
1808821038 0
1543289306 0
1105679440 0
1221460857 0
772323234 0
1721848689 0
524750689 0
1476972840 0
1006094737 0
1787983335 0
1459470690 0
602734142 0
1806937866 0
1542543110 0
1008363876 0
1587090456 0
982951617 0
1405688540 0
672791030 0
1450258053 0
1563670048 0
1297665850 0
1832219486 0
1538511857 0
823107068 0
1148863870 0
1576128928 0
955708580 0
911350521 0
1308300828 0
1317713892 0
1595882967 0
457315621 0
912713761 0
1145868228 0
1733860235 0
544273589 0
1570142418 0
1863622229 0
1729694158 0
826724055 0
427567313 0
1493371124 0
1821204458 0
1861665532 0
1054577282 0
269691099 0
1439623187 0
1035380038 0
74047475 0
1561142661 0
650773095 0
1758928591 0
1342919109 0
1204902315 0
782891634 0
969998031 0
1786695915 0
1231929799 0
1188548641 0
862504493 0
1510298241 0
1819627481 0
1571225703 0
1814112076 0
1482006009 0
1326412419 0
1221890244 0
1854639919 0
852220037 0
1721989444 0
1588266782 0
1411900405 0
1830789171 0
940511207 0
136632659 0
1318483516 0
1728818748 0
1318130940 0
1688634080 0
1530686444 0
1326078901 0
591740099 0
1444272485 0
1858429878 0
1590594633 0
1775164620 0
792510646 0
1607293882 0
1067901903 0
993819935 0
1860758973 0
1809289238 0
1822313038 0
820530057 0
382077805 0
992226237 0
929972568 0
1380865587 0
838950323 0
1063317119 0
831836130 0
1404745948 0
1839321840 0
1226405870 0
162129845 0
1303593452 0
330367628 0
1285003873 0
563566555 0
1836419113 0
626063454 0
544381292 0
838503538 0
1497116763 0
1723828333 0
526469280 0
1301934421 0
1164856994 0
1189367551 0
755755096 0
271494316 0
1644941414 0
725505733 0
1448621435 0
1763760535 0
1317231281 0
1264505221 0
1577055193 0
1160793150 0
1475138401 0
1785659437 0
922752192 0
1193990655 0
791258292 0
890445394 0
1093541160 0
1693251103 0
1489883380 0
1550255593 0
1772561633 0
274051632 0
1534194912 0
1742674906 0
1127722305 0
902149893 0
1490593587 0
712712344 0
1509326657 0
455273623 0
1016537051 0
1234271332 0
1346682197 0
666185668 0
1640355197 0
1610811776 0
63866293 0
1660557030 0
1372455255 0
1628527051 0
1763332611 0
1536500550 0
1483179173 0
1854714125 0
1225301764 0
1207459069 0
1366713679 0
1859316094 0
1646113759 0
1550312560 0
1153894682 0
872802662 0
1622386850 0
1242671413 0
1824340769 0
1571568951 0
577869992 0
1742070649 0
1879033480 0
1402993760 0
1347853632 0
1437417918 0
1141287930 0
1332804636 0
791622606 0
1831814629 0
1235715362 0
1487772355 0
1661895821 0
1183931702 0
1328403511 0
1316863730 0
1109764855 0
1445246235 0
1870732352 0
1117165165 0
1394730658 0
814612202 0
1545893685 0
776409017 0
967175045 0
1407990953 0
1586868185 0
1486066977 0
1763945049 0
1611045058 0
902502116 0
750341053 0
1223241990 0
381495169 0
915831474 0
986635040 0
1814308964 0
1442523492 0
775629388 0
1833920915 0
1674910414 0
1859645746 0
1528808931 0
1698958680 0
1447350731 0
1612714715 0
956558751 0
1441429528 0
1297016176 0
900243469 0
791223006 0
1455171840 0
1670163007 0
1707612407 0
660934270 0
1866467381 0
417670641 0
1663279406 0
396735913 0
1813542809 0
1411037689 0
1062358199 0
1653154413 0
1074535386 0
1471078077 0
1534259582 0
761740264 0
891531229 0
1840082873 0
1516247634 0
1732800969 0
894191035 0
1077665131 0
1675124262 0
1745413275 0
1563793378 0
1666129807 0
1869287880 0
901194013 0
1130656217 0
274337695 0
874417845 0
1862521710 0
1281194548 0
769820632 0
1579836310 0
1052508076 0
382203997 0
1869411879 0
562191773 0
1269914387 0
1480150437 0
1760686188 0
270853685 0
1744044831 0
1188458922 0
1208962512 0
913686683 0
1435984632 0
1684706878 0
805097353 0
462826020 0
647434593 0
511197032 0
541845091 0
353953336 0
795192776 0
943510785 0
1602274813 0
1653943857 0
867540222 0
880420568 0
1466215346 0
1768434992 0
1138952228 0
1823840826 0
1750487036 0
1601720800 0
1657856908 0
1192130701 0
695904616 0
760888128 0
1346777162 0
1208366970 0
1294449220 0
1839936842 0
1240363327 0
1813594061 0
34431801 0
1327131245 0
1506686305 0
1244517876 0
1029163854 0
1148366339 0
1554452266 0
1834082036 0
1545722457 0
1062648806 0
1626444092 0
1042493974 0
771578519 0
498548101 0
1623506615 0
1033510807 0
1499555102 0
1725763028 0
1585673395 0
891968849 0
1409447683 0
1635950727 0
1459811597 0
1174584226 0
1523692653 0
1242021804 0
792059470 0
1072124011 0
1187938284 0
1558188549 0
1657932701 0
1255838724 0
1473711750 0
1865648489 0
920428444 0
1867487014 0
1827757660 0
1640845682 0
1733009657 0
556277384 0
1831499896 0
443740107 0
1506434519 0
875047455 0
1860520509 0
1602920506 0
418135892 0
1395146658 0
1827061191 0
1357357995 0
526643350 0
728899689 0
1137264765 0
1648378513 0
1800335879 0
1440327644 0
822816827 0
227576973 0
382107485 0
1691135061 0
1053576824 0
1435265923 0
630520025 0
981150796 0
1773037312 0
1037527898 0
1105143782 0
1633987178 0
1101327632 0
951587727 0
805774686 0
1572299092 0
1497916249 0
788193725 0
1504747055 0
1374524496 0
1608937875 0
1203972726 0
1288122178 0
1760279740 0
725346109 0
1671746970 0
1844749099 0
1597862551 0
1006666700 0
792124457 0
1332793672 0
1704119585 0
1242721603 0
1174228132 0
324215404 0
1402221281 0
1624492105 0
1622113934 0
1850660875 0
1542969091 0
1869151277 0
1573712075 0
458233776 0
868397622 0
959333234 0
1753142769 0
435984199 0
1799666528 0
924345430 0
1811655174 0
1299465560 0
1443675797 0
1554734216 0
1481823449 0
558868637 0
1868823188 0
924572636 0
1751020878 0
1223225709 0
1674729830 0
321777553 0
1852047164 0
569378977 0
1174199451 0
539719086 0
1714510063 0
1762471315 0
1402130220 0
1543759980 0
1613380512 0
348133204 0
833440531 0
1693516972 0
589240822 0
1582759505 0
1058992307 0
1847287089 0
1305759868 0
1654996697 0
1239726753 0
854716013 0
913567614 0
754190568 0
1610215548 0
619327220 0
596186390 0
1271660181 0
856089995 0
382810159 0
1673154507 0
486789742 0
1497286056 0
83669075 0
1608366335 0
751815719 0
968298447 0
1615748726 0
754857558 0
1431783306 0
1304791642 0
1846963123 0
1576311299 0
700994170 0
1116568118 0
889138713 0
935309807 0
1795807713 0
1124721044 0
1201539307 0
1875668452 0
1292789921 0
1603138236 0
1136499776 0
1501735853 0
1787065763 0
1293438195 0
1599307145 0
1043468526 0
1316772974 0
626825509 0
1223928298 0
764981425 0
1268252504 0
1186208140 0
1718519946 0
1859340064 0
734514062 0
1278534351 0
1403776714 0
564778068 0
1291057077 0
1496518986 0
1638259388 0
1858105610 0
1531539237 0
1589056844 0
535310457 0
1529928118 0
1476073341 0
347267844 0
469818349 0
1770210708 0
663091032 0
1710654617 0
1548254464 0
800075567 0
788964973 0
1309674544 0
1155900049 0
1160972903 0
1452833079 0
689946822 0
1665801913 0
558394496 0
1722727088 0
981523073 0
394757046 0
1246880054 0
1320135379 0
1846285963 0
1568550626 0
699360291 0
1406802249 0
1249372996 0
1379709380 0
1875387245 0
1396337471 0
1699567799 0
1216541414 0
1113176108 0
1380478425 0
1741470961 0
961265424 0
1196615329 0
557102476 0
525218689 0
1685739658 0
1565473334 0
1696273106 0
788140474 0
978579681 0
483158256 0
497175427 0
1686199699 0
1301172643 0
1565338868 0
1426091253 0
1299427312 0
1516685112 0
1816428255 0
848702813 0
1531704891 0
1383818530 0
1653779397 0
1626015380 0
1867053007 0
1806401302 0
1732807789 0
1182281987 0
1827735238 0
1342135866 0
1196458876 0
1649008586 0
1544570543 0
1587458016 0
86349305 0
1416646109 0
784248126 0
1834234997 0
1628774138 0
1205680924 0
1860914284 0
1802078500 0
1136715879 0
767152102 0
1169834017 0
1424266099 0
1376320077 0
1667508072 0
1186665414 0
1698920829 0
1137879617 0
1027711999 0
875727711 0
1568369171 0
1217468517 0
1055032265 0
1452188710 0
850999311 0
1764833595 0
1308377386 0
1600805589 0
513769673 0
1238565676 0
778414569 0
1362322736 0
1589356560 0
1512808759 0
1655939684 0
270087774 0
1608006928 0
1580826517 0
657183626 0
250040228 0
1602883718 0
1300990173 0
1782911977 0
581750798 0
1612723355 0
1717217307 0
909069546 0
1744641218 0
1239782113 0
1474179457 0
1115773223 0
824558547 0
1090120683 0
1410249196 0
1771418523 0
1832528063 0
1071320994 0
1373053680 0
1584601645 0
1733296057 0
1816470852 0
1527203195 0
309899017 0
1638837438 0
1515836438 0
897983163 0
1841378770 0
1184262351 0
1789217631 0
1753548839 0
1576105492 0
326956266 0
1594403226 0
1666731472 0
964392160 0
1534096743 0
1842679233 0
859222763 0
1350688898 0
976700259 0
1792368139 0
1667929741 0
1471035759 0
1509363474 0
702547712 0
1364916752 0
903646835 0
1210901602 0
1035010070 0
1165899400 0
273468731 0
1783958042 0
848241120 0
515232958 0
1005426786 0
1859285282 0
1863038289 0
1474375105 0
369715013 0
1501666839 0
1418221105 0
1675195485 0
792138511 0
1317782926 0
1363792825 0
1684683301 0
1058933676 0
1719366841 0
308357160 0
566720567 0
1734299889 0
1387679690 0
1782038050 0
1065976036 0
1323496454 0
1656138253 0
1646913716 0
761121969 0
1749611826 0
1625127829 0
376465691 0
1494276812 0
1287062404 0
1322325210 0
1799792500 0
782637191 0
1844390003 0
1508198161 0
1843482472 0
1681761065 0
1417921992 0
1269634639 0
1004360594 0
1413544780 0
1584527317 0
1445044680 0
1130267607 0
1418818919 0
1169773516 0
921102498 0
634106025 0
783975251 0
1724636326 0
1591111760 0
1805984034 0
1660646557 0
1600611509 0
1804936565 0
930644325 0
1162220451 0
1596893850 0
1875451100 0
1125749957 0
1146413458 0
1725721340 0
861891750 0
1073935676 0
735204566 0
798639947 0
981880519 0
386491759 0
1782001995 0
706344423 0
1795052854 0
593667340 0
340021003 0
1091232854 0
1154815615 0
1752284502 0
1076971677 0
1854340548 0
1356109672 0
1520424157 0
1124800663 0
1669489468 0
558544246 0
1646764227 0
1875519303 0
1005304311 0
1826320186 0
1620970348 0
1453943144 0
1450901958 0
950293178 0
1057976626 0
1534458847 0
1408433655 0
1555909663 0
1463657483 0
1313333063 0
1307743628 0
1300130767 0
1649202311 0
1363425280 0
1735635895 0
1087193184 0
849893919 0
1424792529 0
714460023 0
1288299655 0
1300590510 0
1143173739 0
775692797 0
1565976557 0
347196388 0
1477629152 0
1753662233 0
693972597 0
1099698391 0
852461908 0
976432447 0
1722116201 0
1746042292 0
949150682 0
433855285 0
1606755435 0
1754493418 0
1698867920 0
885644573 0
410266234 0
1726744096 0
1521193945 0
842740432 0
1285220768 0
795024230 0
1652924475 0
1022299790 0
1097191790 0
1761458996 0
1636388377 0
1093666400 0
693102286 0
1046225789 0
1749050457 0
1586789183 0
1226598884 0
505528400 0
1581494208 0
1626838759 0
558849532 0
1028546633 0
1464694010 0
891433861 0
1026215160 0
119421733 0
1536359178 0
921240121 0
1444876507 0
1456522177 0
1823298316 0
871467089 0
1219217791 0
893971591 0
1383345983 0
1018660751 0
1561762094 0
1095082009 0
180764505 0
1547972713 0
851564616 0
1535321170 0
1176889007 0
1649009662 0
1787115091 0
1443787239 0
1199383917 0
1132807007 0
1867342490 0
1869314978 0
1699242993 0
1384582948 0
1276943237 0
747464101 0
1246240922 0
1557526787 0
1702349180 0
1568099174 0
467507033 0
1113671201 0
1745377721 0
1056049142 0
1436311230 0
1379298324 0
1691065885 0
597567397 0
1768586721 0
1256607983 0
754596052 0
1019546232 0
1691640043 0
1455630762 0
1165917723 0
1822745957 0
1707318762 0
1117877306 0
1404772561 0
1495046175 0
386751636 0
1817616474 0
1235331204 0
1331928427 0
1187306432 0
1660151638 0
794883082 0
1768809573 0
1079740445 0
1032128093 0
1788360087 0
938113454 0
774857455 0
566925469 0
1745038503 0
1784235383 0
982672803 0
1682237381 0
1788985952 0
1781449311 0
819552196 0
1685428412 0
1869270553 0
1439849141 0
1548900448 0
1626085525 0
1777181285 0
1807998126 0
1526372144 0
992312125 0
1874790094 0
1148551093 0
777490067 0
1812474534 0
941796576 0
871547878 0
1601346263 0
1187689148 0
1437898959 0
1514997263 0
1858974679 0
93306133 0
1639753030 0
1310278590 0
1478003528 0
494321942 0
773236006 0
1377050671 0
1685414038 0
1586673142 0
1642573094 0
1805405008 0
662104879 0
929889873 0
1665640554 0
485084537 0
1042610331 0
1352152655 0
1057604365 0
874669534 0
1001944437 0
912473229 0
880578580 0
1694678400 0
1568871508 0
1540828500 0
973625358 0
1232324793 0
1165756251 0
1759543764 0
1250238623 0
1574740895 0
1710598936 0
152662422 0
1251943378 0
646275291 0
533097721 0
