91494667 0
80622496 0
172053253 0
109002481 0
35407454 0
13646540 0
105019312 0
83938818 0
177516157 0
181509805 0
171809299 0
32308465 0
145883982 0
158391200 0
112905584 0
153623648 0
133389756 0
226667564 0
46994718 0
8023547 0
92872557 0
96307452 0
118530338 0
78939049 0
191735043 0
194363171 0
172544644 0
136309233 0
214259949 0
172828860 0
124083938 0
16056969 0
121484220 0
90737337 0
34962851 0
51327746 0
51588170 0
124491023 0
78455118 0
18664407 0
93687036 0
85410200 0
163441978 0
148251623 0
162469099 0
54644814 0
186389352 0
56535811 0
2226225 0
23332296 0
129622614 0
87627317 0
117719852 0
24116441 0
207554464 0
91220693 0
72829304 0
16398554 0
79401922 0
42497950 0
163188760 0
83406956 0
156690580 0
172614869 0
46934378 0
193552367 0
40660351 0
14234250 0
238100102 0
138327469 0
129488127 0
126191911 0
22267198 0
87613525 0
156925701 0
133697604 0
88166683 0
81593687 0
200755784 0
51451114 0
106123656 0
149265138 0
123503259 0
241481272 0
27069748 0
253978962 0
53911901 0
18977004 0
129101548 0
66610471 0
72415730 0
64599905 0
101957423 0
109949618 0
21161965 0
1074239 0
26039826 0
141021869 0
34883605 0
178426166 0
89591890 0
2094855 0
199813983 0
52874897 0
119603242 0
13769560 0
125469040 0
8161925 0
150256280 0
87149402 0
26160060 0
98185522 0
122100241 0
51906895 0
172138823 0
42670102 0
74765609 0
198212544 0
237923069 0
71940870 0
130059790 0
184067105 0
146422187 0
109559074 0
49578296 0
68994768 0
67664262 0
97538781 0
23161982 0
92379607 0
98721697 0
10546895 0
21818837 0
40876596 0
123970050 0
16255779 0
21375397 0
98155662 0
163306692 0
216927224 0
151009136 0
92886861 0
153344295 0
71074118 0
171419048 0
25038106 0
81231821 0
192183776 0
152987765 0
5764998 0
172424989 0
12593857 0
93730306 0
131210154 0
10463286 0
178493023 0
188740437 0
80667709 0
19420082 0
62827013 0
61028245 0
106236865 0
27165486 0
15789923 0
77437053 0
134221713 0
195214436 0
45658356 0
183605487 0
99964041 0
13601174 0
16587377 0
20698664 0
23795137 0
4717760 0
180620821 0
34669753 0
5243192 0
185697922 0
127613574 0
123916372 0
69347890 0
84329690 0
181326195 0
158552888 0
44361870 0
163772919 0
10645691 0
113100292 0
138254704 0
63791312 0
73443636 0
75314935 0
85891311 0
37432489 0
166184455 0
195828270 0
129775496 0
97112873 0
212555725 0
246400518 0
117985304 0
179366018 0
50675583 0
133557446 0
56553725 0
151634835 0
192294574 0
90689781 0
44380632 0
83448506 0
130396606 0
36997846 0
199607078 0
118255261 0
11046336 0
28997234 0
64400644 0
111256687 0
128064792 0
70727306 0
159783400 0
104250390 0
114849625 0
31953006 0
32452512 0
3019776 0
65141292 0
67675975 0
81740152 0
38688966 0
23608754 0
175513614 0
30932340 0
601897 0
176568676 0
23903027 0
218266945 0
188306030 0
60947995 0
51552936 0
5579759 0
212795618 0
47528073 0
122555081 0
176663335 0
3580742 0
132917335 0
183202122 0
54653906 0
71716071 0
170859660 0
76862839 0
72726935 0
51138861 0
78908837 0
193376420 0
88727080 0
234618037 0
26165139 0
12708451 0
124018223 0
144878752 0
3501601 0
184489452 0
76510102 0
254179304 0
76567081 0
112320246 0
145428495 0
69407326 0
84556229 0
221816727 0
209430159 0
217304577 0
86740727 0
226046690 0
80162165 0
15489025 0
170866763 0
127772626 0
139439696 0
14080512 0
127958293 0
141465524 0
196217504 0
166759383 0
164636472 0
6231545 0
86624617 0
37798599 0
14244511 0
118870520 0
146884554 0
49078517 0
90780550 0
10732264 0
177534239 0
184436904 0
108996408 0
13781912 0
214137814 0
2188328 0
110996185 0
143285952 0
80465789 0
144027192 0
151118835 0
34866737 0
134417027 0
87648181 0
76248249 0
151015360 0
38078587 0
40627823 0
28652959 0
43126930 0
40454876 0
34642027 0
89863264 0
19395024 0
52150384 0
135290833 0
150930313 0
64080774 0
135021119 0
217494883 0
6116277 0
195463911 0
237681910 0
209516932 0
65643710 0
177980517 0
24595145 0
43419257 0
40553367 0
29142716 0
225850734 0
135068497 0
65693612 0
166702449 0
92832824 0
85691073 0
184798530 0
9685899 0
45147329 0
100053546 0
180679915 0
202180517 0
60352919 0
31944956 0
17654588 0
223394496 0
61586058 0
77907373 0
38584541 0
185803990 0
25120204 0
208959207 0
68057929 0
48273765 0
172330849 0
248982730 0
83193399 0
157545938 0
62822030 0
126759709 0
24818989 0
14883232 0
29377222 0
55498589 0
53994051 0
90649071 0
192110019 0
45858742 0
132640200 0
107804530 0
94898496 0
17952005 0
13595415 0
67410793 0
50640302 0
245678005 0
114101367 0
170557550 0
50296055 0
3531222 0
98621992 0
201168446 0
64499766 0
70396810 0
219041088 0
230989516 0
156966383 0
62966880 0
229611837 0
3903331 0
77528935 0
80983933 0
87964057 0
14065566 0
35775602 0
96764612 0
64169657 0
42861964 0
28250671 0
26064896 0
26222693 0
31516922 0
129103883 0
33893258 0
174702095 0
119816498 0
151891916 0
7626034 0
178974325 0
20705040 0
185142894 0
212635964 0
137891876 0
98648988 0
22379235 0
46379371 0
186382284 0
37645043 0
83147450 0
62197149 0
208599411 0
126821291 0
148403523 0
37493451 0
24235102 0
136773748 0
56921256 0
106392884 0
99048264 0
26134338 0
70814096 0
160298261 0
80730959 0
255071258 0
43438534 0
70731239 0
162914331 0
107218067 0
201271715 0
130543011 0
40600365 0
63439107 0
126731997 0
24147660 0
135352539 0
70088613 0
94788846 0
33224848 0
176827732 0
136384415 0
121657322 0
130674797 0
30161775 0
146565368 0
25761892 0
155805738 0
99247707 0
39377236 0
90441058 0
182121244 0
25016249 0
31282782 0
51448709 0
234294004 0
174206025 0
136573112 0
131593745 0
136295170 0
79313925 0
60208333 0
81881439 0
60560286 0
204915836 0
126597273 0
19560858 0
213804462 0
41167896 0
83225109 0
149213190 0
718527 0
36962593 0
84128670 0
157823621 0
20657475 0
25775348 0
54660691 0
131702415 0
2600243 0
204841710 0
159267014 0
72529937 0
45756291 0
78732075 0
37385963 0
123910372 0
76758113 0
2955902 0
150265065 0
158795294 0
145408866 0
32922234 0
1370830 0
91419549 0
537155 0
67215155 0
20663470 0
56116066 0
186822717 0
11377841 0
128582392 0
131223530 0
53168740 0
133391994 0
16497631 0
42248599 0
232663022 0
213777879 0
37101594 0
139947601 0
21792713 0
81474670 0
86829876 0
195800556 0
227412714 0
36505522 0
81080700 0
94881554 0
57647216 0
21732112 0
12387842 0
124450419 0
8976878 0
160616949 0
79332213 0
12130567 0
139836290 0
42154403 0
106877356 0
45008179 0
52648221 0
74596651 0
86828670 0
35957137 0
27582675 0
191785017 0
23148000 0
118815997 0
145322842 0
85555937 0
81445330 0
135682725 0
63307362 0
198127714 0
213113985 0
27957853 0
141257269 0
44544285 0
84683520 0
161976405 0
94274476 0
109776645 0
71743701 0
107705352 0
3532425 0
143681894 0
33541304 0
23919229 0
878558 0
109909080 0
38453448 0
152900778 0
29244630 0
213529372 0
82408751 0
3387989 0
250606911 0
8362367 0
140630991 0
11871185 0
172473053 0
14537396 0
84946232 0
215166148 0
107933503 0
142132329 0
40864800 0
115692681 0
90843817 0
37179025 0
24979900 0
22773638 0
110752947 0
28004457 0
22482779 0
181043196 0
123838178 0
120220333 0
25564956 0
163143639 0
2456840 0
16232916 0
80132903 0
36836319 0
59058715 0
108648415 0
218045378 0
79705921 0
241040397 0
167194342 0
10699815 0
17409331 0
65554882 0
75651582 0
99033241 0
138824257 0
29246416 0
136606187 0
116699515 0
3686330 0
151291589 0
141190501 0
33443113 0
192378456 0
133755017 0
111929099 0
178584492 0
232026663 0
209331880 0
144170881 0
167942228 0
72665404 0
122836903 0
3564202 0
125595610 0
97163978 0
102346709 0
124537327 0
134106751 0
101079320 0
211665224 0
17222808 0
7491833 0
127090261 0
71925069 0
115097342 0
227280620 0
65948507 0
23125622 0
99914717 0
8348446 0
10809840 0
66154549 0
69339049 0
152255571 0
1288443 0
159441252 0
103815304 0
168079124 0
61674754 0
36119996 0
110887785 0
161982430 0
231170659 0
100510123 0
110638044 0
48044777 0
131612459 0
19957132 0
60506535 0
6614120 0
61625764 0
156815736 0
24277094 0
57329501 0
217973612 0
66344924 0
30270625 0
18116998 0
200275204 0
236771645 0
7259984 0
8397520 0
5712437 0
48289537 0
144965713 0
11862159 0
22984327 0
11751853 0
179710376 0
102191368 0
17072661 0
145213233 0
163556059 0
45997330 0
87144234 0
73693652 0
42621162 0
144203412 0
12580925 0
76674942 0
90000480 0
44278226 0
41385035 0
12908988 0
79383099 0
102218798 0
65349054 0
67165761 0
185351225 0
186727350 0
33883070 0
128123462 0
20821516 0
47953505 0
80529944 0
7585976 0
195381738 0
84246952 0
35543323 0
201581566 0
199517973 0
231855529 0
161053407 0
95385607 0
159299470 0
24465838 0
89098586 0
1476601 0
17705900 0
128738178 0
47355412 0
3909584 0
103404851 0
14305300 0
78304445 0
6825538 0
120796461 0
204345657 0
10909489 0
35313967 0
30260874 0
209148367 0
40752036 0
92401804 0
79342612 0
13395384 0
85595879 0
17231237 0
147741346 0
79072385 0
146828675 0
170714464 0
62992451 0
56089759 0
169335153 0
50158738 0
93093780 0
152007806 0
61895900 0
161292704 0
113580133 0
66746693 0
29771264 0
6525088 0
6686266 0
359901 0
74671098 0
127232587 0
88399971 0
146780526 0
230935182 0
30293367 0
83967411 0
24516336 0
104504759 0
90708314 0
106905965 0
59391745 0
120280736 0
56747056 0
71290419 0
58407701 0
44054660 0
12693015 0
5037096 0
70293069 0
29008058 0
37338895 0
124383644 0
191900228 0
237830920 0
26101268 0
83707938 0
99530847 0
31221097 0
39652731 0
145366183 0
31078464 0
10839433 0
98318472 0
71568274 0
148815903 0
30470554 0
55912610 0
18712114 0
101015417 0
103429209 0
89503130 0
22911535 0
83013519 0
73005286 0
92529688 0
195807794 0
80816776 0
153620183 0
32926448 0
42149146 0
81901079 0
44006004 0
28905222 0
125212141 0
10590943 0
158342708 0
98737525 0
174814378 0
61148305 0
20795640 0
52712889 0
200067548 0
2282508 0
28024827 0
117150027 0
21919613 0
120973012 0
39267108 0
235251768 0
127194817 0
47984194 0
226996534 0
55461725 0
23206045 0
17377030 0
210990446 0
178118545 0
26144917 0
143921848 0
200162571 0
94196547 0
170318440 0
58307186 0
124905071 0
128690044 0
229632244 0
95064322 0
137435234 0
237177777 0
115826871 0
61243237 0
19344788 0
215130577 0
653831 0
197825191 0
178595774 0
198029319 0
71503507 0
74482506 0
11127549 0
105176552 0
47478667 0
53837186 0
223408743 0
8063000 0
113404483 0
218354244 0
14587960 0
22551055 0
115876602 0
250121569 0
74392809 0
157124868 0
13371729 0
29478590 0
262515475 0
257081679 0
84374251 0
33123207 0
86100397 0
2560519 0
11084593 0
38777223 0
253160164 0
85696455 0
57314989 0
16496790 0
9595818 0
137852102 0
104978609 0
176133561 0
143195899 0
79199066 0
76152117 0
183004925 0
58858787 0
182707375 0
145036730 0
40476901 0
24775170 0
58070741 0
135087626 0
5978508 0
76450095 0
195515510 0
169534659 0
23548743 0
41681084 0
98718698 0
139092715 0
103279260 0
37429521 0
67825756 0
119907018 0
146867120 0
4505144 0
179818934 0
72136916 0
115548066 0
34254936 0
119818299 0
187352442 0
15374448 0
6260631 0
162738384 0
80075961 0
155328519 0
1001781 0
138021555 0
127974753 0
13619553 0
155569227 0
8926833 0
92950842 0
139122496 0
17003629 0
60094674 0
31891688 0
228217256 0
87349111 0
123764714 0
47755049 0
14470339 0
12558399 0
24402436 0
1233441 0
84436819 0
124104302 0
5461071 0
190689542 0
181298163 0
20292008 0
20739434 0
145485649 0
40282494 0
13566071 0
23929629 0
11847511 0
31050302 0
113581813 0
51537191 0
181095416 0
184142565 0
75751523 0
54767038 0
9354124 0
93366993 0
44586550 0
28425886 0
120174969 0
28600485 0
103646270 0
226231595 0
140539694 0
90222001 0
113220821 0
63729127 0
188439652 0
4487252 0
71988269 0
140851229 0
15456977 0
131689032 0
212136340 0
21962439 0
70457826 0
75998483 0
40954722 0
8524784 0
17403068 0
157153684 0
198012375 0
166522883 0
100566074 0
65198005 0
118633205 0
57995151 0
54691745 0
15033318 0
126017 0
1423650 0
12735169 0
7236333 0
67285179 0
1057157 0
33826195 0
15854233 0
121774471 0
41035483 0
57953542 0
201457250 0
87537570 0
25955773 0
89275140 0
75281079 0
62389887 0
120417713 0
10885655 0
120975282 0
132715024 0
151037666 0
94985688 0
31815319 0
4675832 0
159000797 0
189922205 0
108465612 0
32289424 0
166201195 0
102528049 0
66507503 0
175850906 0
42448256 0
179153472 0
232564733 0
221937000 0
150609802 0
160606145 0
36650309 0
3983219 0
164004613 0
2316262 0
109751765 0
60636775 0
8662192 0
119842741 0
126789982 0
209679488 0
2467333 0
237290132 0
154338626 0
40294954 0
148136697 0
88824749 0
128549381 0
44277452 0
15301420 0
79520812 0
59053578 0
159323414 0
58281752 0
57285824 0
187401418 0
11878894 0
48255209 0
205661903 0
141169072 0
113086022 0
19666149 0
176656179 0
14350125 0
44417507 0
123649172 0
118214760 0
2565584 0
110734971 0
197861731 0
48846976 0
616433 0
151115584 0
68082682 0
47137930 0
103388314 0
140391950 0
82874079 0
54025200 0
251675152 0
31939437 0
24167376 0
262735969 0
17452966 0
57908629 0
4966836 0
78676981 0
33106438 0
75791380 0
110911585 0
208210901 0
68726271 0
11396357 0
24886575 0
46762882 0
5680337 0
80273175 0
91238727 0
179073887 0
16169515 0
7207843 0
9685842 0
34536633 0
64586919 0
108044697 0
86596640 0
20436820 0
66541719 0
69348784 0
87382606 0
20389016 0
26287798 0
51611093 0
5106352 0
151630091 0
109599419 0
7645441 0
5696125 0
99547228 0
113700848 0
22170370 0
60979253 0
128066869 0
5915002 0
198185702 0
6236569 0
24030260 0
180912391 0
55666758 0
2543729 0
45756399 0
124099872 0
41121834 0
73954994 0
18557753 0
213719 0
6483060 0
52857605 0
3459318 0
99393353 0
41044920 0
181926374 0
123130003 0
159251497 0
100537805 0
91779566 0
27490307 0
51637212 0
150133639 0
58510458 0
163816556 0
151009271 0
103406600 0
85920477 0
38747829 0
125600220 0
121412777 0
236816293 0
21894554 0
237481418 0
86940034 0
78562462 0
28149478 0
91297750 0
3699469 0
112784736 0
127637103 0
115106563 0
82156966 0
166200433 0
49101641 0
75975660 0
197579508 0
205821279 0
219152183 0
131887540 0
62305561 0
65457529 0
122157470 0
306704 0
7018361 0
195980810 0
242635637 0
115541667 0
6935656 0
14455787 0
61651103 0
35047000 0
97860356 0
19096590 0
71322930 0
71833619 0
97009607 0
104583520 0
23127084 0
50215769 0
32208134 0
76463771 0
24761227 0
28107793 0
29239113 0
34391561 0
71332056 0
189776227 0
233440768 0
6611308 0
3894192 0
63108564 0
1494635 0
36111438 0
27136152 0
159847071 0
99527648 0
112032269 0
124216369 0
94729047 0
30780731 0
61185580 0
139678155 0
201556802 0
126109481 0
100952084 0
144932248 0
93630726 0
85252138 0
71887774 0
140477968 0
193545612 0
210299948 0
101304409 0
35029214 0
36267998 0
216431244 0
58160240 0
123981548 0
138826013 0
65912395 0
182468798 0
62946574 0
100924719 0
51720592 0
11166900 0
66324586 0
4979854 0
83601880 0
9110843 0
203279902 0
18276090 0
27882345 0
232404937 0
96000288 0
173457283 0
48125853 0
79785699 0
168989873 0
116866371 0
35138979 0
174342738 0
108559713 0
143183382 0
66150138 0
110544610 0
56574327 0
35247427 0
48526657 0
66820384 0
73831758 0
119709599 0
42665904 0
91836018 0
5771315 0
48826581 0
25568528 0
1990552 0
26049035 0
94383636 0
33385017 0
109934784 0
74664133 0
57811950 0
52655218 0
114793317 0
197063759 0
209885083 0
106740795 0
110997870 0
7918171 0
57760963 0
81351447 0
81775973 0
89583716 0
121485193 0
9538680 0
170031539 0
114573867 0
122627762 0
37131680 0
26839580 0
44155782 0
89722565 0
96611479 0
225989600 0
98713835 0
75409564 0
158532977 0
178951488 0
11218168 0
2592445 0
196766364 0
115252142 0
51265165 0
17587474 0
3799272 0
115137140 0
70977176 0
57967119 0
108832589 0
161847733 0
173492681 0
69917225 0
85627223 0
59273812 0
124894430 0
1679112 0
154577543 0
147944728 0
13557268 0
179622669 0
17745572 0
11551497 0
201190510 0
21610330 0
88838241 0
34562511 0
173053046 0
191951407 0
44268586 0
125113828 0
190938403 0
20562181 0
190702145 0
225807392 0
120700055 0
83465926 0
79903948 0
25999809 0
40992335 0
213850188 0
59048182 0
15105717 0
106599396 0
30277310 0
1453985 0
197806730 0
27500694 0
138017310 0
144094823 0
232213692 0
37975759 0
146202937 0
86079918 0
12179859 0
75869145 0
72961764 0
55541930 0
85039584 0
36189656 0
57777697 0
66668718 0
17468942 0
14111312 0
71839982 0
130996877 0
216469571 0
55912631 0
42954993 0
79644479 0
164815858 0
32460675 0
46801758 0
67989599 0
137673494 0
32130956 0
179977059 0
157152549 0
69530148 0
27154660 0
156520514 0
54305146 0
48047533 0
104345607 0
35619136 0
10329356 0
3961565 0
52567985 0
43739226 0
86989455 0
36154615 0
49076431 0
196802802 0
41522638 0
91238109 0
85701084 0
92304187 0
58524416 0
96157664 0
48818552 0
6761574 0
24361471 0
179871247 0
154270381 0
4004030 0
77565977 0
39476239 0
130827550 0
5567217 0
82158241 0
65042191 0
15978445 0
39063905 0
56463346 0
67741234 0
201114515 0
168467084 0
30126687 0
151573297 0
137821044 0
122270727 0
64374522 0
194828972 0
10241878 0
204537838 0
33358713 0
153075760 0
29739292 0
49430444 0
91019207 0
11563372 0
221760312 0
20871299 0
150977951 0
231181908 0
149586609 0
67551418 0
9969323 0
5144289 0
206057448 0
215907252 0
134761634 0
94494039 0
17189245 0
25173192 0
227722576 0
84576862 0
129433517 0
3216885 0
17038393 0
132084026 0
44115592 0
104793824 0
208122166 0
35132276 0
39990823 0
1205653 0
129865333 0
23849146 0
61409741 0
130246005 0
73099715 0
64190828 0
47476514 0
14273686 0
164257352 0
35114314 0
178997007 0
143165486 0
63693143 0
55655871 0
64320305 0
90753722 0
144117171 0
151163190 0
114891624 0
23827621 0
90601652 0
212238283 0
84193001 0
370975 0
106421733 0
113172532 0
29558633 0
4235974 0
64775845 0
113938921 0
145121239 0
27663606 0
227091692 0
81055804 0
99476710 0
114057075 0
75922483 0
137759541 0
62050702 0
78753806 0
250789199 0
12913207 0
99034764 0
89633090 0
56213372 0
125610 0
42101456 0
49841553 0
158605231 0
57142358 0
98767322 0
37533447 0
183431720 0
211833193 0
152562734 0
30527862 0
49235087 0
147552947 0
15801853 0
34228895 0
91230745 0
170091449 0
147536926 0
165166902 0
143562378 0
37543985 0
70958970 0
91177508 0
13655561 0
41727541 0
18804058 0
158565899 0
19804233 0
6290046 0
181275586 0
32295426 0
8340150 0
11726107 0
52907048 0
85233723 0
54976988 0
191797381 0
34893836 0
203982260 0
162831765 0
149238861 0
181735791 0
62802382 0
4091946 0
97563976 0
95915265 0
244638676 0
103705654 0
9957045 0
178878841 0
135045566 0
76662036 0
153247682 0
91622276 0
245918744 0
93256956 0
193458525 0
121928676 0
151652515 0
33366724 0
33047370 0
40943139 0
61318286 0
58848879 0
119662830 0
192937796 0
77858560 0
123790536 0
30585971 0
3582852 0
175559793 0
208018325 0
19267465 0
224204106 0
135827740 0
45360758 0
394615 0
210848495 0
76862884 0
42683536 0
42888880 0
149820210 0
91858525 0
26103366 0
82433998 0
28124979 0
97307118 0
141886299 0
37461440 0
137563152 0
193264589 0
49458853 0
102601618 0
64559854 0
197810804 0
109359834 0
14645888 0
47864961 0
24191772 0
42527620 0
154596451 0
84692009 0
98913905 0
121156756 0
54626662 0
78624582 0
127323597 0
46013819 0
152039302 0
113926953 0
196300557 0
106353766 0
14835394 0
55283538 0
45114750 0
7662477 0
115927599 0
50092226 0
69682506 0
95718162 0
29186409 0
43366897 0
41320862 0
35517007 0
105469333 0
101024317 0
66048824 0
75651871 0
173322302 0
8034540 0
70872839 0
45212962 0
4712419 0
139328163 0
187175424 0
155881856 0
26799688 0
146844144 0
156805257 0
93857643 0
153991902 0
151629015 0
22061790 0
36872383 0
67188645 0
4646198 0
69455683 0
28438322 0
23164613 0
62636336 0
139752189 0
201620081 0
76785223 0
76257362 0
102880361 0
33088330 0
3214929 0
64549704 0
3526028 0
112094140 0
918421 0
20401035 0
29112952 0
38179917 0
199708080 0
134599771 0
49155846 0
84523807 0
14377863 0
125399031 0
154093150 0
165626918 0
25520167 0
164892603 0
58835783 0
27498795 0
198619725 0
154615366 0
233652066 0
5795131 0
72625205 0
4405635 0
59468966 0
5615383 0
57551459 0
57898941 0
19166012 0
1520498 0
189979857 0
49984390 0
56859237 0
4152735 0
20264402 0
47643908 0
15176175 0
52116674 0
63696542 0
183986856 0
15403194 0
108290031 0
98752286 0
133554040 0
170775584 0
14063242 0
98967024 0
180106984 0
42416075 0
173576633 0
55513757 0
74627730 0
14552720 0
146323993 0
4663353 0
93095694 0
21443682 0
42495882 0
182124260 0
175074095 0
122711197 0
140278394 0
143879267 0
97047172 0
186661723 0
11592018 0
138359021 0
82579879 0
165071140 0
192470514 0
69550428 0
11784629 0
122937528 0
160507560 0
131966212 0
122998834 0
13293846 0
126527250 0
64849511 0
27478485 0
32759590 0
222732747 0
247483034 0
78946050 0
28219470 0
112740253 0
170447961 0
20454888 0
105307900 0
100978396 0
158552769 0
210050170 0
109446999 0
220308502 0
24513219 0
26658455 0
55252034 0
87690131 0
60925303 0
28952564 0
130627474 0
214459967 0
12352220 0
32205443 0
28535752 0
127934879 0
11990500 0
177638524 0
123643140 0
126502187 0
55761920 0
42240621 0
61372274 0
147285867 0
71768872 0
98405830 0
61777924 0
123257075 0
2568680 0
164459808 0
220286454 0
117018946 0
100143395 0
53465688 0
123313421 0
84107577 0
70446614 0
62478511 0
134807953 0
9907546 0
230778791 0
67813115 0
419724 0
124288748 0
92453807 0
26751052 0
39837507 0
42102920 0
75579853 0
120528670 0
205506964 0
16638991 0
126302901 0
104128250 0
64126166 0
66669548 0
33691334 0
21670426 0
49851019 0
144017524 0
41541267 0
40336019 0
1707419 0
31939679 0
233704941 0
113185910 0
39259221 0
91196741 0
198286254 0
63745878 0
101724287 0
3391291 0
35101671 0
99868437 0
38820773 0
247009042 0
84027785 0
138314346 0
142263881 0
21247607 0
35649878 0
218343030 0
192480792 0
96707557 0
200094242 0
173283662 0
40518957 0
106272766 0
119247083 0
75350336 0
919897 0
39240273 0
6758495 0
18499801 0
72272767 0
71122290 0
45766239 0
113083718 0
23457907 0
218547592 0
21647701 0
13027308 0
59445666 0
49772994 0
80447088 0
60724259 0
32455136 0
193510843 0
40372051 0
40547166 0
38179853 0
63489746 0
183692423 0
152312891 0
117080446 0
13136210 0
131487469 0
163957341 0
41840257 0
72947287 0
21166151 0
33979527 0
143575826 0
18438191 0
104357258 0
169561664 0
8907734 0
61873039 0
84590152 0
161057882 0
110574942 0
122876256 0
68441905 0
68807539 0
25681737 0
24189864 0
97704942 0
172471337 0
64693943 0
95951935 0
4761407 0
6560603 0
113689963 0
60488835 0
59711111 0
14777131 0
33029629 0
150875652 0
108076066 0
99185468 0
11937987 0
185656235 0
31311307 0
6890455 0
59753578 0
82757149 0
74113117 0
64292732 0
95106711 0
48633545 0
44143710 0
78824495 0
13098710 0
5645425 0
15419214 0
101331283 0
55432348 0
116608905 0
16488999 0
127488265 0
190648095 0
75983360 0
76951012 0
60227361 0
37341869 0
241511373 0
34731626 0
182682739 0
36921920 0
137134101 0
32468044 0
148980803 0
63010108 0
71717666 0
113017574 0
172887840 0
34706508 0
88627908 0
238523124 0
47347740 0
130280221 0
110656424 0
54116032 0
23155052 0
29346794 0
140273505 0
101628992 0
6069521 0
156841468 0
57025851 0
9543075 0
126340098 0
114233280 0
146762199 0
77751327 0
25939649 0
76264325 0
103247990 0
108387735 0
126328795 0
102259816 0
66374289 0
232139037 0
66850625 0
161199964 0
112408941 0
2809442 0
162765123 0
226917725 0
46941032 0
28177315 0
200184072 0
65355451 0
118791431 0
60814656 0
3356012 0
65352167 0
74514738 0
13908179 0
44170014 0
66942 0
19518848 0
89809865 0
198659332 0
1071267 0
221987431 0
186612167 0
164422494 0
13189464 0
25614884 0
184468784 0
1773714 0
101925013 0
181260150 0
242589370 0
78953281 0
3059860 0
45394776 0
18040739 0
60008880 0
52389883 0
80642135 0
127565 0
59798063 0
93209637 0
8906512 0
59296981 0
19437912 0
130237116 0
63192176 0
81376273 0
51886065 0
121944075 0
98461937 0
78088856 0
195435028 0
16752939 0
138224256 0
32532674 0
43695745 0
