-1965559742 0
-1965559742 0
-2050196075 0
-2134402834 0
-1838279362 0
1723407649 0
2006400206 0
-1342177281 0
912430809 0
-2065570052 0
-2091817608 0
-2114029490 0
1915108105 0
-1342177281 0
-1997094242 0
-1349802173 0
-1342177281 0
-1342177281 0
-1697227721 0
1993542952 0
1170073973 0
1684115420 0
869712055 0
1599172029 0
1524845481 0
-2140334882 0
-2125665123 0
-2009532322 0
-1342177281 0
-2106052560 0
-2132304591 0
1238661873 0
-1865754345 0
-2116736766 0
1026144970 0
-1587118535 0
-1933322626 0
-1342177281 0
-2101447744 0
1937173334 0
-2072461020 0
-1813897677 0
900860515 0
-2096779012 0
-2114712352 0
-1473248162 0
1999206583 0
-1631499611 0
888893572 0
1445534495 0
1867617087 0
-1903974994 0
-1594530427 0
2009593883 0
-2085274644 0
1079808926 0
1359383393 0
1427814960 0
636747582 0
1949003724 0
-1648607001 0
-2042637708 0
-1455528954 0
-1342177281 0
1509321122 0
1698358428 0
-1479068228 0
1111946241 0
1897209566 0
-2064412816 0
943271837 0
29467571 0
-2022200498 0
1937445134 0
-1342177281 0
-2124255552 0
1879404635 0
2026817296 0
-1342177281 0
2124187575 0
-2100056692 0
-1394363924 0
-2138246346 0
-1897784543 0
-2089973268 0
-1960550265 0
-1342177281 0
-2074594743 0
1340106230 0
-1636808288 0
1762891674 0
1293271289 0
-1749689790 0
-2139491455 0
2133683937 0
-1699987684 0
726341282 0
-1747672320 0
-1648997008 0
-1562680016 0
-1759173108 0
2097395265 0
1926860344 0
-1405163584 0
1657642158 0
1907830766 0
-2062808249 0
1966866410 0
-2058161315 0
925702326 0
-1791497788 0
1059437225 0
1788613889 0
1935945563 0
-1934991392 0
-1954776533 0
560883728 0
-1798362030 0
-1342177281 0
-1342177281 0
-2089364730 0
-1342177281 0
-2109838732 0
2144332121 0
1064994114 0
-2128067178 0
851510907 0
1037381609 0
-1945476447 0
-2078266024 0
-2141141560 0
-1978844733 0
-1719318988 0
-1683487146 0
-1784600350 0
864368428 0
2007647261 0
1982347504 0
-1850212980 0
-2093863118 0
711228806 0
-2056312891 0
1973172736 0
-2065213473 0
-1445946438 0
1171327232 0
-1990839392 0
-1972111285 0
-2088028926 0
1641405768 0
-2137879033 0
-1727980561 0
1343501564 0
-2001227066 0
1738205731 0
-1743800158 0
501962902 0
1145148073 0
-2015567939 0
411109465 0
1993980828 0
-2093681239 0
1088584233 0
1743661648 0
1249697658 0
1224598186 0
-2116729902 0
-1817694783 0
1137650071 0
811969992 0
718603364 0
-2144497447 0
-2143372362 0
-2144387177 0
1081192101 0
-1467727130 0
-2102655670 0
-2107570703 0
2146386777 0
-1342177281 0
2029831254 0
1152055587 0
-1801208780 0
900677338 0
-1342177281 0
-1535392472 0
-1583379944 0
1944553101 0
2033577169 0
2033130469 0
-1342177281 0
1403551465 0
-1820884814 0
-1721599226 0
-2099024828 0
1915249452 0
-2144377846 0
702405139 0
-1549472490 0
-1342177281 0
-2113638856 0
1387210731 0
-1342177281 0
-1901157364 0
-2064601787 0
-2144480625 0
-2035594664 0
-1342177281 0
1186202401 0
-1875637451 0
1366311681 0
-1838358795 0
1708398566 0
-1765482176 0
-1890355093 0
2118326323 0
1675227171 0
-1873940618 0
-1713289779 0
510362093 0
-1620750711 0
2142071286 0
-2110488641 0
2030219161 0
-1989977618 0
530947391 0
1558223565 0
567928277 0
1796263966 0
-1706235946 0
562285374 0
-1903574237 0
1242441306 0
1167284922 0
-2117153206 0
1994450024 0
1849804844 0
-1447239212 0
281961196 0
-2066590040 0
242775552 0
680297216 0
-1351908803 0
-1564340133 0
1386393669 0
900480580 0
1591705359 0
1112265230 0
587295994 0
-1821940915 0
1724422947 0
-1408275646 0
840090484 0
-1495312150 0
1621955024 0
1832731392 0
-1342177281 0
-1941285285 0
-1832942886 0
1695859548 0
-1975981730 0
914930703 0
476201278 0
-1921659992 0
-1870354006 0
899490536 0
1610740621 0
-1342177281 0
987099224 0
356954081 0
-1780037253 0
199090846 0
-1751617155 0
-2139513514 0
294358219 0
-1342177281 0
-1342177281 0
-1832381005 0
1938998290 0
1332928555 0
-2094701923 0
-2094109797 0
-2124119576 0
1439793621 0
-1342177281 0
-2098717353 0
-2118025529 0
-1342177281 0
-1732447030 0
1940965821 0
-2105323980 0
-1844916064 0
1399536054 0
-1346782300 0
-1412291933 0
-1342177281 0
-1480256643 0
1541719659 0
-2056479454 0
1394497737 0
762899865 0
-1504240196 0
-1663410282 0
1732295846 0
-2134109841 0
1140521277 0
-1517947177 0
-2100007808 0
1439619555 0
-1669159520 0
1088949692 0
-1557205883 0
-1506864668 0
1452949989 0
1671631794 0
268187669 0
1099462780 0
-1920166981 0
-1880969890 0
-2092262412 0
-2007496391 0
1567712378 0
1885621958 0
-2131844169 0
1751482883 0
-1342177281 0
-2007428768 0
-1568274477 0
-2145887636 0
-1342177281 0
-1342177281 0
-1840426215 0
1200626458 0
1650863881 0
-2079469247 0
1539814122 0
-1769703694 0
-1622741272 0
-1342177281 0
683336673 0
-1486334853 0
-2085517309 0
157898657 0
-1822839458 0
1585622396 0
1114966502 0
1285567225 0
-2066857280 0
-2120673745 0
-1848608711 0
1803870411 0
-2097884105 0
-2131962793 0
-1595126348 0
1159822272 0
1405359983 0
-1704949014 0
-1773183961 0
1865119565 0
-1342177281 0
1208033434 0
-1638000339 0
-2125152377 0
1534932713 0
-1452961753 0
-1645941955 0
800197679 0
1469435877 0
1340855497 0
-2132989660 0
-2060655938 0
1408233724 0
-2059098670 0
-1342177281 0
-1830913998 0
-2124719809 0
326053309 0
-2134577615 0
-1700633513 0
1543577598 0
-2093668272 0
1839076798 0
-1342177281 0
-1877978952 0
612251182 0
-1841357487 0
436767572 0
-2035556026 0
-2005733285 0
-2089528607 0
1579083176 0
1202495186 0
-1342177281 0
-2073460516 0
-1342177281 0
-2146912496 0
-1433326101 0
1027900414 0
-2144028652 0
1637323834 0
-2073585158 0
-2133819393 0
-1885758247 0
1339001556 0
1602889113 0
1306907857 0
1422275547 0
1066035069 0
1189014243 0
-1773435882 0
1320029354 0
1126897680 0
-2092598052 0
1140430500 0
-1394801982 0
-1722723813 0
1290164020 0
-1488649063 0
-1342177281 0
901842943 0
2049424088 0
-2092700613 0
1116550307 0
-2012626746 0
-1342177281 0
1124012814 0
836225829 0
-1342177281 0
895271609 0
-1947155737 0
1680311468 0
1264414916 0
1412106054 0
-1411995067 0
-1762662539 0
1263410102 0
588217877 0
-1635761180 0
-2053366780 0
735533418 0
-2095331876 0
-1998401243 0
1041654485 0
-2047186738 0
837907065 0
-1945245008 0
-1342177281 0
-2028189100 0
-1759773485 0
1597615582 0
1692828245 0
1965074998 0
981826440 0
210479488 0
1607794721 0
-1841507568 0
-2139991475 0
708200404 0
-2138466175 0
1800853701 0
-1950304736 0
1145602269 0
-1895743720 0
555764461 0
1674055358 0
-1695175382 0
-1342177281 0
1929639402 0
1040085964 0
2136302936 0
-1624713168 0
-2145802937 0
-2063719014 0
61583648 0
-1342177281 0
-1342177281 0
-1342177281 0
1963276688 0
2141225289 0
-1746047076 0
936952508 0
1089045869 0
2114401129 0
1451018614 0
-2105426437 0
-1730496500 0
-1344677849 0
-2111239584 0
1781125705 0
-1405204860 0
-1824349446 0
-2142365777 0
-2067047610 0
-1670466675 0
-2050941560 0
-1350751309 0
-1998220339 0
-1396629929 0
-2097684661 0
-1917965638 0
1432951034 0
1761977170 0
-1508837860 0
-2073681438 0
1979155205 0
-1342177281 0
-1342177281 0
1457570004 0
-2115932245 0
-2055724229 0
737130978 0
632425082 0
1537624679 0
1491281244 0
1718973589 0
-1714139599 0
976417659 0
-2144842512 0
2065475334 0
2124658607 0
-2047591815 0
-2127711761 0
-2115163698 0
-2128598506 0
1629358112 0
1774127241 0
1310600569 0
2109207427 0
-2137697030 0
-1980036383 0
-2115871491 0
1562306122 0
-2102908471 0
-2133682795 0
1254942345 0
648639443 0
-1565852226 0
-1967668795 0
-1954024938 0
-1601333232 0
954575468 0
1891370176 0
-1808051670 0
1517572140 0
1222795200 0
-2069531873 0
1136428431 0
1760761589 0
-1650607006 0
1444825516 0
832386112 0
-1538448332 0
-1342177281 0
1885883160 0
518383076 0
-1342177281 0
1083229401 0
771246269 0
-1700206735 0
-2039488589 0
426135467 0
-1675294579 0
-1962721442 0
-1935820422 0
2100668296 0
-1429279399 0
-1851699011 0
2103238120 0
1481966412 0
-1948739390 0
1837629005 0
2011859648 0
1601907037 0
695058123 0
2002977793 0
-1820081812 0
-1822468988 0
-2107716188 0
-1566742652 0
1505740993 0
1264927204 0
845375090 0
-1895779292 0
-1446940930 0
1625692966 0
-1900879880 0
1307677137 0
-1734991763 0
1862594737 0
-2095149283 0
-1811185577 0
-2083258789 0
1819096098 0
-2072655768 0
1300933816 0
-1977837666 0
1196901286 0
240231187 0
762506739 0
2062667018 0
1888788392 0
-1601815201 0
-2090278632 0
2119393788 0
1030892471 0
-1738745962 0
1633545639 0
2059658671 0
816705928 0
358552379 0
1054717442 0
853085008 0
-1342177281 0
-2085740714 0
-1756419158 0
591353522 0
2050986749 0
752681150 0
1485526926 0
339593814 0
441139950 0
559243048 0
1231054862 0
1789425287 0
529833957 0
-1963866364 0
1695101229 0
-1342177281 0
-2045928991 0
-1780177734 0
-2088860211 0
-1433182637 0
-2118038902 0
-2094041478 0
-1342177281 0
1031656315 0
-1974491364 0
1454681618 0
-1633909873 0
-1445581133 0
1503302842 0
2065901975 0
1786564931 0
-1508382956 0
-2114354380 0
-2114837621 0
980408027 0
1581275957 0
-2122769007 0
1696681827 0
-1619857781 0
-1667829456 0
-1845789797 0
-1342177281 0
930156915 0
1518781912 0
1680638998 0
1363857993 0
1581097484 0
-1873944709 0
-1529540621 0
-1881873402 0
2057800635 0
579322707 0
-1342177281 0
-1799936069 0
906123030 0
829263765 0
-1820322110 0
622833885 0
-2142595775 0
1372941107 0
1522866416 0
-2063915967 0
1280050462 0
1856741752 0
1331983743 0
1259338089 0
1536100658 0
1082908024 0
1612055745 0
-1342177281 0
1614197508 0
1435190777 0
-2099096026 0
-2133687483 0
-2116807900 0
1878135064 0
130275571 0
-2133373692 0
1669091693 0
1396342278 0
-1762057831 0
1854121750 0
2142145213 0
1504043100 0
-1342177281 0
688675367 0
-1746349143 0
-2126574557 0
1993163852 0
-1883352847 0
-2138968338 0
1304602954 0
1203257165 0
1391272238 0
-2058227782 0
1720469608 0
370890667 0
894665729 0
1432601524 0
1531801280 0
-2018338832 0
-2132180402 0
1904632568 0
-1342177281 0
-2146107524 0
-1342177281 0
1298541964 0
1561140120 0
1307447927 0
1353714572 0
1573747798 0
1557380398 0
-1342177281 0
1887840409 0
-1662236466 0
160635479 0
-1342177281 0
-2115762120 0
2098381439 0
1242641261 0
-1680857869 0
986647197 0
992382653 0
1671473029 0
1699500968 0
1491117618 0
-2104037821 0
876977660 0
1900714630 0
1661458285 0
1051051840 0
923232303 0
1130121644 0
-1342177281 0
1215122946 0
40453822 0
-1780484945 0
-1342177281 0
1593402302 0
-1728941437 0
1377442094 0
1527186292 0
2045172494 0
-1756028769 0
-2115795027 0
-2109302365 0
-2123597860 0
-2123925905 0
1952102768 0
1275014605 0
-1939213444 0
-1842909032 0
2001041484 0
1713921388 0
-2018331888 0
-1342177281 0
686618028 0
-1483675888 0
2094783773 0
-2134272295 0
319716920 0
1214226145 0
427269282 0
-1553388870 0
1071189275 0
-1342177281 0
2145306906 0
-2093809606 0
-2026212254 0
1723295355 0
1782230989 0
1584218638 0
-2099969429 0
-2086594658 0
-2098441605 0
-2137453623 0
1057841110 0
209776095 0
-1510467487 0
-2139827731 0
2033897427 0
2091410926 0
1996458556 0
-2031416341 0
942585384 0
-1342177281 0
-1542732437 0
932532667 0
1529060409 0
-2004875189 0
1561996559 0
1309487848 0
-1757420766 0
-1755746564 0
1166339811 0
2119745003 0
1043999162 0
1456497394 0
-1937151663 0
1657213890 0
1357113141 0
521784947 0
2064460842 0
-1684365579 0
-2087381666 0
-1791843884 0
1476209132 0
-1988917156 0
-1955955032 0
-2074680242 0
2025004445 0
1386052464 0
-1611670008 0
1028849591 0
-1429603670 0
-1502012355 0
1184798685 0
2024285422 0
-1342177281 0
-1342177281 0
-1806719366 0
1911502297 0
1383430475 0
2107291666 0
-1606518879 0
208454763 0
-2058358450 0
-2034997451 0
-1526378010 0
1288482355 0
1592514440 0
-1342177281 0
1473243732 0
-1598249814 0
-1628159937 0
261294498 0
594669848 0
1918642123 0
-2101043070 0
-1757827600 0
1185952362 0
-2091242927 0
-1992055010 0
-2071361757 0
-1967874090 0
553817407 0
-1401538640 0
-1342177281 0
-1760813722 0
-1485920880 0
893690700 0
-1342177281 0
-1943119846 0
-2119887675 0
-1736734329 0
-1552781471 0
-1627233665 0
560293907 0
-2058397407 0
-1909815857 0
-1686088278 0
-2061873594 0
1836280220 0
1586181407 0
-1342177281 0
-1342177281 0
1969347695 0
1940535276 0
-1342177281 0
1990895209 0
-1899280358 0
1712316527 0
1428480090 0
-1713004063 0
2025249870 0
1327942328 0
-1767461233 0
1903352742 0
-2143269657 0
-1342177281 0
-2096232605 0
1223118429 0
1857931169 0
-2023231882 0
-2097621832 0
2010750697 0
-1342177281 0
-2136425068 0
519340548 0
1619026635 0
1625767951 0
-2114610156 0
569846404 0
-2114545987 0
1923684132 0
-1794514365 0
-1969461882 0
-1900288561 0
1005418946 0
-2122297860 0
-2143010835 0
892616954 0
815866474 0
1586293725 0
1789875537 0
1561749160 0
957722512 0
-1342177281 0
1303328016 0
-2129351309 0
-1342177281 0
-1937202065 0
344116825 0
1162261974 0
361772969 0
-2019169325 0
-2120523548 0
-2097222315 0
-1678622790 0
894157679 0
1514231688 0
2089903526 0
-1799626161 0
-2110007043 0
1925416256 0
1589924537 0
1857819447 0
-1444661722 0
2030073004 0
1491403565 0
-1581437024 0
-2137436847 0
-2140253565 0
1882303099 0
-1757934862 0
1513460093 0
1202185846 0
-1533137853 0
-1992114275 0
763865084 0
2115554220 0
-1342177281 0
-2076791351 0
1170057355 0
1627814275 0
128931271 0
-2035881002 0
1273208004 0
900196916 0
-1342177281 0
-1572925885 0
-1387520214 0
-2077143161 0
1875355497 0
422851044 0
2010217205 0
-2066227037 0
-2093635083 0
-1830519932 0
-1787173166 0
343473159 0
1363305988 0
-1755443088 0
-1853113815 0
-2144436501 0
-1342177281 0
-1893844858 0
2112093651 0
-2120832519 0
1441470431 0
730977900 0
1709526230 0
830580455 0
-1567158951 0
-1925577804 0
821200519 0
842119074 0
693064843 0
507852787 0
-1917077001 0
-1644211482 0
1734249344 0
-1564561110 0
1437900735 0
2063216972 0
-2123963551 0
1795250799 0
-2124738994 0
-1976000027 0
-2132981210 0
579516815 0
1701153992 0
1720738549 0
654440634 0
-2077379824 0
-2081526840 0
-1981451039 0
842374381 0
-1974626098 0
1614021578 0
2114063043 0
1969332704 0
1207581285 0
1730824926 0
1977343850 0
1959116986 0
-1649276708 0
-1833563342 0
-1761801985 0
-1830780573 0
840352924 0
1569500167 0
1536907689 0
-1960240382 0
607328739 0
-2084164282 0
-2105670817 0
2005447556 0
1757039558 0
-1925545269 0
-1888475352 0
-1342177281 0
-2064452044 0
-1932875340 0
1163859240 0
1106699133 0
1312790143 0
-1342177281 0
-1342177281 0
-2071307461 0
-1511831414 0
-2139388374 0
-1739776891 0
-1978545492 0
-1542722451 0
1806772042 0
-2094072389 0
-1342177281 0
951604417 0
-2076429032 0
-1370570612 0
2099585320 0
1394920356 0
1678688002 0
-1967646990 0
-1594338623 0
-2078184681 0
1092372852 0
-2140536408 0
-1342177281 0
-1823308866 0
-1606921848 0
-2080123893 0
-1959744416 0
-1662192498 0
1027773323 0
1162005734 0
1406303135 0
1675986234 0
-2036630175 0
-1696531525 0
1344388188 0
-2011752460 0
-1953648794 0
1056369163 0
-1342177281 0
298244531 0
-1400250653 0
-2074761638 0
-1342177281 0
-1519663709 0
2072892607 0
-1890318115 0
375746740 0
1598544730 0
-2142049237 0
1154068688 0
-1962716883 0
-1342177281 0
-1819860085 0
-1856379584 0
1772598444 0
-1825088997 0
1508731770 0
2079669759 0
-2110480014 0
-1342177281 0
1195382751 0
-1342177281 0
-1532874639 0
923578775 0
-1689859042 0
-1342177281 0
2002496302 0
1518852374 0
1761492602 0
-2124624579 0
-1988271331 0
1292303335 0
-2109550545 0
1226455188 0
657521234 0
1442996959 0
-1787540012 0
1409194545 0
-2072890811 0
549111955 0
-2059648489 0
-1458892402 0
1818113358 0
-2054411649 0
460640049 0
-2019424894 0
-2111476364 0
1153421498 0
1296757902 0
-1957287420 0
-1872357089 0
-1788993542 0
906403754 0
721260893 0
-2069584758 0
942274570 0
-1829824150 0
732814254 0
-1640835914 0
1488203299 0
1480277646 0
913680373 0
-2049797192 0
1471165840 0
1583550365 0
1031410013 0
2063364814 0
2023407730 0
-2117216819 0
-1447113159 0
1750706684 0
-2094360621 0
1481775977 0
-1740577708 0
-1727051516 0
-1976286323 0
1028677212 0
1284413532 0
1959771380 0
1691972861 0
1334695206 0
1892188003 0
1462229449 0
-2058524860 0
-2137564437 0
-1342177281 0
-1376761892 0
1932933716 0
1301573618 0
-2068356130 0
-1608835697 0
-2049426379 0
-1342177281 0
-2082736029 0
-2099880978 0
-2129997527 0
-1342177281 0
1399637306 0
-2079408939 0
1169395849 0
-1955636810 0
-1982324402 0
-1342177281 0
-1822587937 0
986348597 0
1841737806 0
1201730120 0
1618191926 0
-2086765965 0
-1444944437 0
1307477948 0
2009423148 0
-1947523935 0
943146117 0
-1963738268 0
-2079573176 0
321158862 0
-1342177281 0
1260981890 0
-1904866740 0
-1543859327 0
985389259 0
997499128 0
-2101219375 0
-2100828823 0
-1342177281 0
1107885413 0
1219829962 0
1149164066 0
-2029126690 0
1240017362 0
-1990841137 0
1020478058 0
1852091716 0
-1652212532 0
-1609546595 0
1714361456 0
1701892130 0
1963656696 0
2005097402 0
1670711407 0
1458035204 0
-1945737386 0
1342803586 0
1805779304 0
-1845752038 0
-2103819108 0
-1984494638 0
896751375 0
-1901217126 0
496412935 0
-2109877575 0
1182974612 0
2121379997 0
-2087164226 0
-1569679434 0
-1856185018 0
-1342177281 0
1876354620 0
-1535130252 0
-1612464161 0
-2111754440 0
-1342177281 0
1011337105 0
-2134373143 0
666156966 0
-1897732149 0
1286132989 0
-2131741453 0
-1342177281 0
151778755 0
-2115725644 0
-1854100535 0
1545332131 0
-1342177281 0
-1342177281 0
-2081662342 0
-2132639184 0
-1453350855 0
-1949693493 0
1532141929 0
1467821017 0
-1805337857 0
-2106929958 0
-2141302758 0
-2015322162 0
-2068861624 0
1844909632 0
-1720980990 0
-1529695130 0
-2121642115 0
1792420290 0
-2134578791 0
-1952389304 0
-1529586556 0
-1523243254 0
-2058279475 0
-1342177281 0
-1775495776 0
-1342177281 0
-1342177281 0
-1342177281 0
-1495912016 0
-1985874716 0
-2093513367 0
686091878 0
-2063709564 0
-1954530936 0
1899866417 0
1878841717 0
-2070439954 0
-1475053413 0
-2025489771 0
1726964063 0
1540908983 0
1873500656 0
-2098500537 0
1773056094 0
-1576255969 0
-2070933883 0
-1342177281 0
-1886014765 0
-1603711318 0
1771671669 0
-1342177281 0
-1342177281 0
-1985309283 0
-1544964439 0
1536007824 0
1888693219 0
1189051998 0
1785294084 0
-1504912786 0
325525907 0
2016879299 0
1476258621 0
1202398998 0
817817257 0
1994827494 0
2019288394 0
1904980685 0
1435134052 0
-1670582925 0
-2062441911 0
1303700089 0
1989287118 0
-2064360237 0
240684548 0
-1503700113 0
-1624736237 0
-1455455354 0
714375530 0
-2028217713 0
-2078631010 0
575524777 0
972121781 0
-2103323686 0
-2087723636 0
2130989758 0
1092470715 0
-1342177281 0
-2068410149 0
-2131773651 0
1684875066 0
-2081863032 0
1759404763 0
-1804325381 0
466638667 0
-1555382779 0
-1751657500 0
-1542241728 0
1914673303 0
-1492993353 0
-1524715737 0
556364850 0
1165654564 0
-1585456871 0
620574986 0
2132745632 0
672972525 0
-2110497408 0
1373051062 0
2010332489 0
-2112378402 0
986164351 0
-1814572101 0
-2143921671 0
1124892908 0
793137442 0
-1342177281 0
-1587813714 0
1854846207 0
1929747933 0
835585020 0
1238821514 0
-1843094465 0
-1342177281 0
-2020794672 0
-1342177281 0
-1342177281 0
-1641837869 0
1906099859 0
1328131656 0
-2073583591 0
1215786804 0
1135160233 0
318401584 0
-1733695754 0
1373400114 0
1290457311 0
1288525443 0
1252676486 0
773007555 0
1042957462 0
-1744916295 0
-2024321009 0
1403678288 0
-2020448607 0
756894967 0
-1896659681 0
1590261466 0
733749956 0
-2126295808 0
-1924418325 0
-1736701299 0
-1342177281 0
557024248 0
-1539656697 0
348287267 0
1804233391 0
837495821 0
-1737696505 0
1378459194 0
-2078757179 0
757024707 0
2109781975 0
1525977213 0
214870098 0
-1529809127 0
1231571375 0
-2134561834 0
-1432402169 0
-1693751220 0
-1884876111 0
1188090314 0
1264547639 0
-2090860127 0
421448445 0
487391163 0
1593707676 0
-1883306477 0
-1656476361 0
706471402 0
-1782821457 0
1019984578 0
1218277363 0
-2076961531 0
-1503358989 0
777065285 0
417572626 0
504400993 0
-2124398190 0
-2048674807 0
1134372213 0
-1882425980 0
-1342177281 0
1664705177 0
-1930132666 0
461679954 0
-1342177281 0
1178643390 0
2079303577 0
-1595635701 0
1731404020 0
-1342177281 0
-1754023070 0
1982062114 0
1379373362 0
-2105894886 0
1395803376 0
-1575131346 0
-1583449729 0
1614024569 0
808236003 0
-2080383193 0
-1565463874 0
1492488425 0
1644141296 0
-1453411367 0
436235305 0
-1342177281 0
-1498896407 0
1359612977 0
384840209 0
-1735076720 0
-1843336251 0
-2126406192 0
1343371226 0
1432119721 0
-1342177281 0
1087383150 0
1200934748 0
-1901387443 0
1515306107 0
1784498701 0
1260506688 0
1338631701 0
858755610 0
1423047886 0
-1980835041 0
-2090337360 0
-1866756929 0
-1969249735 0
-2114280821 0
-1815984437 0
-2086847169 0
1727451305 0
-1342177281 0
1690138549 0
1528736988 0
253855568 0
2060162123 0
585730374 0
-2081569652 0
-1342177281 0
1615322036 0
1783100483 0
-1342177281 0
-2147143911 0
-2063661624 0
-1988748268 0
1553205638 0
-2063869751 0
1868319211 0
959252755 0
-1821703419 0
938393214 0
-1905850987 0
-1342177281 0
-1342177281 0
-2114911012 0
599939923 0
-1369677423 0
-1342177281 0
-2071774811 0
1524964587 0
1998096124 0
-2090263608 0
1170934468 0
1622272224 0
-2079791868 0
1602570157 0
1790855402 0
-2048147065 0
1804739188 0
2092357383 0
1798429701 0
2063833102 0
-1764835627 0
308372234 0
-2079509244 0
1753386797 0
1369077207 0
1253347879 0
-1888914730 0
1985231199 0
1412367164 0
-2068622945 0
-2131037975 0
-1342177281 0
-2125879125 0
-1877075290 0
-2092671844 0
1810279881 0
1166112768 0
-2092100547 0
487558627 0
-1786940417 0
-1702438575 0
962951122 0
-2071428776 0
-1968982324 0
-2106848072 0
1618948219 0
1972896137 0
-2115156974 0
1352128500 0
-1712542074 0
1590262629 0
2058947389 0
362294763 0
-2011838669 0
-1342177281 0
-2065889882 0
2144108371 0
-2003739864 0
1880541854 0
1532776967 0
1405725102 0
760962903 0
-2140253280 0
-2141678217 0
-2089646395 0
-1496280228 0
2093121109 0
-2106722234 0
-1342177281 0
-1342177281 0
-1989744011 0
392199805 0
-1987599380 0
1216357746 0
532406480 0
1173509625 0
973057951 0
-2086669698 0
-2094918596 0
1585142944 0
857173584 0
763528291 0
1873930889 0
-1751224388 0
-2109255016 0
-1483695538 0
-1596172540 0
1042340127 0
731952659 0
1850334054 0
2064668099 0
-1342177281 0
2117997844 0
885124357 0
-1936414017 0
-1449204159 0
1342140634 0
-1981769646 0
-2093174631 0
693663811 0
-2118306631 0
1220321664 0
1054700079 0
-2105789339 0
-1387893360 0
1188426150 0
1303650239 0
-1793039774 0
-2089890426 0
1090865740 0
1316367573 0
1979125688 0
619650801 0
-1992088584 0
1148808107 0
1689493945 0
-2125240798 0
1424886833 0
591669545 0
1716021116 0
-1802067257 0
-1623706615 0
325852332 0
729359405 0
845926093 0
1294155865 0
2091371962 0
2014417707 0
426772649 0
-1921558798 0
-1985073310 0
-1646989092 0
1676737615 0
1982227165 0
1505148155 0
22332055 0
-2070645780 0
1594218946 0
-1943317083 0
324398517 0
165076129 0
-2025237380 0
1365122548 0
-1898807907 0
1202887520 0
2108619549 0
1115491787 0
-1342177281 0
862449254 0
1470116886 0
1399664025 0
-2052964255 0
-2038482701 0
-1987466577 0
-2130552855 0
-1820475480 0
-1621554527 0
248656877 0
1873031670 0
1782518527 0
1889110467 0
1256398615 0
-1392532572 0
781578521 0
-2118103700 0
-2091663945 0
1610687996 0
476055770 0
792488927 0
-1957746587 0
1954492104 0
-2086459973 0
-1723720470 0
-1741498268 0
-1806695979 0
1704284364 0
1144416606 0
-1769806451 0
-2082375341 0
-1916846196 0
-2112115689 0
1035848493 0
1500629277 0
-1342177281 0
-2072890288 0
-1651330759 0
-1817116914 0
1855562966 0
709256116 0
-1397720172 0
-2136548249 0
-2129947120 0
-1492848382 0
2012277701 0
-2079264080 0
-2022763060 0
1167561254 0
1808775462 0
345368676 0
-1595832100 0
1393442145 0
2029570267 0
1134891444 0
2038608522 0
1849483927 0
-1690861240 0
-2079575339 0
1814955294 0
-2080190800 0
315079452 0
1024962776 0
-1618358901 0
751824633 0
-1813466332 0
-1342177281 0
-2122108709 0
-1566685419 0
-1342177281 0
-1342177281 0
-1567772846 0
-1544527420 0
-1342177281 0
1854260793 0
1773907011 0
-1680986881 0
1654019922 0
787167922 0
602960283 0
-2083544085 0
1838596943 0
602652822 0
-2014582355 0
-1363960734 0
-1342177281 0
-2100651554 0
908139650 0
-1622904137 0
1353464955 0
-1342177281 0
-1342177281 0
-2129806198 0
1390936696 0
-1994603190 0
-1946688004 0
-2097435234 0
-1342177281 0
341574898 0
1331250622 0
-1856634716 0
1874332720 0
758345736 0
1623233379 0
-2068383300 0
-2104068070 0
-1342177281 0
-2096005971 0
-1859746546 0
-2089775942 0
1853328908 0
-1912867947 0
-2135299401 0
-1342177281 0
672152809 0
1153650028 0
-1342177281 0
-1436632216 0
861178970 0
1794497421 0
1198663841 0
-1821457365 0
850329327 0
1765842709 0
-1992064285 0
-1518963271 0
-2127630426 0
-2086742453 0
-1601417640 0
-1859043193 0
1966152387 0
-2117881591 0
686278705 0
768020320 0
-2023908938 0
1232563439 0
-1951125431 0
-1539700144 0
-2120846691 0
-1702024481 0
2024537622 0
-1912616081 0
-1747805150 0
488490833 0
-1342177281 0
382279274 0
-1983914654 0
-1533614342 0
672296051 0
1467416892 0
1628632417 0
-1831743944 0
2025258407 0
1956186745 0
-1655180688 0
-2080090259 0
-1386205681 0
2016793462 0
1412212435 0
1914412423 0
-2065543222 0
-1945188010 0
-2102534833 0
-1911907305 0
1938766686 0
907603274 0
2089763498 0
329078863 0
1072542947 0
1403136279 0
-2135462742 0
-2075962204 0
-2039253082 0
-1673683936 0
808704277 0
1620093261 0
1981534924 0
-2084457626 0
1279390508 0
1520414672 0
1197895103 0
-2142927348 0
-1802088814 0
-2109505240 0
-2022587120 0
-2115773270 0
-1874384725 0
-1441985748 0
-1342177281 0
-2132041799 0
-2093197089 0
-2082041367 0
-1931854009 0
-2090586164 0
2100012159 0
-2129480051 0
-1997930102 0
-2002372365 0
273573724 0
-1560708624 0
-1828752208 0
1171236477 0
-1342177281 0
733704859 0
-2109163273 0
1368576292 0
-2135742343 0
1253146819 0
925103750 0
2067368749 0
-1579612009 0
837369783 0
-2133848043 0
-1628319541 0
2120189911 0
-2101065292 0
-1979044462 0
1673673971 0
1801093568 0
1758802809 0
-2093463156 0
-1342177281 0
-2147308535 0
1626515629 0
-1919076594 0
-1667310422 0
924315149 0
1030712001 0
1183161363 0
-1715882006 0
-2118119342 0
-1714026450 0
-1956768927 0
-2115494762 0
1078482960 0
-1967665905 0
-1905500561 0
-2061564582 0
-2129616418 0
1812219878 0
2094986659 0
2010520626 0
-1342177281 0
446101313 0
-2135182336 0
-1808896677 0
-2144072846 0
-1409481180 0
-2097612048 0
999832243 0
-1969770868 0
-2102360006 0
698940593 0
1271555541 0
1817551167 0
1101402127 0
1518472382 0
14756565 0
-1524512193 0
-2129231151 0
-1680297975 0
555347030 0
1946449024 0
-1743772898 0
-1721046111 0
1563596454 0
1312133745 0
1858165393 0
-2085585140 0
1916654227 0
-1446958629 0
1385579335 0
-2101010484 0
-2044810079 0
2018113188 0
-1977421426 0
858213258 0
168798903 0
711592546 0
-2030053982 0
-1464507862 0
-2067515005 0
-1840010047 0
-1342177281 0
-1829837240 0
1242653556 0
-1840968179 0
1951777085 0
-1342177281 0
1864845179 0
-1734096335 0
-1447482147 0
-1597283425 0
-1997254876 0
1637070361 0
1547695718 0
933741623 0
-1879779712 0
-1342177281 0
-1585541707 0
-1922581437 0
1424596937 0
-1342177281 0
921171380 0
-2077082077 0
1331075885 0
1297583311 0
1687775947 0
-1827402738 0
-2108839137 0
882248395 0
-1491539110 0
-2016656634 0
1862019818 0
-1872386408 0
-2107468295 0
-1342177281 0
1434575472 0
455970887 0
1750598823 0
1929793658 0
-1809347990 0
-1420840847 0
-2140512454 0
-1802680685 0
1327194642 0
-1665350570 0
1243273573 0
-2098692627 0
-1359002274 0
-1542070905 0
-2141837416 0
-2125898541 0
-1869649567 0
-1656415714 0
-2094356823 0
-2094047669 0
-2089506874 0
-2083312981 0
-1753311971 0
2136902528 0
717418867 0
2021712274 0
-2103246693 0
2038971678 0
-2077192632 0
1423832416 0
-1595536372 0
-1669673340 0
-2112678874 0
-2124723488 0
-1752356592 0
1487442002 0
1457014248 0
1644266564 0
-2001124191 0
-2102076208 0
-2139547578 0
-1342177281 0
1920047318 0
-1894962974 0
1998125649 0
1839893345 0
-1717415612 0
-2119231398 0
-2066969079 0
1261670390 0
693587916 0
1004161749 0
-2079280156 0
-2077044201 0
1780312652 0
835382903 0
-1837645306 0
245431453 0
-1618009786 0
-2090822207 0
1458763816 0
-1750789424 0
-1716977582 0
1834875307 0
-1993152777 0
625995584 0
