8388607 0
8439922 0
8490917 0
8541594 0
8591949 0
8641979 0
8691685 0
8741063 0
8790113 0
8838831 0
8887218 0
8935269 0
8982983 0
9030360 0
9077396 0
9124090 0
9170442 0
9216448 0
9262107 0
9307417 0
9352377 0
9396984 0
9441239 0
9485137 0
9528678 0
9571861 0
9614684 0
9657144 0
9699240 0
9740972 0
9782337 0
9823333 0
9863959 0
9904215 0
9944097 0
9983605 0
10022737 0
10061492 0
10099868 0
10137863 0
10175477 0
10212708 0
10249555 0
10286016 0
10322089 0
10357773 0
10393067 0
10427971 0
10462481 0
10496599 0
10530321 0
10563645 0
10596573 0
10629101 0
10661230 0
10692957 0
10724281 0
10755201 0
10785718 0
10815827 0
10845529 0
10874823 0
10903708 0
10932182 0
10960244 0
10987894 0
11015131 0
11041952 0
11068358 0
11094347 0
11119918 0
11145071 0
11169804 0
11194116 0
11218008 0
11241477 0
11264522 0
11287143 0
11309340 0
11331110 0
11352454 0
11373371 0
11393860 0
11413919 0
11433549 0
11452748 0
11471516 0
11489852 0
11507755 0
11525226 0
11542262 0
11558864 0
11575030 0
11590762 0
11606056 0
11620913 0
11635334 0
11649315 0
11662858 0
11675963 0
11688628 0
11700853 0
11712637 0
11723980 0
11734881 0
11745341 0
11755359 0
11764934 0
11774066 0
11782755 0
11791000 0
11798801 0
11806159 0
11813070 0
11819538 0
11825561 0
11831139 0
11836271 0
11840958 0
11845199 0
11848994 0
11852342 0
11855244 0
11857700 0
11859710 0
11861274 0
11862390 0
11863060 0
11863284 0
11863060 0
11862390 0
11861274 0
11859710 0
11857700 0
11855244 0
11852342 0
11848994 0
11845199 0
11840958 0
11836271 0
11831139 0
11825561 0
11819538 0
11813070 0
11806159 0
11798801 0
11791000 0
11782755 0
11774066 0
11764934 0
11755359 0
11745341 0
11734881 0
11723980 0
11712637 0
11700853 0
11688628 0
11675963 0
11662858 0
11649315 0
11635334 0
11620913 0
11606056 0
11590762 0
11575030 0
11558864 0
11542262 0
11525226 0
11507755 0
11489852 0
11471516 0
11452748 0
11433549 0
11413919 0
11393860 0
11373371 0
11352454 0
11331110 0
11309340 0
11287143 0
11264522 0
11241477 0
11218008 0
11194116 0
11169804 0
11145071 0
11119918 0
11094347 0
11068358 0
11041952 0
11015131 0
10987894 0
10960244 0
10932182 0
10903708 0
10874823 0
10845529 0
10815827 0
10785718 0
10755201 0
10724281 0
10692957 0
10661230 0
10629101 0
10596573 0
10563645 0
10530321 0
10496599 0
10462481 0
10427971 0
10393067 0
10357773 0
10322089 0
10286016 0
10249555 0
10212708 0
10175477 0
10137863 0
10099868 0
10061492 0
10022737 0
9983605 0
9944097 0
9904215 0
9863959 0
9823333 0
9782337 0
9740972 0
9699240 0
9657144 0
9614684 0
9571861 0
9528678 0
9485137 0
9441239 0
9396984 0
9352377 0
9307417 0
9262107 0
9216448 0
9170442 0
9124090 0
9077396 0
9030360 0
8982983 0
8935269 0
8887218 0
8838831 0
8790113 0
8741063 0
8691685 0
8641979 0
8591949 0
8541594 0
8490917 0
8439922 0
8388607 0
8336978 0
8285035 0
8232780 0
8180215 0
8127341 0
8074163 0
8020679 0
7966895 0
7912809 0
7858426 0
7803747 0
7748775 0
7693510 0
7637956 0
7582114 0
7525988 0
7469576 0
7412885 0
7355915 0
7298667 0
7241144 0
7183349 0
7125283 0
7066950 0
7008349 0
6949486 0
6890360 0
6830976 0
6771334 0
6711437 0
6651287 0
6590887 0
6530239 0
6469345 0
6408207 0
6346829 0
6285210 0
6223356 0
6161267 0
6098947 0
6036396 0
5973619 0
5910616 0
5847391 0
5783945 0
5720283 0
5656405 0
5592313 0
5528011 0
5463501 0
5398785 0
5333867 0
5268747 0
5203428 0
5137915 0
5072207 0
5006309 0
4940222 0
4873949 0
4807493 0
4740855 0
4674040 0
4607048 0
4539882 0
4472546 0
4405041 0
4337370 0
4269536 0
4201543 0
4133390 0
4065081 0
3996620 0
3928008 0
3859248 0
3790343 0
3721296 0
3652107 0
3582782 0
3513322 0
3443730 0
3374007 0
3304158 0
3234185 0
3164089 0
3093874 0
3023544 0
2953098 0
2882543 0
2811878 0
2741108 0
2670234 0
2599260 0
2528188 0
2457020 0
2385761 0
2314412 0
2242975 0
2171454 0
2099851 0
2028170 0
1956411 0
1884579 0
1812676 0
1740705 0
1668669 0
1596569 0
1524410 0
1452192 0
1379921 0
1307598 0
1235225 0
1162805 0
1090342 0
1017838 0
945295 0
872717 0
800107 0
727466 0
654797 0
582104 0
509388 0
436654 0
363904 0
291140 0
218364 0
145580 0
72792 0
0 0
-72792 0
-145580 0
-218364 0
-291140 0
-363904 0
-436654 0
-509388 0
-582104 0
-654797 0
-727466 0
-800107 0
-872717 0
-945295 0
-1017838 0
-1090342 0
-1162805 0
-1235225 0
-1307598 0
-1379921 0
-1452192 0
-1524410 0
-1596569 0
-1668669 0
-1740705 0
-1812676 0
-1884579 0
-1956411 0
-2028170 0
-2099851 0
-2171454 0
-2242975 0
-2314412 0
-2385761 0
-2457020 0
-2528188 0
-2599260 0
-2670234 0
-2741108 0
-2811878 0
-2882543 0
-2953098 0
-3023544 0
-3093874 0
-3164089 0
-3234185 0
-3304158 0
-3374007 0
-3443730 0
-3513322 0
-3582782 0
-3652107 0
-3721296 0
-3790343 0
-3859248 0
-3928008 0
-3996620 0
-4065081 0
-4133390 0
-4201543 0
-4269536 0
-4337370 0
-4405041 0
-4472546 0
-4539882 0
-4607048 0
-4674040 0
-4740855 0
-4807493 0
-4873949 0
-4940222 0
-5006309 0
-5072207 0
-5137915 0
-5203428 0
-5268747 0
-5333867 0
-5398785 0
-5463501 0
-5528011 0
-5592313 0
-5656405 0
-5720283 0
-5783945 0
-5847391 0
-5910616 0
-5973619 0
-6036396 0
-6098947 0
-6161267 0
-6223356 0
-6285210 0
-6346829 0
-6408207 0
-6469345 0
-6530239 0
-6590887 0
-6651287 0
-6711437 0
-6771334 0
-6830976 0
-6890360 0
-6949486 0
-7008349 0
-7066950 0
-7125283 0
-7183349 0
-7241144 0
-7298667 0
-7355915 0
-7412885 0
-7469576 0
-7525988 0
-7582114 0
-7637956 0
-7693510 0
-7748775 0
-7803747 0
-7858426 0
-7912809 0
-7966895 0
-8020679 0
-8074163 0
-8127341 0
-8180215 0
-8232780 0
-8285035 0
-8336978 0
-8388607 0
-8439922 0
-8490917 0
-8541594 0
-8591949 0
-8641979 0
-8691685 0
-8741063 0
-8790113 0
-8838831 0
-8887218 0
-8935269 0
-8982983 0
-9030360 0
-9077396 0
-9124090 0
-9170442 0
-9216448 0
-9262107 0
-9307417 0
-9352377 0
-9396984 0
-9441239 0
-9485137 0
-9528678 0
-9571861 0
-9614684 0
-9657144 0
-9699240 0
-9740972 0
-9782337 0
-9823333 0
-9863959 0
-9904215 0
-9944097 0
-9983605 0
-10022737 0
-10061492 0
-10099868 0
-10137863 0
-10175477 0
-10212708 0
-10249555 0
-10286016 0
-10322089 0
-10357773 0
-10393067 0
-10427971 0
-10462481 0
-10496599 0
-10530321 0
-10563645 0
-10596573 0
-10629101 0
-10661230 0
-10692957 0
-10724281 0
-10755201 0
-10785718 0
-10815827 0
-10845529 0
-10874823 0
-10903708 0
-10932182 0
-10960244 0
-10987894 0
-11015131 0
-11041952 0
-11068358 0
-11094347 0
-11119918 0
-11145071 0
-11169804 0
-11194116 0
-11218008 0
-11241477 0
-11264522 0
-11287143 0
-11309340 0
-11331110 0
-11352454 0
-11373371 0
-11393860 0
-11413919 0
-11433549 0
-11452748 0
-11471516 0
-11489852 0
-11507755 0
-11525226 0
-11542262 0
-11558864 0
-11575030 0
-11590762 0
-11606056 0
-11620913 0
-11635334 0
-11649315 0
-11662858 0
-11675963 0
-11688628 0
-11700853 0
-11712637 0
-11723980 0
-11734881 0
-11745341 0
-11755359 0
-11764934 0
-11774066 0
-11782755 0
-11791000 0
-11798801 0
-11806159 0
-11813070 0
-11819538 0
-11825561 0
-11831139 0
-11836271 0
-11840958 0
-11845199 0
-11848994 0
-11852342 0
-11855244 0
-11857700 0
-11859710 0
-11861274 0
-11862390 0
-11863060 0
-11863284 0
-11863060 0
-11862390 0
-11861274 0
-11859710 0
-11857700 0
-11855244 0
-11852342 0
-11848994 0
-11845199 0
-11840958 0
-11836271 0
-11831139 0
-11825561 0
-11819538 0
-11813070 0
-11806159 0
-11798801 0
-11791000 0
-11782755 0
-11774066 0
-11764934 0
-11755359 0
-11745341 0
-11734881 0
-11723980 0
-11712637 0
-11700853 0
-11688628 0
-11675963 0
-11662858 0
-11649315 0
-11635334 0
-11620913 0
-11606056 0
-11590762 0
-11575030 0
-11558864 0
-11542262 0
-11525226 0
-11507755 0
-11489852 0
-11471516 0
-11452748 0
-11433549 0
-11413919 0
-11393860 0
-11373371 0
-11352454 0
-11331110 0
-11309340 0
-11287143 0
-11264522 0
-11241477 0
-11218008 0
-11194116 0
-11169804 0
-11145071 0
-11119918 0
-11094347 0
-11068358 0
-11041952 0
-11015131 0
-10987894 0
-10960244 0
-10932182 0
-10903708 0
-10874823 0
-10845529 0
-10815827 0
-10785718 0
-10755201 0
-10724281 0
-10692957 0
-10661230 0
-10629101 0
-10596573 0
-10563645 0
-10530321 0
-10496599 0
-10462481 0
-10427971 0
-10393067 0
-10357773 0
-10322089 0
-10286016 0
-10249555 0
-10212708 0
-10175477 0
-10137863 0
-10099868 0
-10061492 0
-10022737 0
-9983605 0
-9944097 0
-9904215 0
-9863959 0
-9823333 0
-9782337 0
-9740972 0
-9699240 0
-9657144 0
-9614684 0
-9571861 0
-9528678 0
-9485137 0
-9441239 0
-9396984 0
-9352377 0
-9307417 0
-9262107 0
-9216448 0
-9170442 0
-9124090 0
-9077396 0
-9030360 0
-8982983 0
-8935269 0
-8887218 0
-8838831 0
-8790113 0
-8741063 0
-8691685 0
-8641979 0
-8591949 0
-8541594 0
-8490917 0
-8439922 0
-8388607 0
-8336978 0
-8285035 0
-8232780 0
-8180215 0
-8127341 0
-8074163 0
-8020679 0
-7966895 0
-7912809 0
-7858426 0
-7803747 0
-7748775 0
-7693510 0
-7637956 0
-7582114 0
-7525988 0
-7469576 0
-7412885 0
-7355915 0
-7298667 0
-7241144 0
-7183349 0
-7125283 0
-7066950 0
-7008349 0
-6949486 0
-6890360 0
-6830976 0
-6771334 0
-6711437 0
-6651287 0
-6590887 0
-6530239 0
-6469345 0
-6408207 0
-6346829 0
-6285210 0
-6223356 0
-6161267 0
-6098947 0
-6036396 0
-5973619 0
-5910616 0
-5847391 0
-5783945 0
-5720283 0
-5656405 0
-5592313 0
-5528011 0
-5463501 0
-5398785 0
-5333867 0
-5268747 0
-5203428 0
-5137915 0
-5072207 0
-5006309 0
-4940222 0
-4873949 0
-4807493 0
-4740855 0
-4674040 0
-4607048 0
-4539882 0
-4472546 0
-4405041 0
-4337370 0
-4269536 0
-4201543 0
-4133390 0
-4065081 0
-3996620 0
-3928008 0
-3859248 0
-3790343 0
-3721296 0
-3652107 0
-3582782 0
-3513322 0
-3443730 0
-3374007 0
-3304158 0
-3234185 0
-3164089 0
-3093874 0
-3023544 0
-2953098 0
-2882543 0
-2811878 0
-2741108 0
-2670234 0
-2599260 0
-2528188 0
-2457020 0
-2385761 0
-2314412 0
-2242975 0
-2171454 0
-2099851 0
-2028170 0
-1956411 0
-1884579 0
-1812676 0
-1740705 0
-1668669 0
-1596569 0
-1524410 0
-1452192 0
-1379921 0
-1307598 0
-1235225 0
-1162805 0
-1090342 0
-1017838 0
-945295 0
-872717 0
-800107 0
-727466 0
-654797 0
-582104 0
-509388 0
-436654 0
-363904 0
-291140 0
-218364 0
-145580 0
-72792 0
0 0
72792 0
145580 0
218364 0
291140 0
363904 0
436654 0
509388 0
582104 0
654797 0
727466 0
800107 0
872717 0
945295 0
1017838 0
1090342 0
1162805 0
1235225 0
1307598 0
1379921 0
1452192 0
1524410 0
1596569 0
1668669 0
1740705 0
1812676 0
1884579 0
1956411 0
2028170 0
2099851 0
2171454 0
2242975 0
2314412 0
2385761 0
2457020 0
2528188 0
2599260 0
2670234 0
2741108 0
2811878 0
2882543 0
2953098 0
3023544 0
3093874 0
3164089 0
3234185 0
3304158 0
3374007 0
3443730 0
3513322 0
3582782 0
3652107 0
3721296 0
3790343 0
3859248 0
3928008 0
3996620 0
4065081 0
4133390 0
4201543 0
4269536 0
4337370 0
4405041 0
4472546 0
4539882 0
4607048 0
4674040 0
4740855 0
4807493 0
4873949 0
4940222 0
5006309 0
5072207 0
5137915 0
5203428 0
5268747 0
5333867 0
5398785 0
5463501 0
5528011 0
5592313 0
5656405 0
5720283 0
5783945 0
5847391 0
5910616 0
5973619 0
6036396 0
6098947 0
6161267 0
6223356 0
6285210 0
6346829 0
6408207 0
6469345 0
6530239 0
6590887 0
6651287 0
6711437 0
6771334 0
6830976 0
6890360 0
6949486 0
7008349 0
7066950 0
7125283 0
7183349 0
7241144 0
7298667 0
7355915 0
7412885 0
7469576 0
7525988 0
7582114 0
7637956 0
7693510 0
7748775 0
7803747 0
7858426 0
7912809 0
7966895 0
8020679 0
8074163 0
8127341 0
8180215 0
8232780 0
8285035 0
8336978 0
8388607 0
8439922 0
8490917 0
8541594 0
8591949 0
8641979 0
8691685 0
8741063 0
8790113 0
8838831 0
8887218 0
8935269 0
8982983 0
9030360 0
9077396 0
9124090 0
9170442 0
9216448 0
9262107 0
9307417 0
9352377 0
9396984 0
9441239 0
9485137 0
9528678 0
9571861 0
9614684 0
9657144 0
9699240 0
9740972 0
9782337 0
9823333 0
9863959 0
9904215 0
9944097 0
9983605 0
10022737 0
10061492 0
10099868 0
10137863 0
10175477 0
10212708 0
10249555 0
10286016 0
10322089 0
10357773 0
10393067 0
10427971 0
10462481 0
10496599 0
10530321 0
10563645 0
10596573 0
10629101 0
10661230 0
10692957 0
10724281 0
10755201 0
10785718 0
10815827 0
10845529 0
10874823 0
10903708 0
10932182 0
10960244 0
10987894 0
11015131 0
11041952 0
11068358 0
11094347 0
11119918 0
11145071 0
11169804 0
11194116 0
11218008 0
11241477 0
11264522 0
11287143 0
11309340 0
11331110 0
11352454 0
11373371 0
11393860 0
11413919 0
11433549 0
11452748 0
11471516 0
11489852 0
11507755 0
11525226 0
11542262 0
11558864 0
11575030 0
11590762 0
11606056 0
11620913 0
11635334 0
11649315 0
11662858 0
11675963 0
11688628 0
11700853 0
11712637 0
11723980 0
11734881 0
11745341 0
11755359 0
11764934 0
11774066 0
11782755 0
11791000 0
11798801 0
11806159 0
11813070 0
11819538 0
11825561 0
11831139 0
11836271 0
11840958 0
11845199 0
11848994 0
11852342 0
11855244 0
11857700 0
11859710 0
11861274 0
11862390 0
11863060 0
11863284 0
11863060 0
11862390 0
11861274 0
11859710 0
11857700 0
11855244 0
11852342 0
11848994 0
11845199 0
11840958 0
11836271 0
11831139 0
11825561 0
11819538 0
11813070 0
11806159 0
11798801 0
11791000 0
11782755 0
11774066 0
11764934 0
11755359 0
11745341 0
11734881 0
11723980 0
11712637 0
11700853 0
11688628 0
11675963 0
11662858 0
11649315 0
11635334 0
11620913 0
11606056 0
11590762 0
11575030 0
11558864 0
11542262 0
11525226 0
11507755 0
11489852 0
11471516 0
11452748 0
11433549 0
11413919 0
11393860 0
11373371 0
11352454 0
11331110 0
11309340 0
11287143 0
11264522 0
11241477 0
11218008 0
11194116 0
11169804 0
11145071 0
11119918 0
11094347 0
11068358 0
11041952 0
11015131 0
10987894 0
10960244 0
10932182 0
10903708 0
10874823 0
10845529 0
10815827 0
10785718 0
10755201 0
10724281 0
10692957 0
10661230 0
10629101 0
10596573 0
10563645 0
10530321 0
10496599 0
10462481 0
10427971 0
10393067 0
10357773 0
10322089 0
10286016 0
10249555 0
10212708 0
10175477 0
10137863 0
10099868 0
10061492 0
10022737 0
9983605 0
9944097 0
9904215 0
9863959 0
9823333 0
9782337 0
9740972 0
9699240 0
9657144 0
9614684 0
9571861 0
9528678 0
9485137 0
9441239 0
9396984 0
9352377 0
9307417 0
9262107 0
9216448 0
9170442 0
9124090 0
9077396 0
9030360 0
8982983 0
8935269 0
8887218 0
8838831 0
8790113 0
8741063 0
8691685 0
8641979 0
8591949 0
8541594 0
8490917 0
8439922 0
8388607 0
8336978 0
8285035 0
8232780 0
8180215 0
8127341 0
8074163 0
8020679 0
7966895 0
7912809 0
7858426 0
7803747 0
7748775 0
7693510 0
7637956 0
7582114 0
7525988 0
7469576 0
7412885 0
7355915 0
7298667 0
7241144 0
7183349 0
7125283 0
7066950 0
7008349 0
6949486 0
6890360 0
6830976 0
6771334 0
6711437 0
6651287 0
6590887 0
6530239 0
6469345 0
6408207 0
6346829 0
6285210 0
6223356 0
6161267 0
6098947 0
6036396 0
5973619 0
5910616 0
5847391 0
5783945 0
5720283 0
5656405 0
5592313 0
5528011 0
5463501 0
5398785 0
5333867 0
5268747 0
5203428 0
5137915 0
5072207 0
5006309 0
4940222 0
4873949 0
4807493 0
4740855 0
4674040 0
4607048 0
4539882 0
4472546 0
4405041 0
4337370 0
4269536 0
4201543 0
4133390 0
4065081 0
3996620 0
3928008 0
3859248 0
3790343 0
3721296 0
3652107 0
3582782 0
3513322 0
3443730 0
3374007 0
3304158 0
3234185 0
3164089 0
3093874 0
3023544 0
2953098 0
2882543 0
2811878 0
2741108 0
2670234 0
2599260 0
2528188 0
2457020 0
2385761 0
2314412 0
2242975 0
2171454 0
2099851 0
2028170 0
1956411 0
1884579 0
1812676 0
1740705 0
1668669 0
1596569 0
1524410 0
1452192 0
1379921 0
1307598 0
1235225 0
1162805 0
1090342 0
1017838 0
945295 0
872717 0
800107 0
727466 0
654797 0
582104 0
509388 0
436654 0
363904 0
291140 0
218364 0
145580 0
72792 0
0 0
-72792 0
-145580 0
-218364 0
-291140 0
-363904 0
-436654 0
-509388 0
-582104 0
-654797 0
-727466 0
-800107 0
-872717 0
-945295 0
-1017838 0
-1090342 0
-1162805 0
-1235225 0
-1307598 0
-1379921 0
-1452192 0
-1524410 0
-1596569 0
-1668669 0
-1740705 0
-1812676 0
-1884579 0
-1956411 0
-2028170 0
-2099851 0
-2171454 0
-2242975 0
-2314412 0
-2385761 0
-2457020 0
-2528188 0
-2599260 0
-2670234 0
-2741108 0
-2811878 0
-2882543 0
-2953098 0
-3023544 0
-3093874 0
-3164089 0
-3234185 0
-3304158 0
-3374007 0
-3443730 0
-3513322 0
-3582782 0
-3652107 0
-3721296 0
-3790343 0
-3859248 0
-3928008 0
-3996620 0
-4065081 0
-4133390 0
-4201543 0
-4269536 0
-4337370 0
-4405041 0
-4472546 0
-4539882 0
-4607048 0
-4674040 0
-4740855 0
-4807493 0
-4873949 0
-4940222 0
-5006309 0
-5072207 0
-5137915 0
-5203428 0
-5268747 0
-5333867 0
-5398785 0
-5463501 0
-5528011 0
-5592313 0
-5656405 0
-5720283 0
-5783945 0
-5847391 0
-5910616 0
-5973619 0
-6036396 0
-6098947 0
-6161267 0
-6223356 0
-6285210 0
-6346829 0
-6408207 0
-6469345 0
-6530239 0
-6590887 0
-6651287 0
-6711437 0
-6771334 0
-6830976 0
-6890360 0
-6949486 0
-7008349 0
-7066950 0
-7125283 0
-7183349 0
-7241144 0
-7298667 0
-7355915 0
-7412885 0
-7469576 0
-7525988 0
-7582114 0
-7637956 0
-7693510 0
-7748775 0
-7803747 0
-7858426 0
-7912809 0
-7966895 0
-8020679 0
-8074163 0
-8127341 0
-8180215 0
-8232780 0
-8285035 0
-8336978 0
-8388607 0
-8439922 0
-8490917 0
-8541594 0
-8591949 0
-8641979 0
-8691685 0
-8741063 0
-8790113 0
-8838831 0
-8887218 0
-8935269 0
-8982983 0
-9030360 0
-9077396 0
-9124090 0
-9170442 0
-9216448 0
-9262107 0
-9307417 0
-9352377 0
-9396984 0
-9441239 0
-9485137 0
-9528678 0
-9571861 0
-9614684 0
-9657144 0
-9699240 0
-9740972 0
-9782337 0
-9823333 0
-9863959 0
-9904215 0
-9944097 0
-9983605 0
-10022737 0
-10061492 0
-10099868 0
-10137863 0
-10175477 0
-10212708 0
-10249555 0
-10286016 0
-10322089 0
-10357773 0
-10393067 0
-10427971 0
-10462481 0
-10496599 0
-10530321 0
-10563645 0
-10596573 0
-10629101 0
-10661230 0
-10692957 0
-10724281 0
-10755201 0
-10785718 0
-10815827 0
-10845529 0
-10874823 0
-10903708 0
-10932182 0
-10960244 0
-10987894 0
-11015131 0
-11041952 0
-11068358 0
-11094347 0
-11119918 0
-11145071 0
-11169804 0
-11194116 0
-11218008 0
-11241477 0
-11264522 0
-11287143 0
-11309340 0
-11331110 0
-11352454 0
-11373371 0
-11393860 0
-11413919 0
-11433549 0
-11452748 0
-11471516 0
-11489852 0
-11507755 0
-11525226 0
-11542262 0
-11558864 0
-11575030 0
-11590762 0
-11606056 0
-11620913 0
-11635334 0
-11649315 0
-11662858 0
-11675963 0
-11688628 0
-11700853 0
-11712637 0
-11723980 0
-11734881 0
-11745341 0
-11755359 0
-11764934 0
-11774066 0
-11782755 0
-11791000 0
-11798801 0
-11806159 0
-11813070 0
-11819538 0
-11825561 0
-11831139 0
-11836271 0
-11840958 0
-11845199 0
-11848994 0
-11852342 0
-11855244 0
-11857700 0
-11859710 0
-11861274 0
-11862390 0
-11863060 0
-11863284 0
-11863060 0
-11862390 0
-11861274 0
-11859710 0
-11857700 0
-11855244 0
-11852342 0
-11848994 0
-11845199 0
-11840958 0
-11836271 0
-11831139 0
-11825561 0
-11819538 0
-11813070 0
-11806159 0
-11798801 0
-11791000 0
-11782755 0
-11774066 0
-11764934 0
-11755359 0
-11745341 0
-11734881 0
-11723980 0
-11712637 0
-11700853 0
-11688628 0
-11675963 0
-11662858 0
-11649315 0
-11635334 0
-11620913 0
-11606056 0
-11590762 0
-11575030 0
-11558864 0
-11542262 0
-11525226 0
-11507755 0
-11489852 0
-11471516 0
-11452748 0
-11433549 0
-11413919 0
-11393860 0
-11373371 0
-11352454 0
-11331110 0
-11309340 0
-11287143 0
-11264522 0
-11241477 0
-11218008 0
-11194116 0
-11169804 0
-11145071 0
-11119918 0
-11094347 0
-11068358 0
-11041952 0
-11015131 0
-10987894 0
-10960244 0
-10932182 0
-10903708 0
-10874823 0
-10845529 0
-10815827 0
-10785718 0
-10755201 0
-10724281 0
-10692957 0
-10661230 0
-10629101 0
-10596573 0
-10563645 0
-10530321 0
-10496599 0
-10462481 0
-10427971 0
-10393067 0
-10357773 0
-10322089 0
-10286016 0
-10249555 0
-10212708 0
-10175477 0
-10137863 0
-10099868 0
-10061492 0
-10022737 0
-9983605 0
-9944097 0
-9904215 0
-9863959 0
-9823333 0
-9782337 0
-9740972 0
-9699240 0
-9657144 0
-9614684 0
-9571861 0
-9528678 0
-9485137 0
-9441239 0
-9396984 0
-9352377 0
-9307417 0
-9262107 0
-9216448 0
-9170442 0
-9124090 0
-9077396 0
-9030360 0
-8982983 0
-8935269 0
-8887218 0
-8838831 0
-8790113 0
-8741063 0
-8691685 0
-8641979 0
-8591949 0
-8541594 0
-8490917 0
-8439922 0
-8388607 0
-8336978 0
-8285035 0
-8232780 0
-8180215 0
-8127341 0
-8074163 0
-8020679 0
-7966895 0
-7912809 0
-7858426 0
-7803747 0
-7748775 0
-7693510 0
-7637956 0
-7582114 0
-7525988 0
-7469576 0
-7412885 0
-7355915 0
-7298667 0
-7241144 0
-7183349 0
-7125283 0
-7066950 0
-7008349 0
-6949486 0
-6890360 0
-6830976 0
-6771334 0
-6711437 0
-6651287 0
-6590887 0
-6530239 0
-6469345 0
-6408207 0
-6346829 0
-6285210 0
-6223356 0
-6161267 0
-6098947 0
-6036396 0
-5973619 0
-5910616 0
-5847391 0
-5783945 0
-5720283 0
-5656405 0
-5592313 0
-5528011 0
-5463501 0
-5398785 0
-5333867 0
-5268747 0
-5203428 0
-5137915 0
-5072207 0
-5006309 0
-4940222 0
-4873949 0
-4807493 0
-4740855 0
-4674040 0
-4607048 0
-4539882 0
-4472546 0
-4405041 0
-4337370 0
-4269536 0
-4201543 0
-4133390 0
-4065081 0
-3996620 0
-3928008 0
-3859248 0
-3790343 0
-3721296 0
-3652107 0
-3582782 0
-3513322 0
-3443730 0
-3374007 0
-3304158 0
-3234185 0
-3164089 0
-3093874 0
-3023544 0
-2953098 0
-2882543 0
-2811878 0
-2741108 0
-2670234 0
-2599260 0
-2528188 0
-2457020 0
-2385761 0
-2314412 0
-2242975 0
-2171454 0
-2099851 0
-2028170 0
-1956411 0
-1884579 0
-1812676 0
-1740705 0
-1668669 0
-1596569 0
-1524410 0
-1452192 0
-1379921 0
-1307598 0
-1235225 0
-1162805 0
-1090342 0
-1017838 0
-945295 0
-872717 0
-800107 0
-727466 0
-654797 0
-582104 0
-509388 0
-436654 0
-363904 0
-291140 0
-218364 0
-145580 0
-72792 0
0 0
72792 0
145580 0
218364 0
291140 0
363904 0
436654 0
509388 0
582104 0
654797 0
727466 0
800107 0
872717 0
945295 0
1017838 0
1090342 0
1162805 0
1235225 0
1307598 0
1379921 0
1452192 0
1524410 0
1596569 0
1668669 0
1740705 0
1812676 0
1884579 0
1956411 0
2028170 0
2099851 0
2171454 0
2242975 0
2314412 0
2385761 0
2457020 0
2528188 0
2599260 0
2670234 0
2741108 0
2811878 0
2882543 0
2953098 0
3023544 0
3093874 0
3164089 0
3234185 0
3304158 0
3374007 0
3443730 0
3513322 0
3582782 0
3652107 0
3721296 0
3790343 0
3859248 0
3928008 0
3996620 0
4065081 0
4133390 0
4201543 0
4269536 0
4337370 0
4405041 0
4472546 0
4539882 0
4607048 0
4674040 0
4740855 0
4807493 0
4873949 0
4940222 0
5006309 0
5072207 0
5137915 0
5203428 0
5268747 0
5333867 0
5398785 0
5463501 0
5528011 0
5592313 0
5656405 0
5720283 0
5783945 0
5847391 0
5910616 0
5973619 0
6036396 0
6098947 0
6161267 0
6223356 0
6285210 0
6346829 0
6408207 0
6469345 0
6530239 0
6590887 0
6651287 0
6711437 0
6771334 0
6830976 0
6890360 0
6949486 0
7008349 0
7066950 0
7125283 0
7183349 0
7241144 0
7298667 0
7355915 0
7412885 0
7469576 0
7525988 0
7582114 0
7637956 0
7693510 0
7748775 0
7803747 0
7858426 0
7912809 0
7966895 0
8020679 0
8074163 0
8127341 0
8180215 0
8232780 0
8285035 0
8336978 0
