0 0
0 0
0 0
0 0
0 0
0 0
0 0
0 0
0 0
0 0
0 0
0 0
0 0
0 0
0 0
0 0
0 0
0 0
0 0
0 0
0 0
0 0
24089600 0
1634816401 0
0 0
0 0
0 0
0 0
0 0
0 0
0 0
-1899842899 0
0 0
0 0
0 0
0 0
0 0
0 0
0 0
0 0
0 0
0 0
0 0
0 0
0 0
0 0
0 0
0 0
2009981219 0
-128947287 0
0 0
0 0
0 0
0 0
0 0
0 0
0 0
755905795 0
613301378 0
0 0
0 0
0 0
0 0
0 0
-2118382006 0
0 0
0 0
0 0
0 0
0 0
0 0
0 0
0 0
0 0
0 0
0 0
0 0
0 0
0 0
0 0
0 0
0 0
0 0
0 0
0 0
0 0
0 0
0 0
0 0
0 0
0 0
0 0
0 0
0 0
0 0
0 0
-1714962406 0
0 0
0 0
0 0
0 0
0 0
0 0
0 0
0 0
0 0
0 0
0 0
0 0
0 0
0 0
0 0
0 0
0 0
0 0
0 0
416167468 0
0 0
0 0
0 0
0 0
0 0
0 0
0 0
0 0
0 0
-1553643565 0
0 0
0 0
0 0
0 0
0 0
0 0
0 0
0 0
2459777034 0
0 0
0 0
0 0
0 0
0 0
0 0
0 0
0 0
0 0
0 0
0 0
0 0
0 0
326017941 0
0 0
0 0
-478950941 0
0 0
0 0
0 0
0 0
-2215266181 0
0 0
0 0
0 0
0 0
0 0
0 0
-2737711951 0
0 0
0 0
0 0
0 0
-2873269799 0
-1620821723 0
0 0
0 0
0 0
1133775926 0
0 0
0 0
0 0
0 0
0 0
0 0
347519293 0
0 0
0 0
0 0
0 0
0 0
0 0
0 0
0 0
0 0
-644744122 0
0 0
0 0
0 0
0 0
0 0
259982596 0
0 0
0 0
0 0
2821097406 0
0 0
0 0
0 0
0 0
0 0
0 0
0 0
0 0
0 0
0 0
0 0
0 0
0 0
0 0
0 0
0 0
0 0
0 0
0 0
0 0
0 0
0 0
0 0
-1249393693 0
-1885771267 0
0 0
0 0
0 0
1101221738 0
0 0
0 0
0 0
0 0
0 0
0 0
0 0
0 0
0 0
-233393561 0
773488417 0
0 0
0 0
389424882 0
0 0
-1147764209 0
-2463060079 0
0 0
0 0
0 0
0 0
1919734454 0
0 0
222376796 0
0 0
0 0
0 0
0 0
0 0
0 0
0 0
0 0
0 0
0 0
-730182611 0
0 0
0 0
0 0
0 0
0 0
1806354312 0
0 0
0 0
0 0
0 0
0 0
0 0
0 0
0 0
0 0
0 0
0 0
0 0
0 0
0 0
0 0
0 0
0 0
0 0
0 0
0 0
1448256340 0
0 0
0 0
0 0
0 0
0 0
0 0
-22615482 0
-559939856 0
0 0
0 0
0 0
0 0
-1411815654 0
0 0
0 0
88541018 0
0 0
251998738 0
0 0
0 0
467662844 0
-80897060 0
130228285 0
-555978139 0
0 0
0 0
0 0
0 0
119817511 0
0 0
0 0
0 0
0 0
0 0
0 0
0 0
0 0
0 0
0 0
0 0
0 0
0 0
0 0
0 0
0 0
0 0
0 0
0 0
0 0
36562822 0
0 0
-534759224 0
-64703534 0
-553553665 0
0 0
0 0
0 0
0 0
0 0
0 0
0 0
5533747 0
0 0
0 0
0 0
0 0
0 0
-123818057 0
0 0
0 0
-145911125 0
0 0
0 0
355032758 0
128717499 0
-126661588 0
0 0
0 0
-43404139 0
0 0
0 0
0 0
0 0
-128458474 0
0 0
0 0
45792974 0
0 0
0 0
0 0
0 0
0 0
0 0
-26987684 0
0 0
0 0
0 0
0 0
0 0
0 0
0 0
0 0
0 0
0 0
-247035216 0
0 0
215143408 0
0 0
0 0
0 0
6849187 0
80072607 0
-24910882 0
151566842 0
147583629 0
-197769843 0
0 0
254745247 0
0 0
0 0
0 0
0 0
0 0
-367883781 0
0 0
0 0
-691715924 0
0 0
0 0
-344903814 0
0 0
0 0
604416263 0
649424819 0
0 0
0 0
0 0
438228744 0
-189940384 0
0 0
0 0
0 0
0 0
0 0
0 0
0 0
0 0
0 0
0 0
-633884470 0
0 0
0 0
0 0
0 0
0 0
0 0
0 0
-299820523 0
0 0
-136790697 0
-67537942 0
-95252935 0
0 0
0 0
0 0
0 0
0 0
0 0
-734200945 0
0 0
0 0
0 0
0 0
0 0
0 0
-903057895 0
0 0
0 0
0 0
0 0
0 0
0 0
0 0
0 0
0 0
0 0
0 0
-1727141489 0
-627869319 0
0 0
0 0
0 0
0 0
0 0
0 0
0 0
0 0
0 0
0 0
0 0
0 0
0 0
0 0
0 0
0 0
0 0
0 0
149880709 0
0 0
0 0
0 0
0 0
0 0
0 0
-1693165919 0
0 0
0 0
-1243761880 0
-392100021 0
-946619325 0
1120072839 0
0 0
0 0
0 0
0 0
0 0
0 0
0 0
0 0
0 0
0 0
1371080673 0
0 0
-1624493386 0
0 0
0 0
0 0
0 0
0 0
0 0
0 0
0 0
0 0
0 0
0 0
0 0
0 0
2514364178 0
0 0
0 0
-1043124661 0
-2162080600 0
0 0
1452394037 0
0 0
0 0
-896880895 0
-1578169895 0
0 0
0 0
0 0
0 0
0 0
90824834 0
0 0
0 0
0 0
0 0
0 0
0 0
0 0
0 0
0 0
0 0
0 0
-2662827293 0
0 0
0 0
0 0
-1043886404 0
-257911352 0
0 0
0 0
0 0
0 0
0 0
0 0
-2651189913 0
-1048367772 0
0 0
0 0
0 0
0 0
0 0
0 0
0 0
0 0
0 0
0 0
0 0
0 0
-2237944114 0
0 0
1693252940 0
1996968236 0
2561646949 0
0 0
0 0
0 0
0 0
0 0
-1689686798 0
0 0
0 0
0 0
-386249162 0
-732410953 0
-2866104778 0
-2488902646 0
0 0
0 0
0 0
0 0
0 0
-678781936 0
-416840645 0
257377258 0
-356009632 0
0 0
285982147 0
0 0
0 0
0 0
0 0
0 0
0 0
0 0
0 0
0 0
0 0
0 0
0 0
-26113381 0
0 0
-1992398772 0
0 0
0 0
0 0
0 0
0 0
0 0
0 0
0 0
0 0
0 0
0 0
229119991 0
0 0
0 0
0 0
0 0
749454055 0
0 0
1638295291 0
1047539751 0
0 0
0 0
0 0
0 0
0 0
0 0
0 0
0 0
-144432058 0
93318384 0
0 0
0 0
0 0
0 0
1948346870 0
0 0
-1692757174 0
0 0
-734996524 0
-117450538 0
0 0
0 0
7208083 0
0 0
184805346 0
-2586168192 0
0 0
0 0
0 0
0 0
-1895464444 0
0 0
-1535553325 0
0 0
0 0
0 0
0 0
0 0
0 0
0 0
0 0
0 0
0 0
0 0
0 0
442832789 0
0 0
1862153190 0
0 0
0 0
2204602857 0
554194049 0
911719198 0
0 0
0 0
0 0
0 0
0 0
0 0
0 0
0 0
758922168 0
1541740530 0
-906287451 0
1663868252 0
0 0
0 0
0 0
0 0
0 0
0 0
0 0
0 0
0 0
0 0
-234082826 0
-242508157 0
1784735497 0
0 0
642501624 0
0 0
0 0
0 0
12866044 0
-1650339642 0
0 0
0 0
0 0
660497823 0
612378315 0
0 0
0 0
0 0
0 0
-474245354 0
0 0
0 0
0 0
0 0
0 0
0 0
0 0
0 0
0 0
0 0
0 0
0 0
0 0
0 0
0 0
0 0
0 0
0 0
0 0
676167479 0
0 0
0 0
0 0
0 0
0 0
0 0
0 0
0 0
0 0
0 0
0 0
0 0
0 0
0 0
0 0
0 0
0 0
0 0
0 0
0 0
0 0
0 0
0 0
0 0
0 0
0 0
1220906482 0
445234216 0
0 0
317302205 0
0 0
0 0
0 0
-131832659 0
0 0
0 0
-851583709 0
0 0
-260920453 0
0 0
-239907880 0
0 0
0 0
0 0
0 0
-149485132 0
0 0
0 0
0 0
0 0
790404145 0
0 0
0 0
0 0
0 0
0 0
0 0
0 0
0 0
0 0
0 0
430723865 0
0 0
0 0
0 0
0 0
0 0
0 0
0 0
0 0
0 0
302194582 0
0 0
0 0
241650700 0
572987113 0
0 0
0 0
0 0
0 0
0 0
0 0
0 0
0 0
0 0
0 0
0 0
0 0
0 0
0 0
0 0
0 0
0 0
0 0
0 0
0 0
0 0
0 0
0 0
0 0
0 0
0 0
0 0
0 0
0 0
0 0
0 0
0 0
0 0
0 0
0 0
0 0
0 0
0 0
-114241749 0
0 0
0 0
0 0
0 0
0 0
20669525 0
0 0
0 0
0 0
0 0
0 0
0 0
45567992 0
-15373450 0
0 0
0 0
0 0
0 0
0 0
0 0
0 0
0 0
0 0
0 0
0 0
0 0
-321991739 0
-31614509 0
0 0
177891403 0
0 0
0 0
181842377 0
0 0
0 0
0 0
0 0
-448331981 0
0 0
0 0
0 0
0 0
0 0
0 0
0 0
0 0
0 0
0 0
0 0
-61591504 0
0 0
0 0
0 0
0 0
0 0
0 0
0 0
0 0
0 0
6863449 0
0 0
0 0
0 0
-895892045 0
0 0
0 0
0 0
-745203463 0
-704500677 0
-657926389 0
0 0
-302948829 0
-1011699913 0
0 0
0 0
0 0
0 0
0 0
0 0
0 0
0 0
0 0
0 0
0 0
0 0
-1391595929 0
0 0
0 0
0 0
0 0
0 0
0 0
0 0
-552870314 0
42331084 0
0 0
-797687087 0
0 0
0 0
0 0
327917129 0
-355648910 0
-415426198 0
0 0
0 0
0 0
0 0
-1300929590 0
0 0
0 0
0 0
0 0
0 0
0 0
1001779257 0
0 0
0 0
0 0
0 0
0 0
0 0
-304261080 0
0 0
240469438 0
0 0
0 0
-1557078407 0
0 0
0 0
0 0
0 0
0 0
0 0
0 0
-214058882 0
-422814057 0
0 0
0 0
-1601297451 0
0 0
0 0
0 0
0 0
0 0
0 0
0 0
0 0
0 0
203060681 0
1600006489 0
0 0
0 0
0 0
0 0
0 0
0 0
0 0
0 0
0 0
0 0
0 0
0 0
0 0
0 0
0 0
0 0
0 0
1177738285 0
0 0
0 0
0 0
0 0
0 0
0 0
0 0
0 0
0 0
0 0
0 0
0 0
-321813623 0
-2264092882 0
55954631 0
0 0
0 0
0 0
0 0
0 0
0 0
0 0
0 0
0 0
0 0
0 0
0 0
0 0
0 0
1026857060 0
88160798 0
0 0
-799091984 0
0 0
0 0
0 0
0 0
0 0
0 0
737282172 0
0 0
0 0
0 0
2607999012 0
0 0
0 0
1136658155 0
0 0
0 0
0 0
-176320098 0
0 0
0 0
0 0
0 0
0 0
-2487738986 0
-1792661566 0
940544328 0
0 0
764813346 0
0 0
-2600703142 0
0 0
0 0
0 0
0 0
0 0
0 0
0 0
601227669 0
-2016756628 0
0 0
0 0
0 0
-2308720326 0
0 0
0 0
1379655898 0
0 0
0 0
0 0
1531740066 0
0 0
0 0
0 0
-1426345892 0
-26216952 0
1782932004 0
0 0
0 0
0 0
0 0
0 0
0 0
1208704959 0
0 0
0 0
0 0
-1494244152 0
-433338117 0
0 0
-1074682555 0
80466792 0
0 0
586542415 0
0 0
0 0
0 0
0 0
0 0
0 0
0 0
0 0
0 0
0 0
0 0
0 0
0 0
0 0
0 0
0 0
0 0
0 0
0 0
0 0
0 0
0 0
0 0
-175320459 0
0 0
0 0
0 0
0 0
0 0
0 0
-1761540699 0
0 0
0 0
0 0
0 0
1910578419 0
0 0
0 0
1540411276 0
0 0
0 0
0 0
0 0
-510808355 0
1671104132 0
2076438902 0
0 0
-233723312 0
0 0
502683001 0
0 0
0 0
0 0
0 0
0 0
0 0
0 0
1091766938 0
0 0
0 0
446180519 0
0 0
0 0
0 0
0 0
1924805611 0
0 0
1696659491 0
0 0
659891969 0
0 0
0 0
0 0
0 0
0 0
0 0
0 0
0 0
0 0
0 0
-297336064 0
0 0
-1975417384 0
0 0
799760316 0
0 0
0 0
0 0
0 0
0 0
0 0
0 0
0 0
0 0
0 0
0 0
0 0
-18752411 0
-2195390965 0
0 0
0 0
0 0
0 0
0 0
0 0
0 0
0 0
0 0
0 0
0 0
0 0
0 0
0 0
0 0
0 0
0 0
0 0
0 0
0 0
0 0
0 0
0 0
0 0
0 0
0 0
0 0
0 0
0 0
0 0
0 0
0 0
1209390328 0
0 0
0 0
0 0
0 0
0 0
0 0
0 0
0 0
0 0
0 0
0 0
0 0
0 0
-816738223 0
0 0
-190914704 0
0 0
0 0
0 0
0 0
0 0
0 0
1522623968 0
0 0
0 0
0 0
1282841793 0
0 0
0 0
0 0
0 0
0 0
0 0
0 0
0 0
0 0
0 0
0 0
0 0
1015582172 0
0 0
0 0
0 0
0 0
0 0
0 0
0 0
0 0
530181132 0
0 0
0 0
0 0
0 0
0 0
0 0
0 0
0 0
0 0
0 0
809893343 0
0 0
0 0
0 0
0 0
-98535022 0
0 0
0 0
0 0
0 0
0 0
0 0
0 0
-187976437 0
-467248956 0
0 0
0 0
0 0
0 0
297662451 0
-135151345 0
0 0
0 0
0 0
0 0
0 0
0 0
0 0
156165561 0
0 0
-356796970 0
0 0
0 0
0 0
-43509551 0
208109379 0
8368978 0
-118311751 0
-42942251 0
-205640163 0
0 0
0 0
0 0
0 0
-35199019 0
0 0
0 0
116306452 0
0 0
0 0
0 0
0 0
0 0
0 0
9430893 0
0 0
8213668 0
0 0
0 0
0 0
0 0
0 0
-66564046 0
0 0
0 0
76916958 0
0 0
0 0
0 0
0 0
-68738963 0
0 0
0 0
-257364480 0
-157971684 0
0 0
0 0
0 0
0 0
0 0
-86189900 0
290931000 0
0 0
0 0
-500555355 0
0 0
-413717357 0
0 0
0 0
238922275 0
0 0
0 0
533580833 0
0 0
0 0
0 0
0 0
0 0
0 0
0 0
0 0
0 0
0 0
0 0
0 0
0 0
0 0
0 0
0 0
0 0
0 0
0 0
-365032949 0
-620149247 0
0 0
0 0
0 0
0 0
211989035 0
127348169 0
0 0
0 0
0 0
-427719754 0
730703728 0
0 0
-918276552 0
-256779023 0
0 0
955082613 0
0 0
-591674612 0
0 0
0 0
-917361077 0
0 0
0 0
0 0
0 0
0 0
0 0
0 0
0 0
0 0
0 0
1183838077 0
1063828460 0
0 0
0 0
0 0
0 0
141355100 0
0 0
0 0
0 0
0 0
0 0
0 0
0 0
0 0
1283155502 0
0 0
0 0
0 0
0 0
0 0
0 0
0 0
0 0
0 0
0 0
1171965734 0
0 0
0 0
0 0
646676856 0
0 0
-352993695 0
0 0
0 0
0 0
0 0
0 0
0 0
0 0
0 0
0 0
0 0
-575495503 0
0 0
0 0
0 0
506216055 0
0 0
0 0
0 0
0 0
0 0
0 0
0 0
0 0
0 0
-589075750 0
0 0
0 0
-435761227 0
0 0
0 0
0 0
2077918 0
0 0
0 0
1795751465 0
0 0
683348621 0
0 0
0 0
0 0
0 0
0 0
0 0
0 0
0 0
0 0
-2574955606 0
-1775146244 0
0 0
0 0
0 0
0 0
0 0
0 0
0 0
0 0
0 0
0 0
0 0
-1441724196 0
-696903076 0
1225871287 0
2341737427 0
0 0
0 0
-1890606815 0
0 0
-2403378468 0
0 0
0 0
0 0
0 0
0 0
0 0
0 0
0 0
0 0
0 0
0 0
1176877784 0
0 0
0 0
0 0
0 0
0 0
2273751754 0
0 0
1387235164 0
0 0
0 0
0 0
0 0
1581512493 0
0 0
0 0
-781974245 0
-2491183833 0
0 0
0 0
0 0
-2045848624 0
0 0
0 0
1584684305 0
0 0
0 0
0 0
0 0
504236648 0
0 0
0 0
-1705821977 0
0 0
0 0
-929221942 0
0 0
0 0
0 0
-190091970 0
0 0
-289338274 0
-335154056 0
0 0
0 0
0 0
3048492372 0
2953368579 0
0 0
0 0
0 0
0 0
0 0
0 0
0 0
0 0
0 0
0 0
0 0
0 0
0 0
0 0
0 0
0 0
0 0
0 0
0 0
0 0
0 0
0 0
0 0
0 0
0 0
-2681636463 0
-2385785321 0
-2246310936 0
0 0
0 0
0 0
0 0
0 0
0 0
0 0
-967904944 0
0 0
0 0
0 0
0 0
1504739712 0
0 0
0 0
0 0
0 0
0 0
0 0
-1831216396 0
0 0
0 0
0 0
0 0
0 0
0 0
0 0
-446678305 0
0 0
-2623838363 0
0 0
874667799 0
0 0
0 0
0 0
0 0
0 0
0 0
0 0
0 0
2305058406 0
0 0
0 0
0 0
0 0
0 0
0 0
0 0
0 0
0 0
0 0
0 0
0 0
0 0
0 0
0 0
0 0
0 0
0 0
0 0
0 0
0 0
0 0
0 0
0 0
0 0
0 0
0 0
0 0
0 0
0 0
0 0
-292217955 0
0 0
0 0
0 0
0 0
-404643468 0
-238399154 0
0 0
0 0
922731664 0
-1602919068 0
0 0
0 0
0 0
0 0
0 0
0 0
0 0
0 0
0 0
0 0
0 0
358344413 0
0 0
0 0
-907156042 0
0 0
0 0
0 0
1016438391 0
0 0
0 0
0 0
0 0
0 0
0 0
0 0
0 0
0 0
0 0
0 0
0 0
0 0
0 0
0 0
0 0
0 0
0 0
0 0
0 0
0 0
0 0
1849447539 0
0 0
0 0
327871907 0
1103170011 0
-336484365 0
0 0
0 0
0 0
0 0
0 0
0 0
0 0
-1222850839 0
0 0
0 0
0 0
0 0
0 0
0 0
-1660167080 0
0 0
290618359 0
1191292654 0
122607114 0
0 0
0 0
0 0
0 0
479615690 0
-840507866 0
0 0
0 0
-209382433 0
0 0
0 0
0 0
0 0
0 0
0 0
0 0
0 0
0 0
0 0
0 0
0 0
0 0
0 0
0 0
0 0
0 0
0 0
0 0
0 0
0 0
0 0
0 0
0 0
0 0
0 0
-391753760 0
0 0
572561903 0
821045709 0
0 0
0 0
263595674 0
0 0
0 0
0 0
0 0
0 0
-200379639 0
0 0
0 0
0 0
0 0
0 0
52530083 0
0 0
0 0
0 0
-471176570 0
-84843035 0
0 0
0 0
0 0
0 0
0 0
0 0
0 0
0 0
0 0
0 0
0 0
0 0
0 0
0 0
0 0
0 0
0 0
0 0
0 0
0 0
101874457 0
0 0
0 0
-50511441 0
-3029630 0
0 0
0 0
0 0
0 0
0 0
0 0
0 0
-98187474 0
0 0
0 0
0 0
130255604 0
14446699 0
0 0
0 0
0 0
0 0
0 0
0 0
0 0
0 0
0 0
0 0
0 0
0 0
0 0
0 0
0 0
0 0
0 0
0 0
0 0
0 0
0 0
0 0
0 0
0 0
0 0
0 0
0 0
0 0
320273959 0
-101616860 0
0 0
0 0
0 0
0 0
0 0
0 0
96609695 0
0 0
0 0
-111784971 0
0 0
0 0
0 0
612648728 0
0 0
0 0
0 0
0 0
0 0
0 0
236367325 0
361506826 0
0 0
0 0
0 0
0 0
0 0
0 0
0 0
0 0
0 0
0 0
0 0
0 0
0 0
0 0
0 0
0 0
0 0
0 0
0 0
0 0
0 0
0 0
630068071 0
0 0
0 0
0 0
0 0
0 0
0 0
0 0
0 0
0 0
0 0
538200780 0
0 0
0 0
0 0
0 0
0 0
0 0
0 0
0 0
0 0
0 0
0 0
0 0
0 0
-593653663 0
266592880 0
-845219180 0
0 0
0 0
0 0
564844356 0
0 0
-865180818 0
0 0
0 0
0 0
0 0
0 0
0 0
0 0
-258090250 0
