-1545698695 731957338
-644979971 -1583405838
-1376426029 1494059453
-1481072554 -872019851
1302228121 283259633
-372125534 -109172326
840154501 -1709469684
-1592608348 671510547
-2107387223 1420129257
-1452078444 -1819802729
1995025248 -1374474394
490798338 258467721
1826320285 -1167071858
-1740894400 1267129606
-903244675 -1798405857
1228989188 1386712695
-1067118054 -1314544452
2108041349 1813340512
-1283947363 375957746
-64188379 -1205371922
742980460 -2081359983
1817135657 -770459616
969646488 -948242707
814311098 631512399
2041352819 1533880350
2098542958 -1554905369
-1903247429 -1380357158
-1090473864 1807628792
1717297965 -1714079595
-2130693334 -1382630880
-2009260864 992671510
-1493909828 -128455752
1832933959 971873767
-1736795567 725898700
-1901143211 -279702815
410621975 1377898323
-1820232105 412705366
995928186 -1929194571
627640946 1818301854
1581261074 149315260
-1410336797 749496292
683281607 2047803322
1307535825 1374965144
-1186012986 1780602246
-1448183369 -1299752797
437158516 1453659479
-1491114818 2021125478
826146961 452286492
1593752935 17809804
186658375 -289709681
-1036980916 -1724906757
1239541814 -701018536
-1143389909 941758818
725387505 192931528
1660435719 -1798118237
1568785853 -729765544
1944653154 582634437
720763412 -131188433
1112211424 -635215377
-799888329 -339983606
1305510080 -1948256981
-667255654 -895937840
1253524646 2082210248
-1867914337 -1380918956
-375475028 -1245864446
-2036014145 -1548418939
889134192 325282813
1974654333 113874006
1904800818 2002351883
-1106619757 1337785219
-2012141743 1035905021
-2024929860 1009535292
178137585 222098080
2055731454 700908202
-1255405608 -2119972040
-1069580832 1507603161
705333470 854893920
-1296215774 652749498
1945883477 -1606046279
1228404913 411608912
848989250 -1960834488
-1194121110 1213205424
-1120222682 -988026076
1931850179 -2024295198
216557988 -616068478
2031831699 -2108173544
-431295213 1586636865
151816037 -789056956
1461452838 -1032812388
-681759652 532883770
-579325845 -1217203679
-1657119067 -516799240
1298198551 815659388
-1896429219 879596944
169295721 1423268922
-2143964771 -8593918
-1444737555 208318613
2025334327 -1128174956
-279068847 405669236
1427409329 -2030227117
-1667531261 -716735124
16758847 530547717
1608619726 1598511865
-1676146143 -422999176
-956825939 -1906407240
-110156484 -209840339
-1003752322 1830572378
-435763293 -65295404
1471012206 -1202050242
697195216 -1699275161
-1312487262 -209280482
-1690523550 785484181
-1901145759 -976801932
-484097742 415255165
1691714692 1377110590
341360819 -525762355
893199233 -598124874
2128313381 1585700356
-1903384559 -2049736800
575526966 1436009471
1040478323 -2096125438
-1472536840 1475586926
-1171377497 -1658548841
876472599 -953622266
1775325363 -396626375
-1407540925 -551958146
-557360524 -541314097
-780310253 -1550826990
880456462 185295858
-2108273701 739036858
1598246363 789773577
-2070334172 -84375166
-174550697 -1918050700
-1639414614 327012774
991760403 1589650282
130046239 1610884398
-766945015 -171003183
-785245303 1809056785
-1916657552 -1306453541
1899312554 -1735417794
1208073095 -1575503015
1927285522 743094894
1953873382 -1226754360
-1640892102 -568592949
1673145662 1371352384
1675383239 200304849
-1745477281 -649854575
1814487226 -1537470213
1338849441 1223902123
278576604 -46119991
1929237527 1379399919
-100750863 -202093867
-1092217609 749842455
1049681233 1588999942
1573677186 -83706295
-1914708281 -1427944187
-1509923496 -1723496618
-645341673 -946218664
155360658 1467812613
502616104 1682334512
2099103594 488225964
-849894925 918645249
-1693236130 217323892
-126319389 -527895106
-1364566882 -619496431
-1073773709 -1807745471
1700675553 -1561715490
-2023572615 -365266848
-1750988443 -1468843898
-1298028706 -799712328
-1076425237 -108809397
1195174737 -132699020
-1032439205 -165589319
1934587255 -190361098
872472530 -37742087
-1444966571 1858641862
-1895460459 -277358028
571033829 41945543
1485583381 1972359258
-1543952494 -1020908596
-1684685935 991330978
-554783125 814108757
674637524 -1672878396
1450609564 -2116282002
-1406158300 1268423110
354894965 -1587573553
-1310183356 1608214122
-85165531 85877906
1672819664 -904802340
1851143606 1106037637
-510330503 -1965586780
587549093 -1079773144
-602519487 2075770247
1707624470 687130490
-1524011221 299459919
-1329475640 -1591472586
1719914368 -1566626162
1239842927 -1038203969
-776902988 923480291
1700445804 -2066513911
1971204151 2128157501
1269264060 943882432
-1434928149 -1655693734
-405404669 884707668
-1068459568 -1796436958
-1044435370 452429801
2082445287 1213078681
-1538356595 -1830626296
-1976822314 -725518248
706101014 355045058
1649116438 -667588049
-1043172852 -1822708667
295982775 -749433882
1596856631 1997170112
-1602211738 946042089
328634688 88370688
1985910961 231977877
-515205153 1315934849
890053498 -1267060318
1024518336 -1760614307
-565818451 885466798
1278267201 1942459479
982307135 -834003127
1975345229 918797003
255624055 -681670297
-259620101 -807296181
-1592939620 -24158210
-1859094947 -521130340
-541407807 765445096
1716110786 -653921221
1270304354 -309511728
188870033 1805546442
1404108917 2023165818
247458722 2108243634
4815178 -764304801
1913761141 -1412549414
1020755308 191224218
-1841566601 -1746135567
-1697097026 -1506448243
487583964 -859299371
412423488 -625918878
755776515 -44638075
-1702364946 2083382528
1138271068 380224586
1344098544 -980440649
1413306681 -1872270212
28645941 -1112015790
-1063338681 -1274260655
-1625187632 -1465616977
-437231253 1098683936
-853314756 -573728574
1366877283 1441558342
1259398425 614902715
-581815484 -1534429457
628808219 -409110891
-871238177 631270700
1928131957 -1547011367
978864318 709816641
2144816754 -1876944303
1918925882 -209321114
101667613 1248448046
992145787 1444068284
1159030016 1892935899
-323969182 28012808
1475915623 -1671415362
612080822 -1386169478
2033434436 -2120281894
-714512071 612536651
-898561974 1576629638
-1163427967 1827022313
1163762435 555258611
1322042704 676449832
-1774533821 2005053731
-1710772738 -1675441279
-1997256540 -1738436619
1753094521 693925818
-2046890722 -1808373525
1868547810 -641297326
123912202 -1466181592
1444434822 -1366934109
1022181008 2113673471
1449171827 -1115517575
112644102 601721119
1023666345 1726615404
-1179609661 -1131724199
-1569740033 1823089421
-1334075067 -1492967127
1317091782 1859390598
-49852367 -785669754
-692996939 1065065714
1028049990 -302388793
-113956091 1898658835
950964166 963197177
-1614626207 -1175076432
392628136 1771788290
-1957183035 -726244406
-85858112 1779689117
1420273912 1494988035
2139153212 -1475495233
871971268 -904068161
110255302 -913539356
-1713102514 1881799079
209073670 -17506627
-1253278089 887969485
-1146287623 -1740200296
-1498665967 -643726312
1999401397 1152217542
-1208950685 1532024273
-278933899 418182946
2138153943 -1075336222
1107440450 -701185452
-609985992 1913562687
1208122881 -1742594327
1088247985 -304628700
-462387615 325022589
-229223673 453361028
-1315143256 345015445
-323639010 -1951937958
-2125463622 -277136217
972005626 -718906114
155160199 2106536702
-417203077 641930142
1082326666 1788997006
1207442507 -1979155622
-512646198 -1728002192
1712159604 1080168953
-1739959067 1897149625
320135925 48930222
1796172594 -1563711293
-1901455285 1997128848
1676135460 -2083131022
525149681 930761556
1423844141 1759299166
-196761162 2001367790
347354060 -468353010
-324426936 -1844265723
1640946328 -233141730
-1806805877 -1819497394
2066511152 1080547976
1671086183 525548903
-1816939690 -1333619599
742662599 -837888875
786969539 -685528585
-1478388240 -1871687877
77487197 -1633712205
361178637 -554207133
-893610933 -800428374
2028547531 -1445439327
-1617444141 -1659918565
-482823354 834156675
-1921694495 -255559649
1911322826 141236705
1787155972 -2134273981
-803236827 -492688469
-623258989 644636574
-1684634451 -308676332
1486431924 -1730616513
200961638 1021955725
1961259464 1671673660
-1770303201 -544463432
-982880049 386190120
1378646797 1942027650
-1991861844 2120677828
-1468475032 665547192
2042530546 -1260367511
502576247 1885782181
1014077672 1263557076
1072692778 -198551913
-119065862 -794685288
-235017777 1862669304
-929639467 -443988718
431952410 -817123498
-725192570 1076929228
1536880152 -1670936675
366869939 484843524
-1061121607 -1179444149
-988758347 -862436247
1574187229 -759187975
143616046 1413865260
946842859 108763327
-1373949566 539286345
405122417 1019324870
-1988691244 -1965424045
-912810939 1117375877
-1364460404 1551491678
1534138780 402368444
1583333564 -28249780
-1004867600 -788975937
1877462858 -1609347575
-515998129 -1145707233
-1987788759 -563174485
-1881061034 -1752328706
1847916133 2025516203
1255731068 -1696083074
-1929390132 503735041
-1933959357 -1836894702
31226650 733805604
620231485 1571974743
647871464 -1007286998
-951505553 -703712460
1445920882 -112524531
-286204817 1178551301
774116898 -1861400410
513357258 -554993809
-805436285 342895716
363086357 -226005374
-1004873622 208519171
-209781548 -532139837
700934607 252135377
-1533481814 -1032831067
-1405064053 271146067
-1408479907 1397616766
1706281858 958531987
1215135331 1981225972
-1485362087 -61008273
1431794605 -1447398855
1499038537 -165640326
-1481143152 -2020180409
1701087712 1880990761
1103135015 1192000367
-789191910 1979276423
-350927619 -179033880
371034974 684473561
-1940449240 1491058278
301160345 -1608663689
-665179605 -1051732974
-1304205823 -497577197
1862965303 1668795291
1014570333 1974647311
1952097067 -1187228189
299947612 -1412524297
666119149 -193880823
1094189988 -1552478023
-1976446328 455370052
1008196242 -851143078
792386118 -2087576915
209074704 -2126828621
-2145857429 -566512772
1282386093 -1291617421
1623355880 -645847679
2040570065 2129049355
1205534342 -347508275
720602205 565849915
-1665739944 1303314648
-857744539 1542607928
-1799092732 -1610173720
1823017227 1044344092
-324802925 1819804100
2042453329 507512862
1013855978 1745589327
344913560 193181286
-1082820314 1623133355
-560708904 799395373
-758310773 874551077
427540413 -265798790
-1887906697 -1414621863
1091075320 -1354684470
1682489560 -973258581
-1450975077 -1045398376
241294207 -1685634530
1172522944 1534658886
206095139 934703007
1246445907 -1267024612
1530149661 -793981659
315017890 -2012826771
-1126469555 723528467
1456969953 -2064820878
1976558128 -200129997
1045255461 250262263
-411589675 1859268397
-1994001547 -1874352034
-2007447246 1393648202
-1337330166 -1092584903
-1384948655 -1052749963
1090361360 2001991253
-1877711848 -634511401
481666667 1777212912
-1120843033 655051512
484482295 -818079742
1824226351 1639326695
1012778186 1185455968
635382373 156486868
2144774180 1710435697
1659648874 329343171
-896584862 665800874
1193705523 2136734292
-1499425128 -5748219
2140662905 -295700745
673029367 -1289593464
-1348399122 1262588973
-165259806 -2016272089
-206202788 881139772
437285531 -1283099207
-1053619327 1943367503
-2104374263 -20801946
1638733681 2109533644
-2010832109 1274136113
580239502 -764442237
-2140357220 -366050332
1255388044 629856600
299087707 -461344389
1280944148 991282982
-614064910 -1110002625
-23647219 1808537261
-1927000333 1202120527
1270362352 -1923795857
-1163270935 1236848142
263377875 1484217700
10966641 -990804353
731356392 1275426395
-4297244 1263607658
-537721247 932249500
781311677 165307760
-448928533 -664334360
-1939042703 -1494581741
1278999831 -91022730
1589249821 -1028659141
-2005308045 -1049788242
-487700902 425349925
-2063033093 -1067135953
-179813688 131981049
-337988792 -2119863793
1885704567 -1861304181
-1743693397 -1710223034
-296812755 -983547934
1460310377 -1119580812
1326885980 174341708
-651797362 930060712
819518656 -694639010
-1711314128 -1566404453
2011035177 -1819301718
1730646528 -292044177
-1046507941 -648645602
1630377562 -759052436
1908075005 461177729
1799236497 -173856901
99102741 2016517544
995603359 -1549856625
71815027 1845122152
-1557356718 -1284935596
-634657707 -1539947258
623002891 -97044542
-1841142576 1118690326
-337235225 1228008639
855018852 983679648
-1656366003 360065438
-804019918 -421185774
596773212 -1491320974
-933850985 694629362
460102999 287657099
220661406 1090113012
-1534280138 -1985500947
1484289087 185184004
950527978 -1633979018
1162582739 -2105242670
-1804493431 684447503
-725374637 651562647
-1085461803 1327222859
832160689 -506458902
1585021719 2113098632
1722965837 1704911880
-2000970453 223662830
1351416652 1130058155
-356354281 -590240597
1733410569 -677468165
-1882635997 1295811245
-754195810 -1506523634
1270503501 -878213160
1508932617 573949613
-861642818 1508309041
223528322 28259402
1149455153 1798426525
-268330436 1075737233
-191353834 390301185
-2144665421 -7028469
879272642 1184646116
-307627591 -1541345915
1932309946 -1223206225
233957042 1627718709
1708234976 1879423187
1350042743 659270012
765583231 27103916
2008030632 -2004855288
-702040385 -66898940
-1125047931 -1639715963
-94969483 1661051380
-1379784430 1478153856
771192646 116299173
-679569861 1302654260
2072935084 1721329191
863468030 -1160541319
1377266914 1137058639
326918403 -341709181
925541452 2027105667
920911968 726750536
-1141988900 -297432204
-199839201 -1042472802
-182189107 -1280497728
-886023581 -987194579
779178589 224035659
-179862238 -1386556316
1448345568 2049622448
990705425 -1022728841
1756632863 961762666
1020023194 204519653
-1305149117 1558865938
-1745348956 -19654722
129863332 -857350560
919533344 -641063228
822095677 -294690557
1589000071 472469722
869187321 918967424
-1744363024 -2038379257
637647371 -1544435772
1956647264 1928323180
1961327911 1337554738
-85598520 1370037282
-139274651 624065648
821895967 -524439057
605212660 -788727241
1045910274 -792265930
1110594057 -1343423506
233971335 -437430934
-1436561240 -1092849500
-1946488526 -933596126
1172135098 -29490646
1210332715 -1719817173
-1294081799 1129524015
267544910 -548447357
1539027651 2024138599
1070040140 -1350098815
-895432794 1193117953
1438327980 1428675936
-1979586806 1856213310
1674655042 -2045080350
1171840691 -1153367048
2054696172 1343537831
827754090 581323238
-1969189560 -982695224
-28513617 1323209746
-1492010851 1004764881
-777311827 -947866505
-936709823 818773677
1337888170 -996298620
1072854013 1925903945
1334022238 -808634563
1746635630 -1693321798
1952528660 -137782469
-208537863 59934668
1016722088 -1178981734
-575400558 1991364432
920778738 -1952402703
2061037353 1818244966
-1330186406 -527588059
-716910400 185004983
-799317737 1693485978
-1230842447 66787568
-86478722 -658291898
529236392 -2113423243
-554712398 601698094
1218044568 -1892052315
10307549 175633839
1733567601 1275530017
2113449750 830522437
-1725364107 -1344632992
-493398036 1272970698
-288959972 392402426
-954004357 887102282
1295859442 2078296270
1876851885 1849365275
-804080991 1810262282
-1844494869 885104356
-1020321541 -384358217
1501958102 -1052899674
1063831466 159657062
-484052282 -845029883
585576615 -52912966
-493006117 578243431
-1862102605 1254525893
-2042893701 194216756
-463890363 458636012
1743788903 -1771492687
530759398 -665899305
1652083540 242165000
-770267565 -144935988
-1602201638 -2139579161
1933257752 -1894173167
1596923583 -58079874
1467785548 -67180164
-1117235356 45699498
386316300 752667487
1159725711 1906538998
-403579740 -94897276
1415695523 183874623
-94014829 -1401599704
-1593547516 -1437683015
2071056230 817530946
2009250534 136581291
-1161705868 1475721214
1558760019 1308448475
-367978640 777046930
697153874 -2108245016
629031380 589549219
340969299 -679045975
1444931017 -1153627297
100647400 -1529536267
-613399539 801416875
-1391852498 -720003843
-1350951426 -354225810
-760905638 331080287
103271911 -812362855
1612910934 -635064793
817750390 1952937891
695324414 -522792432
-1207491447 -537326092
1482809800 2092794390
1493818805 -1999131833
-1713658005 271064560
-1733575615 -1024987703
-439938662 -166572130
-1619764764 383628044
-644239553 1373287434
-1282278470 -60687811
-1722392888 -1563053907
1290864641 673975620
-548272140 284346590
1612652529 1791711867
1596143789 1633139980
-1981608633 -1854844233
1288427258 -1601071999
-763084860 -1226117424
-1999691329 -1274395766
526081619 195726704
909474066 -712788694
192761402 11812815
141647205 -1653270940
-1444430750 -1029905425
-927505780 378843298
1620776353 31276672
1768473759 -827238813
-114442401 -969626578
-637611559 626435563
-54604308 1494490665
-966371694 1586210007
-2090423932 1634765261
87275918 -1473244765
-282511738 -304345276
-242086998 -304577936
1849544830 -1673186939
-326016290 1089163747
-1875674928 739214434
1132016335 -634740900
107163074 326650080
-684767034 1619474352
330260516 -137849898
-1838949928 1181930773
632579086 928421795
1293488959 -1174629402
-1557070179 -1365715719
503939613 -630400072
2118275262 448718078
1354681225 1469538177
401269904 -1805841626
-744750241 1451229025
1216062454 1773059342
-495167205 1751525510
-1290341637 -1974390697
1481382528 908641069
2051993121 533973551
-238170118 -1330512882
1425404379 -52200705
-1009662781 53490128
-696272225 2879212
-1744250917 597368791
-1690031911 1017860698
764093246 -707199770
1721427021 -1174244212
-1847481456 1896710208
-1797483404 -242346942
2125740720 -671739289
196130694 488953250
-931725193 -836038077
-1763204138 725666513
-1736768921 -855247723
1354752994 -475133961
-1482428443 -962245892
650563568 -453976448
570323356 1952403683
-467261609 1790354521
-352437285 1964484730
1601011836 -101544125
-2146443679 -40296774
-562344559 1255324621
232064466 -680911280
298711167 1307216439
1067716694 -995069159
1535201824 -1805175237
-1955183479 1902647365
-208810145 -1357509703
-870144636 -669663507
-1362922451 796246780
-249768782 -1184913531
-728658219 317221849
-1162929466 1565624391
1941726034 248627714
86715468 -1583545259
964248119 -786547776
572546195 1284234487
1604831950 1190527231
1427186116 -243764434
-447300885 1191514580
520006778 -149696916
1694749556 -808123336
1175378401 -827433675
-716025040 -1646399338
1751785780 -183292287
-1214958378 -664108153
1604684196 584042288
969755567 -740237504
-1566462354 -1594241401
-646534209 1611488785
-1228961466 -1730481565
-980071105 263411585
-337193169 -953289553
1914132453 655208639
1741389091 -352048032
-231241777 2088967061
1596571721 -1001697134
2064925899 84727547
1266741665 -1772636230
-1523094316 789900207
1707585918 -1398515026
489186442 1347069998
-166365125 -462903160
-1241939223 421703119
-1600540385 -1640763402
18260066 1703979357
224198619 1683849675
937200216 -2049558218
175356909 2053166049
1954439098 -967784098
1901947956 314136865
2099045190 1882014151
-1559066968 -1017558536
-1065085664 383873555
1815972279 2019212136
-788619818 443693802
-762627357 185648361
-1256727409 -139016243
-1896866985 1687923568
-1525342349 -1424948364
-209159340 2127856938
-1151374790 1404829252
-1601300568 -1916874727
-753572379 884869157
-1362547521 -1363992832
-466457492 1860280408
-999240573 2028555019
1029520355 -1307645914
-1837057954 2070725341
1858259022 760514576
-1772562783 -1099481873
-1897422218 -1977565144
1435544418 926614968
489945901 -2022946011
269178102 154758305
2102988924 -1721044616
-661369352 5230651
1983789961 1582601529
1428766193 1624762646
2141456129 -1584234556
-2059839846 -572028061
595860050 887633592
-89020397 -1750828983
-1667959756 -841412422
-379829342 -1759547011
2089264975 430697491
-1787269949 -1945809333
64504001 -1247718356
1962478967 -907235869
-1825138783 1746833952
-1104539235 -116703687
180408440 -2120375802
-1094603028 -927012817
-2072133662 -2000972557
1195890205 -595142474
1256998949 1422468803
1356577837 106973836
-235828723 2085605587
-2137366689 2100123800
2056653436 2133835739
-674994015 -2068420036
-264985663 730934570
-1482837668 688803176
-20484156 1845546868
-1489432275 88676749
1089178106 -310217790
2025281317 -2073302466
-2107390315 685571645
458519916 774040295
131974323 1180974868
76766547 -431150795
-1102816819 -1615123672
-839828875 1881207097
-1409068495 1886061376
-1145567198 -1220625654
704737795 -633592535
-1478426805 609216943
1464039401 1502131387
-1966144506 470870300
-2083186437 1461659005
-1881700124 -1160293842
323815214 -1196076355
198201363 -2072991578
-464565933 -1601101397
1080701015 -1272887174
-47828071 127811104
-611600765 1590511461
-1566024855 1564124083
1356277274 -1455271321
1064704103 -188389951
-1593834726 -333448674
789749586 2070175798
-1971165732 1112741720
-1784320439 826234087
-1491586733 -299436174
-1766087339 -542606051
959256151 -1336105610
1174936964 1483436184
-509688713 36041157
1877599967 -1438551472
1615987662 -577095331
1718002270 924384531
-274039491 1618118502
958546395 -1711784917
-1498819538 -2011597768
-1793332126 -122995585
-225042668 50085054
-1301907072 1557956191
640607693 -2101957337
-1242628158 -1337474068
-1870830729 8014251
1104172443 -1660949910
1023798024 1350129210
-729490364 108956428
-1244553819 1926876596
71414666 -2080157197
759371555 -743606742
1112979968 -1901591537
-1069645539 -136029035
480757397 -1881916524
-255133507 -1658123077
1839468841 -1825738055
-1555656103 698792892
-990117719 -1537637634
-1105798651 -382040395
115762717 -1499936551
100467194 -1372917220
-1808375580 -195219488
-558336571 -9867528
-1193883100 -675494558
992834418 1642297870
-1222326696 -43688569
1525516343 2013109211
-2026015048 1450385305
-162336064 1543797412
165915473 1815059311
-1759376123 1163885195
322259957 349267816
-108528571 -1895054828
-1951543961 -191437034
-94780095 -1957688528
248402421 -1955363382
-908654505 -1253601028
412297528 1333449910
1537908107 -1448763334
-1610017499 -1473140521
606012186 1748350320
-438136306 -1763097730
831587713 -74832997
-1183555490 746935951
-356692401 -427965634
-227407090 286851603
-961399755 -1247468280
-228803883 -868350146
2072280790 829170160
-2002751176 1809852761
-1560036744 1124317558
-721776012 1155184295
-1371325706 905766574
-1048503859 509833016
2082908078 1507517222
-1006608849 -35898023
575906153 663199411
-1126809836 -1516409101
-1487989446 -123655817
-1053512259 1885251507
1904665442 1697090722
175699517 1166811730
1487826025 -563662610
607987870 1918938897
724007387 -327637779
1238061172 -68198272
-437164968 139224548
-1434847526 -1257229474
-1584099007 -1893013673
1392693875 -1332183071
-1471591878 -804528597
-521584046 1296628364
-1285690357 949065647
463961210 -629726505
-437533964 699729484
1509968924 -120266548
-444456479 -1008136
-1650740131 -11389203
-101881355 739757791
1702141071 -57890664
538281434 -1631818855
-1548064315 8457260
-270609565 -2074601687
1387127368 -126833865
-974195774 1043443198
-545018749 328283871
463628341 -889060839
1807181606 -1611658004
-1726869188 -700300560
-1374356867 -207646184
2130334690 -714201122
-602248632 -1048703778
-1904453706 499119100
-963341704 -971147822
1139864576 87085242
-1726265146 -967802263
1061720197 2046114906
1725973038 -1208301329
759885510 996651734
-254522552 444147363
-37406659 1523707010
1272006383 1550723825
-2138792840 -1519377642
867724902 1463034759
258315397 -2070561734
-1549859983 1329609567
-1485097782 -820224396
1297017414 532060030
-1774821531 1406807255
1317922308 -339586052
1589587990 1433227780
-1873704270 1860517865
2073072302 -1775496005
1204878422 -1391626460
-1284849164 -1960063399
805847821 293202474
-1253103971 -31865754
-1661245547 1312036905
-18530102 1024256448
878014126 -1158066756
-1802556213 485094206
1640772906 -69297539
2026449542 958741928
-1336696448 1014319857
1677435904 -2126083677
-19738666 -271145226
2122498514 -1898321056
-1234709012 -1359443002
-322359636 1462309077
1185093577 -1295685789
2025355778 -710597995
1028395048 -1289928186
-354219623 -1479435899
-122411362 167574303
636166496 -2063065999
-802608662 472428630
-1274587312 1739170187
-466254023 -1033719559
458286598 1929366835
1499211351 2052922121
-1639404353 -95031158
-1697276460 -386041676
1892418716 1645295226
1310642627 -1129352577
-904688177 1949839985
1846411122 157329195
1413249437 -1861418202
114801007 144781759
355340057 436755718
1057018598 -989193379
-1249335785 -945718082
-632123228 20524672
1772320615 -885879770
-1582893852 1604515692
-390775814 -1503796741
1539687128 -4931467
1208924675 1726321671
-1837413301 544661456
-377103443 932036752
-1457942237 -827106518
1759374334 -1123135601
-662992633 1988113402
432201600 1513937807
-2021604430 -2013401221
-255515500 1448797941
193339011 649767633
-2125426998 2101887757
1846857516 -139623735
463269038 1358321479
-39734690 -90079103
-629415855 -1766252840
-1415668676 264851510
606331042 -810040912
887292681 -2067224043
-1665687209 -1763759206
-549810172 -1263633645
91170860 -1395955265
882655124 -199092606
-374103060 1967827073
-45442699 599715073
-642185403 -1687968960
-729909816 -1149822556
-1432591098 2043409525
1667966502 129356120
57662744 -688839019
-2065071846 77486741
-1762906411 -276293067
1152415858 516695354
864357576 -1813817663
1123373276 -692773127
163494566 -1606501188
-768904034 532333755
1657437774 -554790275
-1787051483 699060849
-1483046685 -163112128
-2093965126 210302386
1758299265 -412888744
940693792 40850819
-1312987280 1213040728
-876795353 1801290203
1092238377 -61163533
45569003 1041543452
1495200946 796377826
909606787 1505958733
177362963 -1823866247
-487834025 -522646424
1024534954 -1043101441
1309563689 -47320019
1585485620 1981554554
49892555 622026958
-192242085 -1794448477
-2129853975 1447299131
-445334065 1976793323
-20349835 -944827491
366051197 488648357
-1706709855 -992798977
-328974679 2081376523
-2127617750 591639953
-1205231179 148462029
1709757 -308218398
51864483 1645283642
-1183291472 422860841
84625685 -27674546
795146824 -1784163041
743740680 -328359360
1455410997 2010204104
1534764695 -985040031
-1274011981 1377031217
804302443 -894733296
-1108569178 -734236529
-2041938188 219922457
1407919770 -413097700
-1358341303 1201069114
985719420 468083664
-1310532455 -1726055132
2079574264 -1208074170
-1795686517 -827252802
2073270944 -687363819
-309982639 1693721153
-1515899907 1004801760
-971302222 -1396445993
-1894530344 -2119588478
-973965756 175156432
-1967987936 -1899851344
1815162036 695520274
628499702 -1613600462
-225195827 -2092330481
1074869950 -730382004
29595753 -156151610
902277889 -1506838304
-1975792854 -1021096825
1506435360 920852510
657255730 1929867519
-1329603470 1749355935
-392813132 -1515518744
-676274398 -607805285
-1580636070 1650597125
-2123919860 -1646570237
-1817822437 -1753217469
2028759565 1055100324
905726452 498444492
-1836907293 -523660237
977259760 1220459317
2453639 1135794211
56146893 2126581683
-2067759129 1567846487
2082643472 1941085096
-924333339 -937748636
55485254 -436660348
1133972842 115646297
493208825 1062825791
-280376003 -1578132099
782882850 -958800369
-1215219564 152772723
-570583441 950669862
-1605423940 -574668957
776076857 -2102082102
-836668161 1401606708
-185016679 -185291251
1489821088 -401726155
-377563003 257665077
611710172 -1468575854
644076062 198089817
2098764700 224862347
-233912905 -715501090
-275132494 622150048
570656454 -958289757
1710990586 1518209821
-1970089523 1867526150
-52890470 601679177
31153537 1487925052
1331265135 -504868514
1359277201 -11957087
-863720109 288891509
310279218 217089223
1879933044 -1278776575
-829149409 -796221188
1655567354 896258152
-993730958 2015726325
1505407178 -757832381
-246245849 -1445148824
1802348791 489484644
-1326620742 -1117425242
-1612454419 1685872458
1008875851 -2040753642
807616678 -1054573933
-1364560748 -1159457988
-749045815 -904295190
682017110 1017651878
-575102199 1249761325
1935144117 1123823751
-1702723862 -1548364902
-1771720677 -1682399585
-2025784723 810435273
280233713 -313201865
-290143990 -1753365613
1991628463 1731449955
-1288825491 -465281926
1031028449 -991852386
-1703535528 -1110608106
527299162 814528393
1459750385 -1724944750
503572594 -520312712
-807397759 -1161756629
413764736 1410595808
89335202 -1539065368
761355049 530596690
-39838835 -1874691653
-668815040 1840927744
-72886744 72990049
1626239223 -1897779462
-146208725 1568520291
-1861173772 223058763
-1859239498 2015237269
-1756000628 -768002311
1387658269 -1695061912
-385006827 2119673285
1400344873 -638285594
-1379953221 -1351918989
1561958490 934930968
281111834 -2124932678
-1881272867 1394741911
868477708 -1771785782
-1318736779 1145467057
529201108 -997488756
1854156400 884356882
-1420195900 452594621
-2084960878 281979418
1796078801 -388213263
-660422847 534563073
590654067 1990937884
2147466834 957676794
-1603421439 341327233
734688144 -1540404150
-46170522 1642763334
-1304329062 390612654
-204548224 1523205298
904711549 15924419
208392286 -2093502433
1412246127 -755069092
-267080143 1700311262
-879478274 -1899309509
1353064802 597313071
-1518175441 -462495607
421241744 1504987119
-1268302691 918346542
1651709982 -1576510073
-1679080670 2137979830
853926366 1276760188
-887982965 -1593977894
-930985373 -63345371
-462087705 1766735640
-887324590 650811576
-654207786 -1105342908
1609132517 716669728
1813563640 971881551
-76309440 1698362259
1360252314 2015937198
1841194351 916590936
1031430989 981022096
-857532632 297053446
214716646 -1397990845
-353246256 435994478
1046664541 717780524
-1127582902 -772891835
-1807916806 2073495958
-1648598276 789710685
-603276515 -886433586
-1268263817 2095909617
-1431611909 1914183330
2125309424 89745348
20739562 1747210206
1941667062 -1574130919
1654115121 -922017137
-410121320 -1843102531
140699799 1093210001
-30394182 1647348031
921097121 1482304201
567817413 -1028849678
-463736959 904254863
1663053531 870660715
1294781865 1908757722
-1951557036 -1387941454
559337803 -755353451
685017787 2133105578
477337875 474190501
-1900890749 999155441
-453412471 13432902
2072620353 1236620348
1612614501 1183557826
-108458150 -1214123656
-1436981358 1889319329
1228040441 141964577
92411981 1681232088
-1753439522 -1609524087
870560301 172882647
1018892833 710705931
2102951854 276500091
-1732854438 -1384424375
-1535611258 -1980343964
354148691 -1021932611
1000910631 -1231617292
-1914427728 -1527507225
-1994758028 -164497450
-1525617167 1787192432
-1806459143 -1904148350
-2136329005 -965600442
-667727413 1029936014
-639231587 -1292178533
-313528794 -207998474
-327938686 -999334680
2128596240 1710801507
472385459 -1464222340
-879795008 -120845743
-852795172 1805527211
-242218486 1202866372
-436804568 -11631882
-1582453847 2136470718
642504883 -220005552
-1451330727 -1104138483
1691600499 1152758585
-1857709539 -2012212786
-309547068 303806072
-1993194092 1169623499
-688639344 1358238768
-97438879 -1381671442
-1044213352 -606953162
-583694115 -1641125293
-444335441 -1925379289
920111260 680316673
289517249 -528944022
462221576 739925249
584225179 -533349744
-619251532 -139751541
112890498 -404518098
-908791744 -574719858
1078298040 1047975023
-1731756569 1831171214
-1890221550 447301048
991474539 -343639946
637155834 -1006194934
1675674681 1318526864
259685405 2021068562
374414069 1301659689
543916799 -2084389515
-2000556612 -1101387957
1830538057 257047653
-1439816475 -1894693609
-1257220394 -1362435086
795319561 556241191
869586431 217237282
1252164112 -1539173899
434441175 -1380990822
-1479370537 384380264
-2102784962 -834764858
1417558087 -284953091
2072678926 82634854
-31692521 39350629
-420543886 1516721422
-349913811 1721927205
1422306143 -695915642
289236925 -1176187261
392611451 1312418673
-1574422420 -1776516875
2096093755 -332181107
-1766539950 729904879
-685608676 1214455778
-1858793248 738433501
468195335 1191421684
769261313 881804021
390548420 569769258
1855436131 -54092599
-194891773 1181155207
-1713777259 -1438969976
-1234163053 -1972300603
32032242 1812198165
-620527823 1019392970
-1610797352 315809919
-1046620404 -1869657973
1668356110 -44537743
1342381972 657265932
1741363032 520337535
1419453490 127827567
-905210822 312511245
1225284584 -451706772
541929875 -1357643753
1608916124 1780786913
-1894780229 -1347736678
-241013499 -1435244255
-1212586376 1684241999
-1102568358 2132169701
1051918221 -978165818
2134270873 -514996179
2088865897 1558631776
-1875252207 -81935030
-1980582465 1636302708
266869704 -635745581
2093142738 1224606086
237914343 507131550
-395443556 1721639450
-728153661 -1000054234
92506982 -2126309153
1774082498 1831909149
-477869590 166970398
-1207823608 1594453323
-1849455264 2088069932
1196692878 1551266280
-601878114 -540411349
833028216 -79754588
-41154318 1299731159
1883861157 -1648459589
1727258023 -2057526718
-1646088736 1078093079
940362088 -755952315
-260087969 -137513960
-436694268 201385537
-1821780610 -1932725783
-676614903 1204087798
1640303911 1035468141
720594314 25735081
-136307144 -1121315195
2026328356 1056672215
1185746169 352924742
1263021465 -838350594
-1664977328 -1867413917
-281058215 -1258660150
-1087528830 319926585
9645230 920885355
1038922664 1796913248
190793174 1711904284
900792828 491277931
-1041968041 1719710919
-584797724 -1570885138
513526627 1838786142
-379812112 -1375968829
-114189488 1472139631
-1314058823 -2011748274
-828966981 280914516
-1431976056 1910567965
1145323894 -2108284684
-509545149 -1826128629
-1150476228 -445246974
-905285093 -514562443
-726029782 1523192767
-1152937368 1947565240
1209305520 1420253260
-1341975007 -919132999
190620972 -370531890
1602538606 724813217
-1856562405 -1697906264
-1853844495 673544012
2115040999 2967805
-1763393246 -851373867
-905380257 -2136172888
-236469068 1798528085
-523695744 -33887792
-518206767 -992454425
1096380838 911511374
2003591735 1160969913
221308850 -498267655
-2056761746 1816733543
1056394777 -648446433
795813681 2070463055
912456604 1485103497
-1649915196 -607379866
1102076331 1776839104
496405622 -1693512513
-638707013 -630030450
-2135797929 -2006313595
-1056654441 -103305660
-2001166717 -792278113
-1397972238 717064726
449706981 1913976948
-1004883 367745774
-336811654 2116625330
398732425 -650718830
-1268841848 -1341942229
616821812 -457138869
1959440071 790138580
300267583 2014252931
1602434537 -1467453762
1694665546 -1764297120
-1843863442 -1220501873
-397866518 -244222897
952503464 -393880702
1935447967 -1180423579
-673418082 -126414830
-273831167 1808868005
-1210276922 729845963
2111185244 1360731597
-1180295414 1492296991
1321335223 -1891424796
1148499028 1416830574
-976818300 300351886
1044077273 -567671764
-729420069 -861932077
-109244495 -1840246340
333820328 707802537
-150432467 681355874
1453325921 -1268527194
-978388565 158433864
-50320375 437497324
1912176579 1450204694
-258363414 556331133
66721206 -1711184063
93808860 -95621800
-1838132954 -423256389
859217964 -681869791
-439815911 -1106626796
-1846569972 1534379054
-862694352 279150690
-1636323778 -1631858082
-1302654126 -1491190448
-2110814997 1193910889
1801498627 -1453886332
-502419056 -801136194
32735570 1276077849
1016158529 -780511811
767322124 1068925493
1957109413 2052351672
1285395478 829645233
1373187779 79656367
1431030735 -2143621088
1477474195 1080364531
-613296290 1832157984
1225981463 -1298856886
1716269546 732978213
2042360871 -1967349955
-1478215079 746055655
1827779594 -1547668205
975429408 1192535458
1213220122 1504883398
-716372010 266933797
-264378967 1398775197
-327545115 874264485
-1449431433 490546293
-1355666445 -470791035
1964022795 -957302643
1543502370 2124960073
622868487 839444642
1461182115 990324293
1604316244 244687768
-28662819 -645460649
-1404478345 1475493802
-1710307412 -1664146603
154139720 1872296443
1793632849 -2123549268
1750330556 -1086621927
1816064964 -362886069
-3156927 -611783379
-1748489277 -1686787964
614903073 1686940961
341468291 -396877536
-536935255 -343111042
1198561686 -2023097952
-734868204 757818322
-1955033848 208826931
1769433673 -659471985
-914372076 -224999834
-778456946 -901674254
1496770907 -1135090398
299691521 -1321028627
1326826174 -1100505216
1660380661 1546116716
-395670827 -788510653
-820812945 -1903773614
-516478834 -638165138
1582486438 -1968830957
1121740654 874878676
117167104 451150909
1425005776 382919694
-193534180 1508726147
-340220964 2110041100
1792629286 1236771614
799268903 677536072
1607773998 -791311240
-1427854852 -969254050
-1576810719 437013300
-2143299708 628996658
-1595814252 -1018588776
-368110557 1942363198
1216314421 -1390333044
911415630 -1272201266
1570404457 -1577689628
1990252526 -850830133
1098589056 118683158
-442268309 -1367560376
-360918004 636688543
61299819 600249930
-927420793 -1926559609
-1789112381 400737810
557460054 1938597835
-765745297 900731970
1118376778 233491272
-346935179 552180863
-330566902 568200488
284136057 -1927085370
1487054449 -843754664
-808194539 -1788958706
-528390596 -1629818574
-605214972 -1485059785
-1386578421 1733354413
-64276322 2075918005
969946072 -566982718
1750519875 361703703
37699355 1581506891
1114625304 1890033596
-1858303291 -1497403399
-1247054848 -2133774865
214397509 -2064458630
-1174753157 -1980351758
1351179413 -1254442060
-750861147 -2088840271
1533869561 -1231935217
-1213032123 -1367381572
1884581241 -176494323
-294979069 -1765223477
-537509165 -1814237732
98684919 -37169586
-1619024124 -555645464
227506580 -896283572
-185316907 -2096268568
1861456157 501090694
1377921055 1118017516
1612960652 -2126759181
2059518285 614281790
610058901 1299103861
823042888 876745259
1336953162 264706642
-25719434 -1627732684
1572937230 -516397637
-1905723510 -28208224
896753127 1356189044
-1941623804 7347371
163208286 1300433848
-1174527998 232903617
-305439336 1000831669
-1597664643 -1792421909
-1076798175 1391392590
1205751160 393246774
-1659644239 676190460
-972570641 -115022904
-2016952680 1003192248
1232745206 -1495288441
1829492101 1325015351
-587165340 -204161340
1319140829 1415503629
-470686265 889616650
-219990367 1556940269
1816407497 -1588957806
1728924295 1236922930
1869216528 -1892502495
-308671741 -46361051
581001645 -1837722203
35245087 1806658876
-751067001 -475751730
285760260 44923071
460411677 1831867106
463191532 1486845911
-2037613688 -153328097
-664858054 12163991
-1519838863 1843112405
-399875126 1962534065
1038936623 454873896
33221886 1993875677
-1416893843 -162115216
1684776522 381151269
121409403 1275169397
-416933393 -942352625
-509572342 -1245852209
-1471894853 -1611713366
123225554 2024478312
866320253 2094317786
-1224366850 790018290
1068432322 -1569204205
-1810973308 -1366204678
-112505937 1980909779
2075966687 -791736196
-1440855873 1745375080
339328603 -354170305
-1872957071 1388613064
444110060 -1732384500
-1026266471 -597021844
-116421761 -2104432879
1353442686 1170591949
-37306824 2044820149
744765557 2004055816
171549460 1801263419
-339967056 -373664303
-1822175115 -1456994086
-1400592762 -1904835967
981689581 -1102162468
-1122227159 1753253420
2105919123 -1151034142
-981968872 -776377381
-1543644454 -1493293791
1116228867 92736144
2048420730 1106872171
-660639036 -1906205418
1681183724 1320569121
1539764112 -1724986827
802911670 -556403428
-94277039 1559904859
-1032739239 -983500224
1284060480 -1383887545
-1182868651 1055729703
-983990675 1332456457
-106350770 312535692
1012218006 -2038809190
-518796092 -969418422
-588837666 -219827882
262076727 1149059184
-2124897465 1781861980
1979864274 2129186616
-1685000120 -631568403
225755767 422531443
-901922029 -1716190673
-1363583689 1620824119
-1914509125 -163639110
905301155 842463205
807827168 -1506037629
-1558620371 1268422157
-1680401362 1925352343
-1210209915 875575995
1762468021 -1964990675
-196105755 352408182
647680648 213267641
442016273 1982057016
-701521048 1585919645
487402431 -2036614914
231620517 -1218258326
-1512567376 -1045019793
1715679739 -1892729431
-1882187104 -98817765
869853678 -257643550
-1999556372 228286019
1023479035 1857288947
-430246503 -95924006
-1707744927 1421108193
-1470928461 -989145127
-1012017499 -1511228811
-446095364 -2056905714
337924969 894442503
490978199 2107874289
-1723655041 1178286943
2106837110 -574150978
-1922012645 -787246645
-494223398 1620482276
1451011015 986056602
-1147840678 -20549444
1615479748 1315678464
1810888362 1762291636
-1651479634 -936151568
-1291734407 -801147167
-427725506 1621507336
1336884018 -986507373
672860616 -1052688569
-724692600 -563572913
895971715 -499828091
-1078463628 -1971012944
-1818413439 -79260371
-2063981753 1846230335
-542504920 -1897881779
-3357799 1829270295
-2062784645 -994309990
-1063593514 739630463
214008423 1328251944
1825021542 318700058
-2143372685 -336823364
1286571379 604638825
-1310186809 964229360
1644055712 1972252959
985019142 133111930
1227355058 1010423215
-840233789 833026001
-912731368 513009335
-1122149164 -533356388
269530675 -441704867
173363413 2036573708
-398808153 -807250769
-1152140198 2051488976
332330139 -678476959
-388595431 -322688152
13659353 1247123261
-1319789274 -255517437
-2002610859 1869639535
-905487286 1230824773
-2119246340 314073775
-1549839625 -729573934
-1586290039 1737627607
1285486471 509967027
-1907987963 813794303
638336281 27130335
-1882016259 280813369
-798947500 -2143450631
1148919212 310566187
-1976072343 -2087223069
-1852537540 672222284
1661649307 1106514770
1138111048 -1658173666
169980858 1086049346
-285199027 -1209116143
1746744244 -1753667253
-1539846342 -1609638462
1778182471 -773660458
-1672751409 -1600753936
-1500952072 -1386269301
1494564146 324151659
-1485863733 -850182133
-953976668 -1884802641
1558200320 602802695
1983583879 7359176
-1242506495 313922188
-54067960 971307335
-147998415 -1628334318
-816525740 -578182139
-568978321 -1472342462
-1486389154 366129918
904669745 -1306484273
187663262 -886506053
-1789687493 -1748380737
396795871 -173181611
-1688719030 104218471
2004185409 475565329
-793111539 -398183956
-643576706 1256798161
974242180 485794077
259641090 -1115922796
-1968132801 -1548086745
322976413 1995476905
324377329 -1084743636
-495834611 305438831
507917969 -1836291925
2005135334 1469539389
1218503134 1941563337
1012165226 936643574
468875695 -105089680
-1051899754 1973421824
1311658734 1738507365
-963131922 334722057
1468823734 -583578298
-169329210 908599119
271836218 1889056542
1168342617 -1148606615
147505530 1253933474
834858070 -2013095995
-1356493319 -1870158145
-1249904457 -71261874
792116898 -494984313
-1195686615 -676721223
1288463062 1998914807
884599537 1813473351
983010048 -1401827295
-577746742 547535246
-550460314 -1807421952
1859244296 205453897
-638685179 -193518917
-781639538 -1175481866
-1673936011 1379770701
517551545 1018781555
1172817325 767615485
136481980 38091257
-52484825 -1755839060
-909519708 -1052845852
483910680 -1651287436
477688889 -1664596773
-2083769504 118217050
995962387 264237036
-1393391761 -1207005222
-864608530 -1021681818
-1580966837 793483748
95503897 -1164183715
1485249883 1784870964
1251522295 250490458
-55123644 206588005
1769111671 478028631
-662057193 973216703
-1754652765 -592904943
514341857 1345016007
-760853690 1884582470
-389068367 -2042417246
353149684 1650042558
-1370724476 630595961
-104789682 -1294636579
45163402 -2134105702
-123353717 -2136359974
-810650266 -1941991991
-1582380511 443458786
932871244 -1459363699
-854244686 -131911995
1424275339 1019906120
-1780030613 -1525184764
-607866885 1945541919
615608099 1792113341
-534293752 -481818893
298734954 1272767086
-1932090988 -1994717395
-1206913305 -277853009
1461461917 -1641498548
-1576340941 295375367
1097072813 1932646725
259744357 -682934167
1191846430 -2021241966
1436123409 -504080870
573741335 -862395487
-1165195693 904140593
1383102723 -1933302906
-277652071 1663578013
709023264 -1332477397
1908184998 -2083138236
-378781926 1951221442
-1042241775 1277574064
-1605454355 -885251393
-1708624200 432928262
-442001869 185240416
-2077275970 -234774358
1122188041 -1411807090
813031941 1522203916
-48556169 1356921636
-1897316157 -1254731751
908437808 -456206811
-76344603 -2021496654
1010720790 1233989079
-1179574963 913866241
1174097599 -2043840099
1072129661 -622010619
885551377 -207517197
-647914821 610114602
-1994329717 -825983923
867101884 -2039126151
-1123054631 1010630364
818078535 1922557006
2044555373 -530994318
2035942069 -1857112297
534805000 936631081
1289599715 1926203899
899271533 -2136309203
-1645541875 -22475542
1302120991 -1770171940
-1858383457 -1815341804
-2031064325 375528263
-225418526 2066283572
-1744425307 -1601472577
-1134071000 522843608
2142617250 950331455
-1312629820 486517249
888560076 -26848096
-522817338 2071399467
1076338944 596117904
996054717 -111265435
353360113 1830110014
-535540 -1357359026
1643313096 -156150784
-1731425443 -718478922
-1589274656 -2124542490
106635580 -8570141
-1874003462 1775899448
1492897338 1497461245
-1689146889 1315379955
105515714 -564939362
-204919076 883698292
-1475750272 1573772195
-1926187472 -14189719
1813340733 815400108
1450081201 -1877226393
-2063320009 -1940714964
756691290 631626249
-1062731283 -24478884
363158208 1903589204
-554382328 144325912
1191554664 -480071043
-419119071 1545317319
-645137082 -1208690702
-1020522 999622324
-1145079356 478384504
-745677100 1042826547
-1006375520 71252100
1936775314 -474375848
155503297 -1792996009
1760946857 -1041896934
1112714694 -505537413
-1408371192 651010184
-1332292858 415088522
975552600 2010907158
1428844140 -787695498
1799703879 624710851
-1563480225 1954970212
-134023513 -174471339
1430792432 -1105794050
-738600332 -260261396
-609254538 349565964
