0 0
0 0
0 0
0 0
0 0
0 0
0 0
0 0
0 0
0 0
0 0
0 0
0 0
0 0
0 0
0 0
0 0
0 0
0 0
0 0
0 0
0 0
-240531735 3629867
-178699023 -563047388
0 0
0 0
0 0
0 0
0 0
0 0
0 0
656231208 156312643
0 0
0 0
0 0
0 0
0 0
0 0
0 0
0 0
0 0
0 0
0 0
0 0
0 0
0 0
0 0
0 0
-617187335 -445599068
92487312 -331992699
0 0
0 0
0 0
0 0
0 0
0 0
0 0
632174705 -370223452
-252543529 90814361
0 0
0 0
0 0
0 0
0 0
250076503 66401255
0 0
0 0
0 0
0 0
0 0
0 0
0 0
0 0
0 0
0 0
0 0
0 0
0 0
0 0
0 0
0 0
0 0
0 0
0 0
0 0
0 0
0 0
0 0
0 0
0 0
0 0
0 0
0 0
0 0
0 0
0 0
-11777990 -97878022
0 0
0 0
0 0
0 0
0 0
0 0
0 0
0 0
0 0
0 0
0 0
0 0
0 0
0 0
0 0
0 0
0 0
0 0
0 0
1359401235 37422901
0 0
0 0
0 0
0 0
0 0
0 0
0 0
0 0
0 0
1370522627 1812214
0 0
0 0
0 0
0 0
0 0
0 0
0 0
0 0
201107740 -80454790
0 0
0 0
0 0
0 0
0 0
0 0
0 0
0 0
0 0
0 0
0 0
0 0
0 0
133506416 -248813225
0 0
0 0
-1122096005 250216202
0 0
0 0
0 0
0 0
-71549293 1063550082
0 0
0 0
0 0
0 0
0 0
0 0
-179681900 -252311783
0 0
0 0
0 0
0 0
-275180246 -363229647
437712044 -198529295
0 0
0 0
0 0
-686114408 291196066
0 0
0 0
0 0
0 0
0 0
0 0
483022504 858630747
0 0
0 0
0 0
0 0
0 0
0 0
0 0
0 0
0 0
306887471 112982583
0 0
0 0
0 0
0 0
0 0
541937720 -453432836
0 0
0 0
0 0
237160838 188597928
0 0
0 0
0 0
0 0
0 0
0 0
0 0
0 0
0 0
0 0
0 0
0 0
0 0
0 0
0 0
0 0
0 0
0 0
0 0
0 0
0 0
0 0
0 0
1305661934 102303139
758420239 487864024
0 0
0 0
0 0
-1177524971 -229600001
0 0
0 0
0 0
0 0
0 0
0 0
0 0
0 0
0 0
-582480387 -471788330
1098755297 317061604
0 0
0 0
194835662 -338840530
0 0
1039317083 -96781712
-257267491 -82357236
0 0
0 0
0 0
0 0
-428117048 -170186882
0 0
672378189 439960565
0 0
0 0
0 0
0 0
0 0
0 0
0 0
0 0
0 0
0 0
-344098442 539104005
0 0
0 0
0 0
0 0
0 0
-521662697 -304876925
0 0
0 0
0 0
0 0
0 0
0 0
0 0
0 0
0 0
0 0
0 0
0 0
0 0
0 0
0 0
0 0
0 0
0 0
0 0
0 0
-342305633 -65153623
0 0
0 0
0 0
0 0
0 0
0 0
-26445621 467721259
-909853908 137391198
0 0
0 0
0 0
0 0
902723619 548335907
0 0
0 0
484572972 133679260
0 0
50433899 254640929
0 0
0 0
414655808 155761510
465760868 320170022
505158428 53802261
-278531423 29108054
0 0
0 0
0 0
0 0
753566365 135168126
0 0
0 0
0 0
0 0
0 0
0 0
0 0
0 0
0 0
0 0
0 0
0 0
0 0
0 0
0 0
0 0
0 0
0 0
0 0
0 0
85194343 739011413
0 0
-367376237 -300308959
-661182431 -20817285
-1286411625 106934932
0 0
0 0
0 0
0 0
0 0
0 0
0 0
884157797 149241276
0 0
0 0
0 0
0 0
0 0
-178050049 -514338370
0 0
0 0
349774413 -316791574
0 0
0 0
352850096 566209820
244080782 365395019
-538765477 596182209
0 0
0 0
-902123669 201113162
0 0
0 0
0 0
0 0
24986387 -835685181
0 0
0 0
504305490 309488566
0 0
0 0
0 0
0 0
0 0
0 0
-79227730 -11801572
0 0
0 0
0 0
0 0
0 0
0 0
0 0
0 0
0 0
0 0
-526415238 -525078066
0 0
282046250 -998125672
0 0
0 0
0 0
-746885760 117113193
845923095 225209274
-425552902 -42601312
-147765625 -631226979
-151883771 551463898
-412799074 -620063293
0 0
223839293 -470410536
0 0
0 0
0 0
0 0
0 0
-264688068 378645521
0 0
0 0
-284464156 548467678
0 0
0 0
-1030556626 296370590
0 0
0 0
1111219442 170123749
-197492546 12869065
0 0
0 0
0 0
129870323 19098653
-677969109 -147181497
0 0
0 0
0 0
0 0
0 0
0 0
0 0
0 0
0 0
0 0
-419511862 -814532670
0 0
0 0
0 0
0 0
0 0
0 0
0 0
-248522833 -307442330
0 0
-262906055 529708008
-54847988 524442082
-493359605 100180508
0 0
0 0
0 0
0 0
0 0
0 0
-982079957 120986380
0 0
0 0
0 0
0 0
0 0
0 0
-940644099 -519979786
0 0
0 0
0 0
0 0
0 0
0 0
0 0
0 0
0 0
0 0
0 0
311694870 -286519099
-594335772 -273795355
0 0
0 0
0 0
0 0
0 0
0 0
0 0
0 0
0 0
0 0
0 0
0 0
0 0
0 0
0 0
0 0
0 0
0 0
-332215910 438092125
0 0
0 0
0 0
0 0
0 0
0 0
856016008 -417856415
0 0
0 0
1093545135 -189717901
-530310478 144809307
-781311584 -165307741
-620745431 -412174576
0 0
0 0
0 0
0 0
0 0
0 0
0 0
0 0
0 0
0 0
-705379045 -114693712
0 0
810532353 -59855597
0 0
0 0
0 0
0 0
0 0
0 0
0 0
0 0
0 0
0 0
0 0
0 0
0 0
-185155526 335031534
0 0
0 0
-974766983 -195878914
43245594 275769212
0 0
-1273664631 245531704
0 0
0 0
-513043460 -176713837
607172058 64112913
0 0
0 0
0 0
0 0
0 0
-548423165 252314619
0 0
0 0
0 0
0 0
0 0
0 0
0 0
0 0
0 0
0 0
0 0
-540342520 1041687079
0 0
0 0
0 0
-1210543897 -26484067
35406641 -433240887
0 0
0 0
0 0
0 0
0 0
0 0
-1501385686 -55617885
-709122353 289823807
0 0
0 0
0 0
0 0
0 0
0 0
0 0
0 0
0 0
0 0
0 0
0 0
-83468999 881106223
0 0
-386031333 -265200151
-277795987 -54262751
188848890 -666979329
0 0
0 0
0 0
0 0
0 0
102554117 -700821031
0 0
0 0
0 0
-408408418 1043889986
-515510558 704934485
-503821687 -564387467
-164478978 815290768
0 0
0 0
0 0
0 0
0 0
-263468820 -582614412
-336541506 915035071
1075774402 -79574354
-337112547 -879426561
0 0
90662710 487717837
0 0
0 0
0 0
0 0
0 0
0 0
0 0
0 0
0 0
0 0
0 0
0 0
-63491304 -504487983
0 0
74335015 -917858269
0 0
0 0
0 0
0 0
0 0
0 0
0 0
0 0
0 0
0 0
0 0
200255993 -603586164
0 0
0 0
0 0
0 0
1393751564 406073439
0 0
-344531071 79918110
565869705 347301398
0 0
0 0
0 0
0 0
0 0
0 0
0 0
0 0
-148753237 -464058219
905707393 -218093849
0 0
0 0
0 0
0 0
-187299342 438913412
0 0
359779401 -269077061
0 0
-268578368 523034772
-229223579 -724483983
0 0
0 0
-154897938 -633678043
0 0
308061233 793867587
40659763 238037677
0 0
0 0
0 0
0 0
441080199 252398007
0 0
1301472525 -3722878
0 0
0 0
0 0
0 0
0 0
0 0
0 0
0 0
0 0
0 0
0 0
0 0
493336672 577912105
0 0
304985584 -403874730
0 0
0 0
-257051037 -59202058
1033606019 244898844
725477574 379843216
0 0
0 0
0 0
0 0
0 0
0 0
0 0
0 0
289388142 -370873046
-970658136 -587637672
-59607111 65533856
-658315674 -140894786
0 0
0 0
0 0
0 0
0 0
0 0
0 0
0 0
0 0
0 0
-571145535 -33257445
-51479759 186135260
-556475286 471233781
0 0
877093681 91337255
0 0
0 0
0 0
561033904 341552900
680645160 -291322982
0 0
0 0
0 0
339597180 -238982625
333160609 -200942348
0 0
0 0
0 0
0 0
-335581001 74629767
0 0
0 0
0 0
0 0
0 0
0 0
0 0
0 0
0 0
0 0
0 0
0 0
0 0
0 0
0 0
0 0
0 0
0 0
0 0
1053776082 377749921
0 0
0 0
0 0
0 0
0 0
0 0
0 0
0 0
0 0
0 0
0 0
0 0
0 0
0 0
0 0
0 0
0 0
0 0
0 0
0 0
0 0
0 0
0 0
0 0
0 0
0 0
-580673547 92678835
26901784 -107652396
0 0
612484781 426583072
0 0
0 0
0 0
-85680698 -317324541
0 0
0 0
-482384586 247839735
0 0
280131310 462971599
0 0
42783092 -168461272
0 0
0 0
0 0
0 0
-75196906 -372824120
0 0
0 0
0 0
0 0
787871043 -633813466
0 0
0 0
0 0
0 0
0 0
0 0
0 0
0 0
0 0
0 0
196834434 98405935
0 0
0 0
0 0
0 0
0 0
0 0
0 0
0 0
0 0
251982056 294975254
0 0
0 0
554114284 485479122
603926074 -100124633
0 0
0 0
0 0
0 0
0 0
0 0
0 0
0 0
0 0
0 0
0 0
0 0
0 0
0 0
0 0
0 0
0 0
0 0
0 0
0 0
0 0
0 0
0 0
0 0
0 0
0 0
0 0
0 0
0 0
0 0
0 0
0 0
0 0
0 0
0 0
0 0
0 0
0 0
-248606187 8338644
0 0
0 0
0 0
0 0
0 0
-451245310 484104731
0 0
0 0
0 0
0 0
0 0
0 0
354993837 -127422563
351296045 -261486487
0 0
0 0
0 0
0 0
0 0
0 0
0 0
0 0
0 0
0 0
0 0
0 0
-435982426 -466586143
-510349616 -328555597
0 0
-381532028 -187197739
0 0
0 0
-106339723 -590814550
0 0
0 0
0 0
0 0
19908634 -23494969
0 0
0 0
0 0
0 0
0 0
0 0
0 0
0 0
0 0
0 0
0 0
-219216573 -71391939
0 0
0 0
0 0
0 0
0 0
0 0
0 0
0 0
0 0
-59157179 757175722
0 0
0 0
0 0
-585583311 -531302208
0 0
0 0
0 0
-851204692 -802618339
-360074079 -250602914
-432994670 -144633471
0 0
-510682981 -225920284
-1918245399 -7212994
0 0
0 0
0 0
0 0
0 0
0 0
0 0
0 0
0 0
0 0
0 0
0 0
595136784 -398707001
0 0
0 0
0 0
0 0
0 0
0 0
0 0
-232737943 -506178965
-293005936 219420510
0 0
-1084696919 175820240
0 0
0 0
0 0
116401150 -104767989
-459110180 -481026072
-1131361757 281621441
0 0
0 0
0 0
0 0
704876958 -385083718
0 0
0 0
0 0
0 0
0 0
0 0
1235976285 99041328
0 0
0 0
0 0
0 0
0 0
0 0
-293734273 -246859663
0 0
581842900 -411101036
0 0
0 0
500548336 -112592447
0 0
0 0
0 0
0 0
0 0
0 0
0 0
-549006231 321570927
-604666992 187542525
0 0
0 0
770682189 -190765088
0 0
0 0
0 0
0 0
0 0
0 0
0 0
0 0
0 0
-221159430 461667773
-989616806 448100955
0 0
0 0
0 0
0 0
0 0
0 0
0 0
0 0
0 0
0 0
0 0
0 0
0 0
0 0
0 0
0 0
0 0
-898282906 -64455535
0 0
0 0
0 0
0 0
0 0
0 0
0 0
0 0
0 0
0 0
0 0
0 0
-426639583 -443746256
329613680 -253087220
-70894874 195037439
0 0
0 0
0 0
0 0
0 0
0 0
0 0
0 0
0 0
0 0
0 0
0 0
0 0
0 0
490422338 276600844
-459598035 -237219431
0 0
-576151244 260865386
0 0
0 0
0 0
0 0
0 0
0 0
1125181239 -69623545
0 0
0 0
0 0
-14130378 90745094
0 0
0 0
-602883283 -586022422
0 0
0 0
0 0
-78245061 -59756189
0 0
0 0
0 0
0 0
0 0
-47483552 272545998
426654850 -166533038
647011103 -632530275
0 0
282453690 530983124
0 0
-165113609 507970315
0 0
0 0
0 0
0 0
0 0
0 0
0 0
504620946 927950945
256600770 -319045770
0 0
0 0
0 0
-200550123 -297717841
0 0
0 0
-313781091 517834173
0 0
0 0
0 0
-368295442 -306125660
0 0
0 0
0 0
1435820180 -68384548
67589186 686948012
-135197247 159230749
0 0
0 0
0 0
0 0
0 0
0 0
-1543663086 90395971
0 0
0 0
0 0
344238753 -102943905
-222047334 -213767357
0 0
578203241 81001170
36823748 -81064164
0 0
1325170101 300596340
0 0
0 0
0 0
0 0
0 0
0 0
0 0
0 0
0 0
0 0
0 0
0 0
0 0
0 0
0 0
0 0
0 0
0 0
0 0
0 0
0 0
0 0
0 0
-114073958 -110663291
0 0
0 0
0 0
0 0
0 0
0 0
204735354 -806156269
0 0
0 0
0 0
0 0
-196965355 525973236
0 0
0 0
-1144645914 533245708
0 0
0 0
0 0
0 0
-366590720 -243643471
-472434504 105393708
-975901188 15750048
0 0
534874314 -40630440
0 0
632311213 910780582
0 0
0 0
0 0
0 0
0 0
0 0
0 0
-653883801 546681327
0 0
0 0
487304236 474661153
0 0
0 0
0 0
0 0
-727593704 445874381
0 0
-666665211 -223203024
0 0
299240335 -232069288
0 0
0 0
0 0
0 0
0 0
0 0
0 0
0 0
0 0
0 0
234311087 44311407
0 0
27302217 -541028353
0 0
29811203 -252269583
0 0
0 0
0 0
0 0
0 0
0 0
0 0
0 0
0 0
0 0
0 0
0 0
-451291058 -566257015
-178111977 -414627440
0 0
0 0
0 0
0 0
0 0
0 0
0 0
0 0
0 0
0 0
0 0
0 0
0 0
0 0
0 0
0 0
0 0
0 0
0 0
0 0
0 0
0 0
0 0
0 0
0 0
0 0
0 0
0 0
0 0
0 0
0 0
0 0
-612822732 82525068
0 0
0 0
0 0
0 0
0 0
0 0
0 0
0 0
0 0
0 0
0 0
0 0
0 0
-982688121 -145056926
0 0
-276146280 -315624366
0 0
0 0
0 0
0 0
0 0
0 0
-342544197 -147570737
0 0
0 0
0 0
-631790957 -115961902
0 0
0 0
0 0
0 0
0 0
0 0
0 0
0 0
0 0
0 0
0 0
0 0
1570714245 -497529897
0 0
0 0
0 0
0 0
0 0
0 0
0 0
0 0
263045051 -619286211
0 0
0 0
0 0
0 0
0 0
0 0
0 0
0 0
0 0
0 0
1273059627 -152438362
0 0
0 0
0 0
0 0
593293191 -321240473
0 0
0 0
0 0
0 0
0 0
0 0
0 0
-21831267 375615594
-693429049 790803215
0 0
0 0
0 0
0 0
72090369 634850362
226160511 373878278
0 0
0 0
0 0
0 0
0 0
0 0
0 0
-641856518 -228306627
0 0
-946581286 127342684
0 0
0 0
0 0
-595696413 93529798
298944079 -819616140
-780696121 -127650375
277835935 570797828
-385345625 166996716
-941474881 -6637824
0 0
0 0
0 0
0 0
-103236276 -891757499
0 0
0 0
-360716670 -77821972
0 0
0 0
0 0
0 0
0 0
0 0
617185442 302425491
0 0
-205831466 -396566054
0 0
0 0
0 0
0 0
0 0
261566208 240523084
0 0
0 0
77938943 -384212171
0 0
0 0
0 0
0 0
229750375 577889120
0 0
0 0
-1123329233 -95395653
46882194 -689178618
0 0
0 0
0 0
0 0
0 0
29145884 617829944
416741324 -386090542
0 0
0 0
-727078450 841595153
0 0
-29961554 172061843
0 0
0 0
-120874291 -231259298
0 0
0 0
517752651 271207836
0 0
0 0
0 0
0 0
0 0
0 0
0 0
0 0
0 0
0 0
0 0
0 0
0 0
0 0
0 0
0 0
0 0
0 0
0 0
-788876264 -279232981
-495079214 -90794289
0 0
0 0
0 0
0 0
186271854 227724907
480519785 -18940326
0 0
0 0
0 0
-663047393 -283348931
804085074 23168690
0 0
-993026726 -737866970
-397880346 -709896935
0 0
930057352 207887553
0 0
-794035339 196309661
0 0
0 0
-714891918 -736010415
0 0
0 0
0 0
0 0
0 0
0 0
0 0
0 0
0 0
0 0
-1131017272 699025451
766235158 705123586
0 0
0 0
0 0
0 0
-259245414 326223910
0 0
0 0
0 0
0 0
0 0
0 0
0 0
0 0
-700283886 -18264138
0 0
0 0
0 0
0 0
0 0
0 0
0 0
0 0
0 0
0 0
-483113287 -398432267
0 0
0 0
0 0
357731226 426135960
0 0
14539886 -367459609
0 0
0 0
0 0
0 0
0 0
0 0
0 0
0 0
0 0
0 0
-939972962 422913193
0 0
0 0
0 0
94406090 278206981
0 0
0 0
0 0
0 0
0 0
0 0
0 0
0 0
0 0
-1003584846 379512912
0 0
0 0
-9016116 -440289417
0 0
0 0
0 0
-77427321 109309847
0 0
0 0
-444992937 -62437790
0 0
794356035 -437224372
0 0
0 0
0 0
0 0
0 0
0 0
0 0
0 0
0 0
-377713660 590182506
799341631 272952553
0 0
0 0
0 0
0 0
0 0
0 0
0 0
0 0
0 0
0 0
0 0
868704457 -334955435
-1054146865 140339283
-948040171 -950169704
-712568759 -22244596
0 0
0 0
190498078 514713251
0 0
-506732418 -705225786
0 0
0 0
0 0
0 0
0 0
0 0
0 0
0 0
0 0
0 0
0 0
-1514459546 72836598
0 0
0 0
0 0
0 0
0 0
37842184 -645498126
0 0
-699313996 228078312
0 0
0 0
0 0
0 0
-304404601 -787166602
0 0
0 0
-336419924 -322625021
-337706793 -643530564
0 0
0 0
0 0
33506807 948056067
0 0
0 0
-20752958 -178666557
0 0
0 0
0 0
0 0
16191819 -582583473
0 0
0 0
127580121 -502986430
0 0
0 0
-420282486 -432920666
0 0
0 0
0 0
-1060484372 -108420596
0 0
-94009367 -645313819
-120824958 -646163750
0 0
0 0
0 0
412289104 -220971276
376228713 -388706686
0 0
0 0
0 0
0 0
0 0
0 0
0 0
0 0
0 0
0 0
0 0
0 0
0 0
0 0
0 0
0 0
0 0
0 0
0 0
0 0
0 0
0 0
0 0
0 0
0 0
-323750150 746848841
-1197540998 109441487
48012730 -176304744
0 0
0 0
0 0
0 0
0 0
0 0
0 0
-1721188316 251689366
0 0
0 0
0 0
0 0
-446959666 321234008
0 0
0 0
0 0
0 0
0 0
0 0
-154638786 92141184
0 0
0 0
0 0
0 0
0 0
0 0
0 0
-172905362 231906753
0 0
-461009044 809550913
0 0
1358121517 472649120
0 0
0 0
0 0
0 0
0 0
0 0
0 0
0 0
-801636138 22500876
0 0
0 0
0 0
0 0
0 0
0 0
0 0
0 0
0 0
0 0
0 0
0 0
0 0
0 0
0 0
0 0
0 0
0 0
0 0
0 0
0 0
0 0
0 0
0 0
0 0
0 0
0 0
0 0
0 0
0 0
0 0
-695694807 -173001914
0 0
0 0
0 0
0 0
-63504824 -130562184
-289752509 -158216721
0 0
0 0
1380961143 525407657
972406663 90638201
0 0
0 0
0 0
0 0
0 0
0 0
0 0
0 0
0 0
0 0
0 0
289566732 -197600355
0 0
0 0
-1322433221 -438819885
0 0
0 0
0 0
1210580050 268881355
0 0
0 0
0 0
0 0
0 0
0 0
0 0
0 0
0 0
0 0
0 0
0 0
0 0
0 0
0 0
0 0
0 0
0 0
0 0
0 0
0 0
0 0
-419853902 -298426233
0 0
0 0
56680946 -541727877
-612825585 279795942
-452857111 -256982646
0 0
0 0
0 0
0 0
0 0
0 0
0 0
883650513 461279374
0 0
0 0
0 0
0 0
0 0
0 0
374251045 353867455
0 0
354331151 313014934
-836508282 -145851532
495812346 148054438
0 0
0 0
0 0
0 0
198842813 -464322737
-1189457399 375091903
0 0
0 0
-376061848 591138525
0 0
0 0
0 0
0 0
0 0
0 0
0 0
0 0
0 0
0 0
0 0
0 0
0 0
0 0
0 0
0 0
0 0
0 0
0 0
0 0
0 0
0 0
0 0
0 0
0 0
0 0
-887071285 399331795
0 0
1198745435 81077244
-50823235 -128408860
0 0
0 0
863836304 -273673892
0 0
0 0
0 0
0 0
0 0
739888319 111390944
0 0
0 0
0 0
0 0
0 0
-529434076 -242578707
0 0
0 0
0 0
-182972613 -780625653
357876391 320644310
0 0
0 0
0 0
0 0
0 0
0 0
0 0
0 0
0 0
0 0
0 0
0 0
0 0
0 0
0 0
0 0
0 0
0 0
0 0
0 0
329237090 774778011
0 0
0 0
-812525102 303392899
68052693 124286385
0 0
101346895 759881559
0 0
0 0
0 0
0 0
0 0
61898585 810490727
0 0
0 0
0 0
-302109681 -57062223
-177413362 119338663
0 0
0 0
0 0
0 0
0 0
0 0
0 0
0 0
0 0
0 0
0 0
0 0
0 0
0 0
0 0
0 0
0 0
0 0
0 0
0 0
0 0
0 0
0 0
0 0
0 0
0 0
0 0
0 0
417211633 -767791486
-141014038 623271002
0 0
0 0
0 0
0 0
0 0
0 0
-447677567 -438331374
0 0
0 0
-477879862 -36200721
0 0
0 0
0 0
442301448 128288528
0 0
0 0
0 0
0 0
0 0
0 0
156734671 924453814
896636288 152669442
0 0
0 0
0 0
0 0
0 0
0 0
0 0
0 0
0 0
0 0
0 0
0 0
0 0
0 0
0 0
0 0
0 0
0 0
0 0
0 0
0 0
0 0
991519264 146269065
0 0
0 0
0 0
0 0
0 0
0 0
0 0
0 0
0 0
0 0
705439028 -244725806
0 0
0 0
0 0
0 0
0 0
0 0
0 0
0 0
0 0
0 0
0 0
0 0
0 0
-1188665516 356556667
229440493 -109025823
-1008664594 -21544384
0 0
0 0
0 0
1144276605 -429340465
0 0
-1353172746 340919552
0 0
0 0
0 0
0 0
0 0
0 0
0 0
-611387979 345821029
